(18372275, [2.0, 0.64, 0.0, 0.55, 0.0, 0.89, 0.0, 2.54, 0.0, 0.0], [0.0, 0.52, 0.0, 0.68, 359.97, 359.99, 0.0, 1.0], [0.2, 25.0, 0.0, 0.0])
(18572597, [2.0, 0.64, 0.0, 0.55, 0.0, 0.85, 0.0, 2.5, 0.0, 0.0], [0.0, 0.52, 0.0, 0.68, 359.96, 359.98, 0.0, 1.0], [0.2, 25.0, 0.0, 0.0])
(18672226, [2.0, 0.64, 0.0, 0.55, 0.0, 0.83, 0.0, 2.5, 0.0, 0.0], [0.0, 0.53, 0.0, 0.68, 359.96, 359.98, 0.0, 1.0], [0.2, 25.0, 0.0, 0.0])
(18772417, [2.0, 0.64, 0.0, 0.55, 0.0, 0.83, 0.0, 2.51, 0.0, 0.0], [0.0, 0.52, 0.0, 0.68, 359.96, 359.98, 0.0, 1.0], [0.2, 25.0, 0.0, 0.0])
(18877303, [2.0, 0.64, 0.0, 0.55, 0.0, 0.84, 0.0, 2.53, 0.0, 0.0], [0.0, 0.53, 0.0, 0.67, 359.96, 359.98, 0.0, 1.0], [0.2, 25.0, 0.0, 0.0])
(18977421, [2.0, 0.64, 0.0, 0.55, 0.0, 0.84, 0.0, 2.51, 0.0, 0.0], [0.0, 0.53, 0.0, 0.67, 359.97, 359.98, 0.0, 1.0], [0.2, 25.0, 0.0, 0.0])
(19077542, [2.0, 0.64, 0.0, 0.55, 0.0, 0.87, 0.0, 2.51, 0.0, 0.0], [0.0, 0.53, 0.0, 0.66, 359.97, 359.99, 0.0, 1.0], [0.2, 25.0, 0.0, 0.0])
(19177786, [2.0, 0.64, 0.0, 0.55, 0.0, 0.85, 0.0, 2.51, 0.0, 0.0], [0.0, 0.53, 0.0, 0.66, 359.97, 359.99, 0.0, 1.0], [0.2, 25.0, 0.0, 0.0])
(19277768, [2.0, 0.64, 0.0, 0.55, 0.0, 0.83, 0.0, 2.51, 0.0, 0.0], [0.0, 0.53, 0.0, 0.66, 359.97, 359.99, 0.0, 1.0], [0.2, 25.0, 0.0, 0.0])
(19378003, [2.0, 0.64, 0.0, 0.55, 0.0, 0.85, 0.0, 2.51, 0.0, 0.0], [0.0, 0.53, 0.0, 0.66, 359.97, 359.99, 0.0, 1.0], [0.2, 25.0, 0.0, 0.0])
(19477701, [2.0, 0.64, 0.0, 0.55, 0.0, 0.86, 0.0, 2.52, 0.0, 0.0], [0.0, 0.53, 0.0, 0.66, 359.97, 359.99, 0.0, 1.0], [0.2, 25.0, 0.0, 0.0])
(19578364, [2.0, 0.64, 0.0, 0.55, 0.0, 0.84, 0.0, 2.53, 0.0, 0.0], [0.0, 0.53, 0.0, 0.66, 359.97, 359.99, 0.0, 1.0], [0.2, 25.0, 0.0, 0.0])
(19677730, [2.0, 0.64, 0.0, 0.55, 0.0, 0.84, 0.0, 2.53, 0.0, 0.0], [0.0, 0.53, 0.0, 0.66, 359.97, 359.99, 0.0, 1.0], [0.2, 25.0, 0.0, 0.0])
(19778134, [2.0, 0.64, 0.0, 0.55, 0.0, 0.84, 0.0, 2.53, 0.0, 0.0], [0.0, 0.53, 0.0, 0.66, 359.97, 359.99, 0.0, 1.0], [0.2, 25.0, 0.0, 0.0])
(19878419, [2.0, 0.64, 0.0, 0.55, 0.0, 0.84, 0.0, 2.55, 0.0, 0.0], [0.0, 0.53, 0.0, 0.65, 359.98, 359.99, 0.0, 1.0], [0.2, 25.0, 0.0, 0.0])
(19978041, [2.0, 0.64, 0.0, 0.55, 0.0, 0.84, 0.0, 2.5, 0.0, 0.0], [0.0, 0.53, 0.0, 0.65, 359.98, 359.99, 0.0, 1.0], [0.2, 25.0, 0.0, 0.0])
(20077468, [2.0, 0.64, 0.0, 0.55, 0.0, 0.84, 0.0, 2.54, 0.0, 0.0], [0.0, 0.53, 0.0, 0.65, 359.97, 359.99, 0.0, 1.0], [0.2, 25.0, 0.0, 0.0])
(20178437, [2.0, 0.64, 0.0, 0.55, 0.0, 0.85, 0.0, 2.54, 0.0, 0.0], [0.0, 0.53, 0.0, 0.65, 359.98, 359.99, 0.0, 1.0], [0.2, 25.0, 0.0, 0.0])
(20277472, [2.0, 0.64, 0.0, 0.55, 0.0, 0.85, 0.0, 3.6, 0.0, 0.0], [0.0, 0.53, 0.0, 0.65, 359.98, 0.0, 0.0, 1.0], [0.2, 25.0, 0.0, 0.0])
(20377502, [2.0, 0.64, 0.0, 0.55, 0.0, 3.6, 0.0, 2.52, 0.0, 0.0], [0.0, 0.53, 0.0, 0.65, 359.98, 0.0, 0.0, 1.0], [0.2, 25.0, 0.0, 0.0])
(20477765, [2.0, 0.64, 0.0, 0.55, 0.0, 3.6, 0.0, 2.51, 0.0, 0.0], [0.0, 0.54, 0.0, 0.65, 359.98, 0.0, 0.0, 1.0], [0.2, 25.0, 0.0, 0.0])
(20577779, [2.0, 0.64, 0.0, 0.55, 0.0, 0.82, 0.0, 2.53, 0.0, 0.0], [0.0, 0.54, 0.0, 0.64, 359.98, 0.0, 0.0, 1.0], [0.2, 25.0, 0.0, 0.0])
(20677834, [2.0, 0.64, 0.0, 0.55, 0.0, 0.82, 0.0, 2.5, 0.0, 0.0], [0.0, 0.54, 0.0, 0.64, 359.98, 359.99, 0.0, 1.0], [0.2, 25.0, 0.0, 0.0])
(20777841, [2.0, 0.64, 0.0, 0.55, 0.0, 3.6, 0.0, 2.5, 0.0, 0.0], [0.0, 0.53, 0.0, 0.65, 359.99, 0.0, 0.0, 1.0], [0.2, 25.0, 0.0, 0.0])
(20877837, [2.0, 0.64, 0.0, 0.55, 0.0, 0.81, 0.0, 2.49, 0.0, 0.0], [0.0, 0.53, 0.0, 0.65, 359.98, 359.99, 0.0, 1.0], [0.2, 25.0, 0.0, 0.0])
(20977721, [2.0, 0.64, 0.0, 0.55, 0.0, 0.81, 0.0, 2.51, 0.0, 0.0], [0.0, 0.52, 0.0, 0.67, 359.95, 359.97, 0.0, 1.0], [0.2, 25.0, 0.0, 0.0])
(21077951, [2.0, 0.64, 0.0, 0.55, 0.0, 0.84, 0.0, 2.51, 0.0, 0.0], [0.0, 0.53, 0.0, 0.67, 359.96, 359.98, 0.0, 1.0], [0.2, 25.0, 0.0, 0.0])
(21178039, [2.0, 0.64, 0.0, 0.55, 0.0, 0.84, 0.0, 2.52, 0.0, 0.0], [0.0, 0.54, 0.0, 0.65, 359.95, 359.97, 0.0, 1.0], [0.2, 25.0, 0.0, 0.0])
(21277903, [2.0, 0.64, 0.0, 0.55, 0.0, 0.82, 0.0, 2.5, 0.0, 0.0], [0.0, 0.54, 0.0, 0.65, 359.94, 359.96, 0.0, 1.0], [0.2, 25.0, 0.0, 0.0])
(21377973, [2.0, 0.64, 0.0, 0.55, 0.0, 0.8, 0.0, 2.53, 0.0, 0.0], [0.0, 0.53, 0.0, 0.64, 359.96, 359.98, 0.0, 1.0], [0.2, 25.0, 0.0, 0.0])
(21478700, [2.0, 0.64, 0.0, 0.55, 0.0, 0.81, 0.0, 2.51, 0.0, 0.0], [0.0, 0.53, 0.0, 0.65, 359.94, 359.95, 0.0, 1.0], [0.2, 25.0, 0.0, 0.0])
(21577763, [2.0, 0.64, 0.0, 0.55, 0.0, 0.81, 0.0, 2.5, 0.0, 0.0], [0.0, 0.54, 0.0, 0.65, 359.94, 359.96, 0.0, 1.0], [0.2, 25.0, 0.0, 0.0])
(21677823, [2.0, 0.64, 0.0, 0.55, 0.0, 0.8, 0.0, 2.48, 0.0, 0.0], [0.0, 0.53, 0.0, 0.63, 359.96, 359.97, 0.0, 1.0], [0.2, 25.0, 0.0, 0.0])
(21777679, [2.0, 0.64, 0.0, 0.55, 0.0, 0.79, 0.0, 2.48, 0.0, 0.0], [0.0, 0.53, 0.0, 0.64, 359.96, 359.98, 0.0, 1.0], [0.2, 25.0, 0.0, 0.0])
(21879881, [2.0, 0.64, 0.0, 0.55, 0.0, 0.79, 0.0, 2.52, 0.0, 0.0], [0.0, 0.53, 0.0, 0.62, 359.97, 359.99, 0.0, 1.0], [0.2, 25.0, 0.0, 0.0])
(21978937, [2.0, 0.64, 0.0, 0.55, 0.0, 0.81, 0.0, 2.52, 0.0, 0.0], [0.0, 0.53, 0.0, 0.62, 359.94, 359.96, 0.0, 1.0], [0.2, 25.0, 0.0, 0.0])
(22079163, [2.0, 0.64, 0.0, 0.55, 0.0, 0.84, 0.0, 2.52, 0.0, 0.0], [0.0, 0.54, 0.0, 0.63, 359.96, 359.98, 0.0, 1.0], [0.2, 25.0, 0.0, 0.0])
(22178916, [2.0, 0.63, 0.0, 0.55, 0.0, 0.84, 0.0, 2.52, 0.0, 0.0], [0.0, 0.53, 0.0, 0.63, 359.95, 359.97, 0.0, 1.0], [0.2, 25.0, 0.0, 0.0])
(22278990, [2.0, 0.64, 0.0, 0.55, 0.0, 0.88, 0.0, 2.54, 0.0, 0.0], [0.0, 0.53, 0.0, 0.62, 359.97, 359.99, 0.0, 1.0], [0.2, 25.0, 0.0, 0.0])
(22379120, [2.0, 0.64, 0.0, 0.55, 0.0, 0.89, 0.0, 2.54, 0.0, 0.0], [0.0, 0.53, 0.0, 0.63, 359.97, 359.99, 0.0, 1.0], [0.2, 25.0, 0.0, 0.0])
(22478878, [2.0, 0.64, 0.0, 0.55, 0.0, 0.94, 0.0, 2.55, 0.0, 0.0], [0.0, 0.55, 0.0, 0.63, 359.96, 359.97, 0.0, 1.0], [0.2, 25.0, 0.0, 0.0])
(22579504, [2.0, 0.64, 0.0, 0.54, 0.0, 0.94, 0.0, 2.54, 0.0, 0.0], [0.0, 0.54, 0.0, 0.62, 359.97, 359.98, 0.0, 1.0], [0.2, 25.0, 0.0, 0.0])
(22679259, [2.0, 0.64, 0.0, 0.55, 0.0, 0.97, 0.0, 2.5, 0.0, 0.0], [0.0, 0.55, 0.0, 0.62, 359.97, 359.99, 0.0, 1.0], [0.2, 25.0, 0.0, 0.0])
(22780182, [2.0, 0.64, 0.0, 0.55, 0.0, 0.98, 0.0, 2.53, 0.0, 0.0], [0.0, 0.55, 0.0, 0.62, 359.97, 359.99, 0.0, 1.0], [0.2, 25.0, 0.0, 0.0])
(22879994, [2.0, 0.64, 0.0, 0.55, 0.0, 0.98, 0.0, 2.51, 0.0, 0.0], [0.0, 0.55, 0.0, 0.62, 359.96, 359.98, 0.0, 1.0], [0.2, 25.0, 0.0, 0.0])
(22980111, [2.0, 0.64, 0.0, 0.55, 0.0, 1.0, 0.0, 2.52, 0.0, 0.0], [0.0, 0.55, 0.0, 0.62, 359.97, 359.99, 0.0, 1.0], [0.2, 25.0, 0.0, 0.0])
(23080070, [2.0, 0.64, 0.0, 0.55, 0.0, 1.0, 0.0, 2.53, 0.0, 0.0], [0.0, 0.55, 0.0, 0.62, 359.95, 359.97, 0.0, 1.0], [0.2, 25.0, 0.0, 0.0])
(23180106, [2.0, 0.64, 0.0, 0.55, 0.0, 3.6, 0.0, 2.55, 0.0, 0.0], [0.0, 0.55, 0.0, 0.62, 359.99, 0.0, 0.0, 1.0], [0.2, 25.0, 0.0, 0.0])
(23280038, [2.0, 0.64, 0.0, 0.55, 0.0, 0.97, 0.0, 2.51, 0.0, 0.0], [0.0, 0.56, 0.0, 0.62, 359.96, 359.98, 0.0, 1.0], [0.2, 25.0, 0.0, 0.0])
(23379966, [2.0, 0.64, 0.0, 0.55, 0.0, 0.98, 0.0, 2.52, 0.0, 0.0], [0.0, 0.56, 0.0, 0.62, 359.96, 359.98, 0.0, 1.0], [0.2, 25.0, 0.0, 0.0])
(23479924, [2.0, 0.64, 0.0, 0.55, 0.0, 0.97, 0.0, 2.5, 0.0, 0.0], [0.0, 0.55, 0.0, 0.61, 359.96, 359.98, 0.0, 1.0], [0.2, 25.0, 0.0, 0.0])
(23580166, [2.0, 0.64, 0.0, 0.55, 0.0, 0.97, 0.0, 2.52, 0.0, 0.0], [0.0, 0.56, 0.0, 0.61, 359.95, 359.97, 0.0, 1.0], [0.2, 25.0, 0.0, 0.0])
(23679873, [2.0, 0.64, 0.0, 0.55, 0.0, 0.96, 0.0, 2.52, 0.0, 0.0], [0.0, 0.55, 0.0, 0.62, 359.97, 359.99, 0.0, 1.0], [0.2, 25.0, 0.0, 0.0])
(23780695, [2.0, 0.64, 0.0, 0.55, 0.0, 0.96, 0.0, 2.52, 0.0, 0.0], [0.0, 0.56, 0.0, 0.62, 359.97, 359.99, 0.0, 1.0], [0.2, 25.0, 0.0, 0.0])
(23880642, [2.0, 0.64, 0.0, 0.55, 0.0, 0.97, 0.0, 2.52, 0.0, 0.0], [0.0, 0.55, 0.0, 0.62, 359.96, 359.98, 0.0, 1.0], [0.2, 25.0, 0.0, 0.0])
(23979994, [2.0, 0.64, 0.0, 0.55, 0.0, 0.97, 0.0, 2.5, 0.0, 0.0], [0.0, 0.55, 0.0, 0.63, 359.96, 359.98, 0.0, 1.0], [0.2, 25.0, 0.0, 0.0])
(24079805, [2.0, 0.64, 0.0, 0.55, 0.0, 0.99, 0.0, 2.5, 0.0, 0.0], [0.0, 0.56, 0.0, 0.62, 359.99, 0.0, 0.0, 1.0], [0.2, 25.0, 0.0, 0.0])
(24180022, [2.0, 0.64, 0.0, 0.55, 0.0, 0.98, 0.0, 2.51, 0.0, 0.0], [0.0, 0.56, 0.0, 0.63, 359.96, 359.97, 0.0, 1.0], [0.2, 25.0, 0.0, 0.0])
(24280090, [2.0, 0.64, 0.0, 0.55, 0.0, 0.96, 0.0, 2.55, 0.0, 0.0], [0.0, 0.56, 0.0, 0.63, 359.98, 0.0, 0.0, 1.0], [0.2, 25.0, 0.0, 0.0])
(24380708, [2.0, 0.64, 0.0, 0.55, 0.0, 0.97, 0.0, 2.49, 0.0, 0.0], [0.0, 0.56, 0.0, 0.63, 359.96, 359.98, 0.0, 1.0], [0.2, 25.0, 0.0, 0.0])
(24480370, [2.0, 0.64, 0.0, 0.55, 0.0, 0.96, 0.0, 2.49, 0.0, 0.0], [0.0, 0.56, 0.0, 0.62, 359.98, 0.0, 0.0, 1.0], [0.2, 25.0, 0.0, 0.0])
(24580057, [2.0, 0.64, 0.0, 0.55, 0.0, 0.96, 0.0, 3.6, 0.0, 0.0], [0.0, 0.56, 0.0, 0.63, 359.98, 359.99, 0.0, 1.0], [0.2, 25.0, 0.0, 0.0])
(24680101, [2.0, 0.64, 0.0, 0.55, 0.0, 0.94, 0.0, 2.51, 0.0, 0.0], [0.0, 0.57, 0.0, 0.62, 359.96, 359.98, 0.0, 1.0], [0.2, 25.0, 0.0, 0.0])
(24780799, [2.0, 0.64, 0.0, 0.55, 0.0, 0.98, 0.0, 2.53, 0.0, 0.0], [0.0, 0.56, 0.0, 0.63, 359.97, 359.99, 0.0, 1.0], [0.2, 25.0, 0.0, 0.0])
(24880131, [2.0, 0.64, 0.0, 0.55, 0.0, 0.97, 0.0, 2.53, 0.0, 0.0], [0.0, 0.56, 0.0, 0.63, 359.96, 359.98, 0.0, 1.0], [0.2, 25.0, 0.0, 0.0])
(24980604, [2.0, 0.64, 0.0, 0.55, 0.0, 0.96, 0.0, 2.51, 0.0, 0.0], [0.0, 0.57, 0.0, 0.61, 359.98, 359.99, 0.0, 1.0], [0.2, 25.0, 0.0, 0.0])
(25080648, [2.0, 0.64, 0.0, 0.55, 0.0, 0.98, 0.0, 2.52, 0.0, 0.0], [0.0, 0.57, 0.0, 0.62, 359.97, 359.99, 0.0, 1.0], [0.2, 25.0, 0.0, 0.0])
(25180541, [2.0, 0.64, 0.0, 0.55, 0.0, 0.96, 0.0, 2.5, 0.0, 0.0], [0.0, 0.58, 0.0, 0.62, 359.97, 359.99, 0.0, 1.0], [0.2, 25.0, 0.0, 0.0])
(25281443, [2.0, 0.64, 0.0, 0.55, 0.0, 0.97, 0.0, 2.54, 0.0, 0.0], [0.0, 0.58, 0.0, 0.62, 359.96, 359.97, 0.0, 1.0], [0.2, 25.0, 0.0, 0.0])
(25380515, [2.0, 0.64, 0.0, 0.55, 0.0, 0.99, 0.0, 2.52, 0.0, 0.0], [0.0, 0.58, 0.0, 0.61, 359.98, 0.0, 0.0, 1.0], [0.2, 25.0, 0.0, 0.0])
(25480770, [2.0, 0.64, 0.0, 0.54, 0.0, 0.99, 0.0, 2.52, 0.0, 0.0], [0.0, 0.58, 0.0, 0.62, 359.98, 0.0, 0.0, 1.0], [0.2, 25.0, 0.0, 0.0])
(29584440, [2.0, 0.64, 0.0, 0.55, 0.0, 3.6, 0.0, 2.54, 0.0, 0.0], [0.0, 0.59, 0.0, 0.7, 0.01, 0.02, 0.0, 1.0], [0.2, 25.0, 0.0, 0.0])
(29684514, [2.0, 0.64, 0.0, 0.55, 0.0, 3.6, 0.0, 2.5, 0.0, 0.0], [0.0, 0.59, 0.0, 0.7, 0.01, 0.02, 0.0, 1.0], [0.2, 25.0, 0.0, 0.0])
(29787118, [2.0, 0.64, 0.0, 0.55, 0.0, 0.68, 0.0, 2.51, 0.0, 0.0], [0.0, 0.59, 0.0, 0.7, 0.01, 0.02, 0.0, 1.0], [0.2, 25.0, 0.0, 0.0])
(29889781, [2.0, 0.64, 0.0, 0.55, 0.0, 0.7, 0.0, 2.51, 0.0, 0.0], [0.0, 0.59, 0.0, 0.71, 0.01, 0.02, 0.0, 1.0], [0.2, 25.0, 0.0, 0.0])
(29989813, [2.0, 0.64, 0.0, 0.55, 0.0, 0.7, 0.0, 2.49, 0.0, 0.0], [0.0, 0.58, 0.0, 0.71, 0.01, 0.02, 0.0, 1.0], [0.2, 25.0, 0.0, 0.0])
(30089743, [2.0, 0.64, 0.0, 0.55, 0.0, 3.6, 0.0, 2.5, 0.0, 0.0], [0.0, 0.58, 0.0, 0.71, 0.01, 0.02, 0.0, 1.0], [0.2, 25.0, 0.0, 0.0])
(30189698, [2.0, 0.64, 0.0, 0.55, 0.0, 3.6, 0.0, 2.5, 0.0, 0.0], [0.0, 0.58, 0.0, 0.71, 0.01, 0.02, 0.0, 1.0], [0.2, 25.0, 0.0, 0.0])
(30289842, [2.0, 0.64, 0.0, 0.55, 0.0, 3.6, 0.0, 2.52, 0.0, 0.0], [0.0, 0.58, 0.0, 0.7, 0.01, 0.02, 0.0, 1.0], [0.2, 25.0, 0.0, 0.0])
(30389777, [2.0, 0.64, 0.0, 0.55, 0.0, 3.6, 0.0, 2.51, 0.0, 0.0], [0.0, 0.58, 0.0, 0.7, 0.01, 0.02, 0.0, 1.0], [0.2, 25.0, 0.0, 0.0])
(30489759, [2.0, 0.64, 0.0, 0.55, 0.0, 3.6, 0.0, 2.53, 0.0, 0.0], [0.0, 0.58, 0.0, 0.7, 0.01, 0.02, 0.0, 1.0], [0.2, 25.0, 0.0, 0.0])
(30589843, [2.0, 0.64, 0.0, 0.55, 0.0, 3.6, 0.0, 2.53, 0.0, 0.0], [0.0, 0.58, 0.0, 0.7, 0.01, 0.02, 0.0, 1.0], [0.2, 25.0, 0.0, 0.0])
(30689876, [2.0, 0.64, 0.0, 0.55, 0.0, 3.6, 0.0, 2.48, 0.0, 0.0], [0.0, 0.58, 0.0, 0.7, 0.01, 0.02, 0.0, 1.0], [0.2, 25.0, 0.0, 0.0])
(30789830, [2.0, 0.64, 0.0, 0.55, 0.0, 0.62, 0.0, 2.48, 0.0, 0.0], [0.0, 0.58, 0.0, 0.7, 0.01, 0.02, 0.0, 1.0], [0.2, 25.0, 0.0, 0.0])
(30889858, [2.0, 0.64, 0.0, 0.55, 0.0, 0.62, 0.0, 2.5, 0.0, 0.0], [0.0, 0.58, 0.0, 0.7, 0.01, 0.02, 0.0, 1.0], [0.2, 25.0, 0.0, 0.0])
(30989874, [2.0, 0.64, 0.0, 0.55, 0.0, 3.6, 0.0, 2.53, 0.0, 0.0], [0.0, 0.58, 0.0, 0.7, 0.01, 0.02, 0.0, 1.0], [0.2, 25.0, 0.0, 0.0])
(31089847, [2.0, 0.64, 0.0, 0.55, 0.0, 3.6, 0.0, 2.51, 0.0, 0.0], [0.0, 0.59, 0.0, 0.7, 0.0, 0.01, 0.0, 1.0], [0.2, 25.0, 0.0, 0.0])
(31189875, [2.0, 0.64, 0.0, 0.55, 0.0, 3.6, 0.0, 2.51, 0.0, 0.0], [0.0, 0.59, 0.0, 0.7, 0.0, 0.01, 0.0, 1.0], [0.2, 25.0, 0.0, 0.0])
(31289843, [2.0, 0.64, 0.0, 0.55, 0.0, 3.6, 0.0, 2.5, 0.0, 0.0], [0.0, 0.59, 0.0, 0.7, 0.0, 0.01, 0.0, 1.0], [0.2, 25.0, 0.0, 0.0])
(31389907, [2.0, 0.64, 0.0, 0.55, 0.0, 3.6, 0.0, 2.49, 0.0, 0.0], [0.0, 0.59, 0.0, 0.7, 0.0, 0.01, 0.0, 1.0], [0.2, 25.0, 0.0, 0.0])
(31489806, [2.0, 0.64, 0.0, 0.55, 0.0, 3.6, 0.0, 2.51, 0.0, 0.0], [0.0, 0.59, 0.0, 0.7, 0.0, 0.01, 0.0, 1.0], [0.2, 25.0, 0.0, 0.0])
(31589795, [2.0, 0.64, 0.0, 0.54, 0.0, 3.6, 0.0, 2.51, 0.0, 0.0], [0.0, 0.59, 0.0, 0.7, 0.0, 0.01, 0.0, 1.0], [0.2, 25.0, 0.0, 0.0])
(31689828, [2.0, 0.64, 0.0, 0.55, 0.0, 3.6, 0.0, 2.49, 0.0, 0.0], [0.0, 0.59, 0.0, 0.7, 0.0, 0.01, 0.0, 1.0], [0.2, 25.0, 0.0, 0.0])
(31789782, [2.0, 0.64, 0.0, 0.55, 0.0, 3.6, 0.0, 2.53, 0.0, 0.0], [0.0, 0.59, 0.0, 0.7, 0.0, 0.01, 0.0, 1.0], [0.2, 25.0, 0.0, 0.0])
(31889794, [2.0, 0.64, 0.0, 0.55, 0.0, 3.6, 0.0, 2.51, 0.0, 0.0], [0.0, 0.59, 0.0, 0.7, 0.0, 0.01, 0.0, 1.0], [0.2, 25.0, 0.0, 0.0])
(31989849, [2.0, 0.64, 0.0, 0.55, 0.0, 3.6, 0.0, 2.51, 0.0, 0.0], [0.0, 0.58, 0.0, 0.69, 0.02, 0.03, 0.0, 1.0], [0.2, 25.0, 0.0, 0.0])
(32089838, [2.0, 0.64, 0.0, 0.55, 0.0, 3.6, 0.0, 2.52, 0.0, 0.0], [0.0, 0.57, 0.0, 0.7, 0.04, 0.05, 0.0, 1.0], [0.2, 25.0, 0.0, 0.0])
(32189741, [2.0, 0.64, 0.0, 0.55, 0.0, 3.6, 0.0, 2.52, 0.0, 0.0], [0.0, 0.58, 0.0, 0.7, 0.02, 0.03, 0.0, 1.0], [0.2, 25.0, 0.0, 0.0])
(32292393, [2.0, 0.64, 0.0, 0.55, 0.0, 3.6, 0.0, 2.52, 0.0, 0.0], [0.0, 0.59, 0.0, 0.69, 0.0, 0.0, 0.0, 1.0], [0.2, 25.0, 0.0, 0.0])
(32392407, [2.0, 0.64, 0.0, 0.55, 0.0, 3.6, 0.0, 2.52, 0.0, 0.0], [0.0, 0.58, 0.0, 0.69, 0.0, 0.01, 0.0, 1.0], [0.2, 25.0, 0.0, 0.0])
(32492439, [2.0, 0.64, 0.0, 0.55, 0.0, 3.6, 0.0, 2.52, 0.0, 0.0], [0.0, 0.58, 0.0, 0.68, 0.0, 0.01, 0.0, 1.0], [0.2, 25.0, 0.0, 0.0])
(32592473, [2.0, 0.64, 0.0, 0.55, 0.0, 0.7, 0.0, 2.49, 0.0, 0.0], [0.0, 0.59, 0.0, 0.68, 359.99, 0.0, 0.0, 1.0], [0.2, 25.0, 0.0, 0.0])
(32692882, [2.0, 0.64, 0.0, 0.55, 0.0, 0.7, 0.0, 2.49, 0.0, 0.0], [0.0, 0.58, 0.0, 0.68, 0.01, 0.02, 0.0, 1.0], [0.2, 25.0, 0.0, 0.0])
(32792513, [2.0, 0.64, 0.0, 0.55, 0.0, 0.69, 0.0, 3.6, 0.0, 0.0], [0.0, 0.58, 0.0, 0.69, 359.99, 0.0, 0.0, 1.0], [0.2, 25.0, 0.0, 0.0])
(32892388, [2.0, 0.64, 0.0, 0.55, 0.0, 0.78, 0.0, 2.54, 0.0, 0.0], [0.0, 0.58, 0.0, 0.68, 0.01, 0.02, 0.0, 1.0], [0.2, 25.0, 0.0, 0.0])
(32992438, [2.0, 0.64, 0.0, 0.55, 0.0, 0.92, 0.0, 2.5, 0.0, 0.0], [0.0, 0.58, 0.0, 0.69, 359.99, 0.0, 0.0, 1.0], [0.2, 25.0, 0.0, 0.0])
(33092403, [2.0, 0.64, 0.0, 0.55, 0.0, 0.92, 0.0, 2.53, 0.0, 0.0], [0.0, 0.59, 0.0, 0.68, 0.01, 0.02, 0.0, 1.0], [0.2, 25.0, 0.0, 0.0])
(33192328, [2.0, 0.64, 0.0, 0.55, 0.0, 3.6, 0.0, 2.47, 0.0, 0.0], [0.0, 0.59, 0.0, 0.69, 359.99, 0.0, 0.0, 1.0], [0.2, 25.0, 0.0, 0.0])
(33292499, [2.0, 0.64, 0.0, 0.55, 0.0, 3.6, 0.0, 2.51, 0.0, 0.0], [0.0, 0.59, 0.0, 0.69, 0.01, 0.01, 0.0, 1.0], [0.2, 25.0, 0.0, 0.0])
(33392440, [2.0, 0.64, 0.0, 0.55, 0.0, 3.6, 0.0, 2.52, 0.0, 0.0], [0.0, 0.58, 0.0, 0.69, 0.01, 0.01, 0.0, 1.0], [0.2, 25.0, 0.0, 0.0])
(33492289, [2.0, 0.64, 0.0, 0.55, 0.0, 0.9, 0.0, 2.52, 0.0, 0.0], [0.0, 0.59, 0.0, 0.68, 0.02, 0.03, 0.0, 1.0], [0.2, 25.0, 0.0, 0.0])
(33592331, [2.0, 0.64, 0.0, 0.55, 0.0, 0.91, 0.0, 2.51, 0.0, 0.0], [0.0, 0.59, 0.0, 0.69, 0.0, 0.01, 0.0, 1.0], [0.2, 25.0, 0.0, 0.0])
(33692435, [2.0, 0.64, 0.0, 0.55, 0.0, 0.86, 0.0, 2.53, 0.0, 0.0], [0.0, 0.59, 0.0, 0.68, 0.01, 0.02, 0.0, 1.0], [0.2, 25.0, 0.0, 0.0])
(33792375, [2.0, 0.64, 0.0, 0.55, 0.0, 0.95, 0.0, 2.53, 0.0, 0.0], [0.0, 0.59, 0.0, 0.68, 0.02, 0.03, 0.0, 1.0], [0.2, 25.0, 0.0, 0.0])
(33892373, [2.0, 0.64, 0.0, 0.55, 0.0, 0.93, 0.0, 2.48, 0.0, 0.0], [0.0, 0.59, 0.0, 0.68, 0.02, 0.02, 0.0, 1.0], [0.2, 25.0, 0.0, 0.0])
(33992690, [2.0, 0.64, 0.0, 0.55, 0.0, 0.9, 0.0, 2.48, 0.0, 0.0], [0.0, 0.58, 0.0, 0.68, 0.03, 0.03, 0.0, 1.0], [0.2, 25.0, 0.0, 0.0])
(34092425, [2.0, 0.64, 0.0, 0.55, 0.0, 0.9, 0.0, 2.5, 0.0, 0.0], [0.0, 0.6, 0.0, 0.69, 0.01, 0.02, 0.0, 1.0], [0.2, 25.0, 0.0, 0.0])
(34192307, [2.0, 0.64, 0.0, 0.55, 0.0, 3.6, 0.0, 2.51, 0.0, 0.0], [0.0, 0.6, 0.0, 0.69, 0.02, 0.03, 0.0, 1.0], [0.2, 25.0, 0.0, 0.0])
(34292541, [2.0, 0.64, 0.0, 0.55, 0.0, 0.88, 0.0, 2.51, 0.0, 0.0], [0.0, 0.59, 0.0, 0.7, 0.01, 0.02, 0.0, 1.0], [0.2, 25.0, 0.0, 0.0])
(34392462, [2.0, 0.64, 0.0, 0.55, 0.0, 0.88, 0.0, 2.52, 0.0, 0.0], [0.0, 0.59, 0.0, 0.69, 0.04, 0.04, 0.0, 1.0], [0.2, 25.0, 0.0, 0.0])
(34492522, [2.0, 0.64, 0.0, 0.55, 0.0, 3.6, 0.0, 2.53, 0.0, 0.0], [0.0, 0.6, 0.0, 0.7, 0.02, 0.02, 0.0, 1.0], [0.2, 25.0, 0.0, 0.0])
(34592518, [2.0, 0.64, 0.0, 0.55, 0.0, 3.6, 0.0, 2.49, 0.0, 0.0], [0.0, 0.6, 0.0, 0.69, 0.04, 0.05, 0.0, 1.0], [0.2, 25.0, 0.0, 0.0])
(34692410, [2.0, 0.64, 0.0, 0.55, 0.0, 3.6, 0.0, 2.51, 0.0, 0.0], [0.0, 0.6, 0.0, 0.69, 0.01, 0.02, 0.0, 1.0], [0.2, 25.0, 0.0, 0.0])
(34792493, [2.0, 0.64, 0.0, 0.55, 0.0, 3.6, 0.0, 2.49, 0.0, 0.0], [0.0, 0.6, 0.0, 0.69, 0.03, 0.04, 0.0, 1.0], [0.2, 25.0, 0.0, 0.0])
(34892429, [2.0, 0.64, 0.0, 0.55, 0.0, 0.91, 0.0, 2.49, 0.0, 0.0], [0.0, 0.6, 0.0, 0.69, 0.04, 0.04, 0.0, 1.0], [0.2, 25.0, 0.0, 0.0])
(34992830, [2.0, 0.64, 0.0, 0.55, 0.0, 0.91, 0.0, 2.49, 0.0, 0.0], [0.0, 0.6, 0.0, 0.7, 0.04, 0.05, 0.0, 1.0], [0.2, 25.0, 0.0, 0.0])
(35092428, [2.0, 0.64, 0.0, 0.55, 0.0, 0.93, 0.0, 2.52, 0.0, 0.0], [0.0, 0.59, 0.0, 0.72, 0.02, 0.03, 0.0, 1.0], [0.2, 25.0, 0.0, 0.0])
(35192425, [2.0, 0.64, 0.0, 0.55, 0.0, 0.93, 0.0, 2.5, 0.0, 0.0], [0.0, 0.6, 0.0, 0.71, 0.04, 0.05, 0.0, 1.0], [0.2, 25.0, 0.0, 0.0])
(35292367, [2.0, 0.64, 0.0, 0.55, 0.0, 3.6, 0.0, 2.52, 0.0, 0.0], [0.0, 0.59, 0.0, 0.71, 0.04, 0.04, 0.0, 1.0], [0.2, 25.0, 0.0, 0.0])
(35392496, [2.0, 0.64, 0.0, 0.55, 0.0, 0.92, 0.0, 2.52, 0.0, 0.0], [0.0, 0.59, 0.0, 0.71, 0.04, 0.05, 0.0, 1.0], [0.2, 25.0, 0.0, 0.0])
(35492387, [2.0, 0.64, 0.0, 0.55, 0.0, 0.92, 0.0, 2.52, 0.0, 0.0], [0.0, 0.59, 0.0, 0.71, 0.04, 0.05, 0.0, 1.0], [0.2, 25.0, 0.0, 0.0])
(35592364, [2.0, 0.64, 0.0, 0.55, 0.0, 0.92, 0.0, 2.5, 0.0, 0.0], [0.0, 0.6, 0.0, 0.71, 0.03, 0.04, 0.0, 1.0], [0.2, 25.0, 0.0, 0.0])
(35694352, [2.0, 0.64, 0.0, 0.55, 0.0, 0.89, 0.0, 2.51, 0.0, 0.0], [0.0, 0.58, 0.0, 0.7, 0.04, 0.05, 0.0, 1.0], [0.2, 25.0, 0.0, 0.0])
(35793964, [2.0, 0.64, 0.0, 0.55, 0.0, 0.89, 0.0, 2.52, 0.0, 0.0], [0.0, 0.59, 0.0, 0.69, 0.06, 0.07, 0.0, 1.0], [0.2, 25.0, 0.0, 0.0])
(35893736, [2.0, 0.64, 0.0, 0.55, 0.0, 0.91, 0.0, 2.5, 0.0, 0.0], [0.0, 0.59, 0.0, 0.71, 0.05, 0.06, 0.0, 1.0], [0.2, 25.0, 0.0, 0.0])
(35993900, [2.0, 0.64, 0.0, 0.55, 0.0, 0.91, 0.0, 2.51, 0.0, 0.0], [0.0, 0.59, 0.0, 0.7, 0.04, 0.05, 0.0, 1.0], [0.2, 25.0, 0.0, 0.0])
(36093898, [2.0, 0.64, 0.0, 0.55, 0.0, 0.94, 0.0, 2.5, 0.0, 0.0], [0.0, 0.58, 0.0, 0.7, 0.05, 0.06, 0.0, 1.0], [0.2, 25.0, 0.0, 0.0])
(36195951, [2.0, 0.64, 0.0, 0.55, 0.0, 0.94, 0.0, 2.5, 0.0, 0.0], [0.0, 0.59, 0.0, 0.71, 0.05, 0.06, 0.0, 1.0], [0.2, 25.0, 0.0, 0.0])
(36295959, [2.0, 0.64, 0.0, 0.55, 0.0, 0.94, 0.0, 2.51, 0.0, 0.0], [0.0, 0.58, 0.0, 0.7, 0.06, 0.07, 0.0, 1.0], [0.2, 25.0, 0.0, 0.0])
(36395929, [2.0, 0.64, 0.0, 0.55, 0.0, 0.93, 0.0, 2.51, 0.0, 0.0], [0.0, 0.59, 0.0, 0.7, 0.05, 0.06, 0.0, 1.0], [0.2, 25.0, 0.0, 0.0])
(36495904, [2.0, 0.64, 0.0, 0.55, 0.0, 0.93, 0.0, 2.52, 0.0, 0.0], [0.0, 0.58, 0.0, 0.7, 0.05, 0.06, 0.0, 1.0], [0.2, 25.0, 0.0, 0.0])
(36595959, [2.0, 0.64, 0.0, 0.55, 0.0, 0.91, 0.0, 2.52, 0.0, 0.0], [0.0, 0.57, 0.0, 0.7, 0.05, 0.06, 0.0, 1.0], [0.2, 25.0, 0.0, 0.0])
(36695898, [2.0, 0.64, 0.0, 0.55, 0.0, 0.88, 0.0, 3.6, 0.0, 0.0], [0.0, 0.59, 0.0, 0.7, 0.07, 0.08, 0.0, 1.0], [0.2, 25.0, 0.0, 0.0])
(36796490, [2.0, 0.64, 0.0, 0.55, 0.0, 0.88, 0.0, 2.49, 0.0, 0.0], [0.0, 0.58, 0.0, 0.71, 0.05, 0.06, 0.0, 1.0], [0.2, 25.0, 0.0, 0.0])
(36896337, [2.0, 0.64, 0.0, 0.55, 0.0, 0.89, 0.0, 2.52, 0.0, 0.0], [0.0, 0.59, 0.0, 0.71, 0.07, 0.07, 0.0, 1.0], [0.2, 25.0, 0.0, 0.0])
(36996446, [2.0, 0.64, 0.0, 0.55, 0.0, 0.92, 0.0, 2.52, 0.0, 0.0], [0.0, 0.58, 0.0, 0.7, 0.05, 0.06, 0.0, 1.0], [0.2, 25.0, 0.0, 0.0])
(37096440, [2.0, 0.64, 0.0, 0.55, 0.0, 0.92, 0.0, 2.52, 0.0, 0.0], [0.0, 0.58, 0.0, 0.71, 0.06, 0.07, 0.0, 1.0], [0.2, 25.0, 0.0, 0.0])
(37196758, [2.0, 0.64, 0.0, 0.55, 0.0, 0.9, 0.0, 2.5, 0.0, 0.0], [0.0, 0.59, 0.0, 0.72, 0.07, 0.07, 0.0, 1.0], [0.2, 25.0, 0.0, 0.0])
(37297468, [2.0, 0.64, 0.0, 0.55, 0.0, 0.9, 0.0, 2.5, 0.0, 0.0], [0.0, 0.59, 0.0, 0.72, 0.08, 0.09, 0.0, 1.0], [0.2, 25.0, 0.0, 0.0])
(37396876, [2.0, 0.64, 0.0, 0.55, 0.0, 3.6, 0.0, 2.45, 0.0, 0.0], [0.0, 0.59, 0.0, 0.73, 0.05, 0.05, 0.0, 1.0], [0.2, 25.0, 0.0, 0.0])
(37496820, [2.0, 0.64, 0.0, 0.55, 0.0, 0.9, 0.0, 2.45, 0.0, 0.0], [0.0, 0.59, 0.0, 0.72, 0.07, 0.08, 0.0, 1.0], [0.2, 25.0, 0.0, 0.0])
(37596776, [2.0, 0.64, 0.0, 0.55, 0.0, 0.86, 0.0, 2.49, 0.0, 0.0], [0.0, 0.59, 0.0, 0.73, 0.07, 0.08, 0.0, 1.0], [0.2, 25.0, 0.0, 0.0])
(37696983, [2.0, 0.64, 0.0, 0.55, 0.0, 0.91, 0.0, 2.51, 0.0, 0.0], [0.0, 0.59, 0.0, 0.73, 0.08, 0.08, 0.0, 1.0], [0.2, 25.0, 0.0, 0.0])
(37796905, [2.0, 0.64, 0.0, 0.55, 0.0, 0.91, 0.0, 2.52, 0.0, 0.0], [0.0, 0.59, 0.0, 0.73, 0.06, 0.07, 0.0, 1.0], [0.2, 25.0, 0.0, 0.0])
(37897107, [2.0, 0.64, 0.0, 0.55, 0.0, 0.91, 0.0, 2.52, 0.0, 0.0], [0.0, 0.6, 0.0, 0.72, 0.07, 0.08, 0.0, 1.0], [0.2, 25.0, 0.0, 0.0])
(37996901, [2.0, 0.64, 0.0, 0.55, 0.0, 3.6, 0.0, 3.6, 0.0, 0.0], [0.0, 0.59, 0.0, 0.73, 0.06, 0.06, 0.0, 1.0], [0.2, 25.0, 0.0, 0.0])
(38097108, [2.0, 0.64, 0.0, 0.55, 0.0, 3.6, 0.0, 3.6, 0.0, 0.0], [0.0, 0.59, 0.0, 0.73, 0.08, 0.09, 0.0, 1.0], [0.2, 25.0, 0.0, 0.0])
(38197207, [2.0, 0.64, 0.0, 0.55, 0.0, 0.88, 0.0, 3.6, 0.0, 0.0], [0.0, 0.6, 0.0, 0.74, 0.07, 0.08, 0.0, 1.0], [0.2, 25.0, 0.0, 0.0])
(38296754, [2.0, 0.64, 0.0, 0.55, 0.0, 0.84, 0.0, 3.6, 0.0, 0.0], [0.0, 0.6, 0.0, 0.74, 0.07, 0.08, 0.0, 1.0], [0.2, 25.0, 0.0, 0.0])
(38397196, [2.0, 0.64, 0.0, 0.55, 0.0, 0.84, 0.0, 3.6, 0.0, 0.0], [0.0, 0.6, 0.0, 0.74, 0.06, 0.07, 0.0, 1.0], [0.2, 25.0, 0.0, 0.0])
(38497123, [2.0, 0.64, 0.0, 0.55, 0.0, 3.6, 0.0, 2.5, 0.0, 0.0], [0.0, 0.6, 0.0, 0.73, 0.07, 0.08, 0.0, 1.0], [0.2, 25.0, 0.0, 0.0])
(38596726, [2.0, 0.64, 0.0, 0.55, 0.0, 0.86, 0.0, 2.52, 0.0, 0.0], [0.0, 0.59, 0.0, 0.74, 0.07, 0.08, 0.0, 1.0], [0.2, 25.0, 0.0, 0.0])
(38696983, [2.0, 0.64, 0.0, 0.55, 0.0, 0.86, 0.0, 2.52, 0.0, 0.0], [0.0, 0.6, 0.0, 0.74, 0.08, 0.09, 0.0, 1.0], [0.2, 25.0, 0.0, 0.0])
(38796855, [2.0, 0.64, 0.0, 0.55, 0.0, 3.6, 0.0, 3.6, 0.0, 0.0], [0.0, 0.59, 0.0, 0.75, 0.06, 0.07, 0.0, 1.0], [0.2, 25.0, 0.0, 0.0])
(38896799, [2.0, 0.64, 0.0, 0.55, 0.0, 3.6, 0.0, 2.55, 0.0, 0.0], [0.0, 0.6, 0.0, 0.74, 0.06, 0.07, 0.0, 1.0], [0.2, 25.0, 0.0, 0.0])
(38996643, [2.0, 0.64, 0.0, 0.55, 0.0, 0.88, 0.0, 2.51, 0.0, 0.0], [0.0, 0.58, 0.0, 0.74, 0.07, 0.08, 0.0, 1.0], [0.2, 25.0, 0.0, 0.0])
(39096968, [2.0, 0.64, 0.0, 0.55, 0.0, 0.88, 0.0, 2.52, 0.0, 0.0], [0.0, 0.59, 0.0, 0.74, 0.08, 0.09, 0.0, 1.0], [0.2, 25.0, 0.0, 0.0])
(39196723, [2.0, 0.64, 0.0, 0.55, 0.0, 0.89, 0.0, 2.52, 0.0, 0.0], [0.0, 0.58, 0.0, 0.74, 0.08, 0.08, 0.0, 1.0], [0.2, 25.0, 0.0, 0.0])
(39296759, [2.0, 0.64, 0.0, 0.55, 0.0, 0.89, 0.0, 2.49, 0.0, 0.0], [0.0, 0.6, 0.0, 0.74, 0.08, 0.08, 0.0, 1.0], [0.2, 25.0, 0.0, 0.0])
(39396901, [2.0, 0.64, 0.0, 0.55, 0.0, 0.89, 0.0, 2.51, 0.0, 0.0], [0.0, 0.59, 0.0, 0.74, 0.07, 0.08, 0.0, 1.0], [0.2, 25.0, 0.0, 0.0])
(41496904, [2.0, 0.64, 0.0, 0.55, 0.0, 0.87, 0.0, 2.55, 0.0, 0.0], [0.0, 0.56, 0.0, 0.75, 0.11, 0.12, 0.0, 1.0], [0.2, 25.0, 0.0, 0.0])
(41596877, [2.0, 0.64, 0.0, 0.55, 0.0, 0.88, 0.0, 2.54, 0.0, 0.0], [0.0, 0.57, 0.0, 0.75, 0.11, 0.12, 0.0, 1.0], [0.2, 25.0, 0.0, 0.0])
(41697589, [2.0, 0.64, 0.0, 0.55, 0.0, 0.89, 0.0, 2.54, 0.0, 0.0], [0.0, 0.57, 0.0, 0.75, 0.11, 0.12, 0.0, 1.0], [0.2, 25.0, 0.0, 0.0])
(41797959, [2.0, 0.64, 0.0, 0.55, 0.0, 0.92, 0.0, 2.52, 0.0, 0.0], [0.0, 0.57, 0.0, 0.75, 0.11, 0.11, 0.0, 1.0], [0.2, 25.0, 0.0, 0.0])
(41897367, [2.0, 0.64, 0.0, 0.55, 0.0, 0.91, 0.0, 2.52, 0.0, 0.0], [0.0, 0.57, 0.0, 0.75, 0.11, 0.12, 0.0, 1.0], [0.2, 25.0, 0.0, 0.0])
(41997519, [2.0, 0.64, 0.0, 0.54, 0.0, 0.91, 0.0, 2.52, 0.0, 0.0], [0.0, 0.56, 0.0, 0.75, 0.11, 0.12, 0.0, 1.0], [0.2, 25.0, 0.0, 0.0])
(42097925, [2.0, 0.64, 0.0, 0.55, 0.0, 0.91, 0.0, 2.48, 0.0, 0.0], [0.0, 0.56, 0.0, 0.75, 0.11, 0.11, 0.0, 1.0], [0.2, 25.0, 0.0, 0.0])
(42197538, [2.0, 0.64, 0.0, 0.55, 0.0, 0.9, 0.0, 2.46, 0.0, 0.0], [0.0, 0.57, 0.0, 0.75, 0.11, 0.12, 0.0, 1.0], [0.2, 25.0, 0.0, 0.0])
(42297828, [2.0, 0.64, 0.0, 0.55, 0.0, 0.9, 0.0, 2.46, 0.0, 0.0], [0.0, 0.57, 0.0, 0.75, 0.11, 0.12, 0.0, 1.0], [0.2, 25.0, 0.0, 0.0])
(42397624, [2.0, 0.64, 0.0, 0.55, 0.0, 0.87, 0.0, 2.51, 0.0, 0.0], [0.0, 0.57, 0.0, 0.75, 0.11, 0.12, 0.0, 1.0], [0.2, 25.0, 0.0, 0.0])
(42534079, [2.0, 0.64, 0.0, 0.55, 0.0, 0.89, 0.0, 2.53, 0.0, 0.0], [0.0, 0.57, 0.0, 0.75, 0.11, 0.12, 0.0, 1.0], [0.2, 25.0, 0.0, 0.0])
(42634620, [2.0, 0.64, 0.0, 0.55, 0.0, 0.9, 0.0, 2.53, 0.0, 0.0], [0.0, 0.57, 0.0, 0.75, 0.11, 0.12, 0.0, 1.0], [0.2, 25.0, 0.0, 0.0])
(42734081, [2.0, 0.64, 0.0, 0.55, 0.0, 0.9, 0.0, 2.5, 0.0, 0.0], [0.0, 0.57, 0.0, 0.75, 0.11, 0.12, 0.0, 1.0], [0.2, 25.0, 0.0, 0.0])
(42835615, [2.0, 0.64, 0.0, 0.55, 0.0, 0.89, 0.0, 2.54, 0.0, 0.0], [0.0, 0.57, 0.0, 0.75, 0.11, 0.12, 0.0, 1.0], [0.2, 25.0, 0.0, 0.0])
(42934522, [2.0, 0.64, 0.0, 0.55, 0.0, 0.89, 0.0, 2.53, 0.0, 0.0], [0.0, 0.58, 0.0, 0.75, 0.11, 0.12, 0.0, 1.0], [0.2, 25.0, 0.0, 0.0])
(43034095, [2.0, 0.64, 0.0, 0.54, 0.0, 3.6, 0.0, 2.53, 0.0, 0.0], [0.0, 0.58, 0.0, 0.75, 0.11, 0.12, 0.0, 1.0], [0.2, 25.0, 0.0, 0.0])
(43134662, [2.0, 0.64, 0.0, 0.55, 0.0, 0.88, 0.0, 2.52, 0.0, 0.0], [0.0, 0.58, 0.0, 0.75, 0.11, 0.12, 0.0, 1.0], [0.2, 25.0, 0.0, 0.0])
(43235065, [2.0, 0.64, 0.0, 0.55, 0.0, 0.87, 0.0, 2.54, 0.0, 0.0], [0.0, 0.58, 0.0, 0.75, 0.11, 0.11, 0.0, 1.0], [0.2, 25.0, 0.0, 0.0])
(43334421, [2.0, 0.64, 0.0, 0.55, 0.0, 0.87, 0.0, 2.54, 0.0, 0.0], [0.0, 0.58, 0.0, 0.76, 0.11, 0.12, 0.0, 1.0], [0.2, 25.0, 0.0, 0.0])
(43434307, [2.0, 0.64, 0.0, 0.55, 0.0, 0.9, 0.0, 2.51, 0.0, 0.0], [0.0, 0.59, 0.0, 0.76, 0.11, 0.12, 0.0, 1.0], [0.2, 25.0, 0.0, 0.0])
(43534304, [2.0, 0.64, 0.0, 0.55, 0.0, 0.89, 0.0, 2.5, 0.0, 0.0], [0.0, 0.59, 0.0, 0.75, 0.11, 0.12, 0.0, 1.0], [0.2, 25.0, 0.0, 0.0])
(43634394, [2.0, 0.64, 0.0, 0.55, 0.0, 0.86, 0.0, 2.5, 0.0, 0.0], [0.0, 0.59, 0.0, 0.75, 0.11, 0.12, 0.0, 1.0], [0.2, 25.0, 0.0, 0.0])
(43734412, [2.0, 0.64, 0.0, 0.55, 0.0, 0.86, 0.0, 3.6, 0.0, 0.0], [0.0, 0.59, 0.0, 0.75, 0.11, 0.12, 0.0, 1.0], [0.2, 25.0, 0.0, 0.0])
(43834369, [2.0, 0.64, 0.0, 0.55, 0.0, 0.88, 0.0, 2.52, 0.0, 0.0], [0.0, 0.59, 0.0, 0.75, 0.12, 0.13, 0.0, 1.0], [0.2, 25.0, 0.0, 0.0])
(43934894, [2.0, 0.64, 0.0, 0.55, 0.0, 0.86, 0.0, 2.52, 0.0, 0.0], [0.0, 0.59, 0.0, 0.77, 0.14, 0.14, 0.0, 1.0], [0.2, 25.0, 0.0, 0.0])
(44034129, [2.0, 0.64, 0.0, 0.55, 0.0, 0.88, 0.0, 3.6, 0.0, 0.0], [0.0, 0.58, 0.0, 0.77, 0.12, 0.13, 0.0, 1.0], [0.2, 25.0, 0.0, 0.0])
(44134399, [2.0, 0.64, 0.0, 0.55, 0.0, 0.84, 0.0, 3.6, 0.0, 0.0], [0.0, 0.59, 0.0, 0.79, 0.11, 0.12, 0.0, 1.0], [0.2, 25.0, 0.0, 0.0])
(44234112, [2.0, 0.64, 0.0, 0.55, 0.0, 0.85, 0.0, 2.51, 0.0, 0.0], [0.0, 0.59, 0.0, 0.79, 0.11, 0.12, 0.0, 1.0], [0.2, 25.0, 0.0, 0.0])
(44334322, [2.0, 0.64, 0.0, 0.55, 0.0, 0.84, 0.0, 2.51, 0.0, 0.0], [0.0, 0.59, 0.0, 0.79, 0.1, 0.11, 0.0, 1.0], [0.2, 25.0, 0.0, 0.0])
(44434317, [2.0, 0.64, 0.0, 0.55, 0.0, 0.87, 0.0, 2.49, 0.0, 0.0], [0.0, 0.59, 0.0, 0.78, 0.11, 0.11, 0.0, 1.0], [0.2, 25.0, 0.0, 0.0])
(44534679, [2.0, 0.64, 0.0, 0.55, 0.0, 0.88, 0.0, 2.52, 0.0, 0.0], [0.0, 0.6, 0.0, 0.76, 0.11, 0.12, 0.0, 1.0], [0.2, 25.0, 0.0, 0.0])
(44634352, [2.0, 0.64, 0.0, 0.55, 0.0, 0.85, 0.0, 2.52, 0.0, 0.0], [0.0, 0.6, 0.0, 0.76, 0.1, 0.11, 0.0, 1.0], [0.2, 25.0, 0.0, 0.0])
(44734446, [2.0, 0.64, 0.0, 0.55, 0.0, 0.86, 0.0, 2.49, 0.0, 0.0], [0.0, 0.59, 0.0, 0.75, 0.1, 0.11, 0.0, 1.0], [0.2, 25.0, 0.0, 0.0])
(44834397, [2.0, 0.64, 0.0, 0.55, 0.0, 0.88, 0.0, 2.5, 0.0, 0.0], [0.0, 0.59, 0.0, 0.75, 0.11, 0.12, 0.0, 1.0], [0.2, 25.0, 0.0, 0.0])
(44934408, [2.0, 0.64, 0.0, 0.55, 0.0, 0.87, 0.0, 2.53, 0.0, 0.0], [0.0, 0.6, 0.0, 0.74, 0.12, 0.13, 0.0, 1.0], [0.2, 25.0, 0.0, 0.0])
(45034283, [2.0, 0.64, 0.0, 0.55, 0.0, 0.86, 0.0, 2.53, 0.0, 0.0], [0.0, 0.59, 0.0, 0.76, 0.11, 0.12, 0.0, 1.0], [0.2, 25.0, 0.0, 0.0])
(45134885, [2.0, 0.64, 0.0, 0.55, 0.0, 0.87, 0.0, 2.52, 0.0, 0.0], [0.0, 0.6, 0.0, 0.74, 0.11, 0.11, 0.0, 1.0], [0.2, 25.0, 0.0, 0.0])
(45234435, [2.0, 0.64, 0.0, 0.55, 0.0, 0.87, 0.0, 2.52, 0.0, 0.0], [0.0, 0.6, 0.0, 0.75, 0.1, 0.11, 0.0, 1.0], [0.2, 25.0, 0.0, 0.0])
(45335444, [2.0, 0.64, 0.0, 0.55, 0.0, 0.87, 0.0, 2.52, 0.0, 0.0], [0.0, 0.6, 0.0, 0.75, 0.09, 0.1, 0.0, 1.0], [0.2, 25.0, 0.0, 0.0])
(45434323, [2.0, 0.64, 0.0, 0.55, 0.0, 0.87, 0.0, 2.52, 0.0, 0.0], [0.0, 0.6, 0.0, 0.74, 0.11, 0.12, 0.0, 1.0], [0.2, 25.0, 0.0, 0.0])
(45534347, [2.0, 0.64, 0.0, 0.55, 0.0, 0.87, 0.0, 3.6, 0.0, 0.0], [0.0, 0.61, 0.0, 0.74, 0.11, 0.11, 0.0, 1.0], [0.2, 25.0, 0.0, 0.0])
(45635637, [2.0, 0.64, 0.0, 0.55, 0.0, 3.6, 0.0, 2.53, 0.0, 0.0], [0.0, 0.6, 0.0, 0.74, 0.1, 0.1, 0.0, 1.0], [0.2, 25.0, 0.0, 0.0])
(45735589, [2.0, 0.64, 0.0, 0.55, 0.0, 0.88, 0.0, 2.53, 0.0, 0.0], [0.0, 0.61, 0.0, 0.72, 0.09, 0.1, 0.0, 1.0], [0.2, 25.0, 0.0, 0.0])
(45842837, [2.0, 0.64, 0.0, 0.55, 0.0, 0.89, 0.0, 2.53, 0.0, 0.0], [0.0, 0.6, 0.0, 0.72, 0.11, 0.12, 0.0, 1.0], [0.2, 25.0, 0.0, 0.0])
(45946247, [2.0, 0.64, 0.0, 0.55, 0.0, 0.85, 0.0, 2.49, 0.0, 0.0], [0.0, 0.62, 0.0, 0.73, 0.12, 0.12, 0.0, 1.0], [0.2, 25.0, 0.0, 0.0])
(46044879, [2.0, 0.64, 0.0, 0.55, 0.0, 0.89, 0.0, 2.49, 0.0, 0.0], [0.0, 0.61, 0.0, 0.73, 0.08, 0.09, 0.0, 1.0], [0.2, 25.0, 0.0, 0.0])
(46146498, [2.0, 0.64, 0.0, 0.55, 0.0, 0.85, 0.0, 2.49, 0.0, 0.0], [0.0, 0.6, 0.0, 0.73, 0.1, 0.11, 0.0, 1.0], [0.2, 25.0, 0.0, 0.0])
(46245945, [2.0, 0.64, 0.0, 0.55, 0.0, 0.87, 0.0, 2.51, 0.0, 0.0], [0.0, 0.6, 0.0, 0.72, 0.1, 0.11, 0.0, 1.0], [0.2, 25.0, 0.0, 0.0])
(46346241, [2.0, 0.64, 0.0, 0.55, 0.0, 0.87, 0.0, 2.51, 0.0, 0.0], [0.0, 0.61, 0.0, 0.72, 0.11, 0.12, 0.0, 1.0], [0.2, 25.0, 0.0, 0.0])
(46446006, [2.0, 0.64, 0.0, 0.55, 0.0, 0.87, 0.0, 2.54, 0.0, 0.0], [0.0, 0.61, 0.0, 0.73, 0.09, 0.1, 0.0, 1.0], [0.2, 25.0, 0.0, 0.0])
(46545827, [2.0, 0.64, 0.0, 0.55, 0.0, 0.87, 0.0, 2.54, 0.0, 0.0], [0.0, 0.61, 0.0, 0.72, 0.11, 0.11, 0.0, 1.0], [0.2, 25.0, 0.0, 0.0])
(46645838, [2.0, 0.64, 0.0, 0.55, 0.0, 3.6, 0.0, 2.5, 0.0, 0.0], [0.0, 0.6, 0.0, 0.72, 0.09, 0.1, 0.0, 1.0], [0.2, 25.0, 0.0, 0.0])
(46745763, [2.0, 0.64, 0.0, 0.55, 0.0, 0.87, 0.0, 2.51, 0.0, 0.0], [0.0, 0.6, 0.0, 0.72, 0.11, 0.12, 0.0, 1.0], [0.2, 25.0, 0.0, 0.0])
(46845822, [2.0, 0.64, 0.0, 0.55, 0.0, 0.87, 0.0, 2.51, 0.0, 0.0], [0.0, 0.6, 0.0, 0.72, 0.11, 0.12, 0.0, 1.0], [0.2, 25.0, 0.0, 0.0])
(46945780, [2.0, 0.64, 0.0, 0.55, 0.0, 0.89, 0.0, 2.51, 0.0, 0.0], [0.0, 0.61, 0.0, 0.72, 0.1, 0.11, 0.0, 1.0], [0.2, 25.0, 0.0, 0.0])
(47046421, [2.0, 0.64, 0.0, 0.55, 0.0, 0.89, 0.0, 2.52, 0.0, 0.0], [0.0, 0.6, 0.0, 0.72, 0.09, 0.1, 0.0, 1.0], [0.2, 25.0, 0.0, 0.0])
(47145942, [2.0, 0.64, 0.0, 0.55, 0.0, 0.85, 0.0, 2.53, 0.0, 0.0], [0.0, 0.61, 0.0, 0.71, 0.11, 0.12, 0.0, 1.0], [0.2, 25.0, 0.0, 0.0])
(47245749, [2.0, 0.64, 0.0, 0.55, 0.0, 0.85, 0.0, 2.53, 0.0, 0.0], [0.0, 0.61, 0.0, 0.73, 0.1, 0.11, 0.0, 1.0], [0.2, 25.0, 0.0, 0.0])
(47345767, [2.0, 0.64, 0.0, 0.55, 0.0, 0.86, 0.0, 2.55, 0.0, 0.0], [0.0, 0.6, 0.0, 0.71, 0.11, 0.12, 0.0, 1.0], [0.2, 25.0, 0.0, 0.0])
(47445782, [2.0, 0.64, 0.0, 0.55, 0.0, 0.86, 0.0, 2.51, 0.0, 0.0], [0.0, 0.61, 0.0, 0.72, 0.1, 0.11, 0.0, 1.0], [0.2, 25.0, 0.0, 0.0])
(47545809, [2.0, 0.64, 0.0, 0.55, 0.0, 0.86, 0.0, 2.51, 0.0, 0.0], [0.0, 0.61, 0.0, 0.71, 0.09, 0.1, 0.0, 1.0], [0.2, 25.0, 0.0, 0.0])
(47645748, [2.0, 0.64, 0.0, 0.55, 0.0, 0.87, 0.0, 2.52, 0.0, 0.0], [0.0, 0.59, 0.0, 0.72, 0.1, 0.1, 0.0, 1.0], [0.2, 25.0, 0.0, 0.0])
(47745632, [2.0, 0.64, 0.0, 0.55, 0.0, 0.88, 0.0, 2.52, 0.0, 0.0], [0.0, 0.59, 0.0, 0.71, 0.12, 0.12, 0.0, 1.0], [0.2, 25.0, 0.0, 0.0])
(47846261, [2.0, 0.64, 0.0, 0.55, 0.0, 0.88, 0.0, 2.53, 0.0, 0.0], [0.0, 0.6, 0.0, 0.72, 0.1, 0.11, 0.0, 1.0], [0.2, 25.0, 0.0, 0.0])
(47945603, [2.0, 0.64, 0.0, 0.55, 0.0, 0.88, 0.0, 2.51, 0.0, 0.0], [0.0, 0.6, 0.0, 0.71, 0.1, 0.11, 0.0, 1.0], [0.2, 25.0, 0.0, 0.0])
(48045632, [2.0, 0.64, 0.0, 0.55, 0.0, 0.86, 0.0, 2.51, 0.0, 0.0], [0.0, 0.6, 0.0, 0.72, 0.09, 0.1, 0.0, 1.0], [0.2, 25.0, 0.0, 0.0])
(48145905, [2.0, 0.64, 0.0, 0.55, 0.0, 0.89, 0.0, 3.6, 0.0, 0.0], [0.0, 0.6, 0.0, 0.71, 0.1, 0.11, 0.0, 1.0], [0.2, 25.0, 0.0, 0.0])
(48245611, [2.0, 0.64, 0.0, 0.55, 0.0, 0.87, 0.0, 2.47, 0.0, 0.0], [0.0, 0.59, 0.0, 0.71, 0.1, 0.11, 0.0, 1.0], [0.2, 25.0, 0.0, 0.0])
(48345752, [2.0, 0.64, 0.0, 0.55, 0.0, 0.87, 0.0, 2.53, 0.0, 0.0], [0.0, 0.6, 0.0, 0.69, 0.11, 0.12, 0.0, 1.0], [0.2, 25.0, 0.0, 0.0])
(48445761, [2.0, 0.64, 0.0, 0.55, 0.0, 0.87, 0.0, 2.51, 0.0, 0.0], [0.0, 0.59, 0.0, 0.7, 0.09, 0.1, 0.0, 1.0], [0.2, 25.0, 0.0, 0.0])
(48546230, [2.0, 0.64, 0.0, 0.55, 0.0, 3.6, 0.0, 2.47, 0.0, 0.0], [0.0, 0.59, 0.0, 0.7, 0.1, 0.11, 0.0, 1.0], [0.2, 25.0, 0.0, 0.0])
(48645641, [2.0, 0.64, 0.0, 0.55, 0.0, 3.6, 0.0, 2.55, 0.0, 0.0], [0.0, 0.58, 0.0, 0.7, 0.1, 0.11, 0.0, 1.0], [0.2, 25.0, 0.0, 0.0])
(48745739, [2.0, 0.64, 0.0, 0.55, 0.0, 3.6, 0.0, 2.53, 0.0, 0.0], [0.0, 0.59, 0.0, 0.7, 0.11, 0.12, 0.0, 1.0], [0.2, 25.0, 0.0, 0.0])
(48846319, [2.0, 0.64, 0.0, 0.55, 0.0, 0.86, 0.0, 2.55, 0.0, 0.0], [0.0, 0.59, 0.0, 0.7, 0.11, 0.12, 0.0, 1.0], [0.2, 25.0, 0.0, 0.0])
(48945779, [2.0, 0.64, 0.0, 0.55, 0.0, 0.86, 0.0, 2.51, 0.0, 0.0], [0.0, 0.6, 0.0, 0.7, 0.1, 0.11, 0.0, 1.0], [0.2, 25.0, 0.0, 0.0])
(49045762, [2.0, 0.64, 0.0, 0.55, 0.0, 0.86, 0.0, 2.51, 0.0, 0.0], [0.0, 0.59, 0.0, 0.7, 0.1, 0.11, 0.0, 1.0], [0.2, 25.0, 0.0, 0.0])
(49145757, [2.0, 0.64, 0.0, 0.55, 0.0, 0.89, 0.0, 2.48, 0.0, 0.0], [0.0, 0.59, 0.0, 0.69, 0.1, 0.11, 0.0, 1.0], [0.2, 25.0, 0.0, 0.0])
(49245882, [2.0, 0.64, 0.0, 0.55, 0.0, 0.89, 0.0, 2.52, 0.0, 0.0], [0.0, 0.59, 0.0, 0.7, 0.12, 0.13, 0.0, 1.0], [0.2, 25.0, 0.0, 0.0])
(49345853, [2.0, 0.64, 0.0, 0.55, 0.0, 3.6, 0.0, 2.53, 0.0, 0.0], [0.0, 0.61, 0.0, 0.69, 0.11, 0.12, 0.0, 1.0], [0.2, 25.0, 0.0, 0.0])
(49445821, [2.0, 0.64, 0.0, 0.55, 0.0, 0.85, 0.0, 2.53, 0.0, 0.0], [0.0, 0.59, 0.0, 0.68, 0.12, 0.13, 0.0, 1.0], [0.2, 25.0, 0.0, 0.0])
(49545799, [2.0, 0.64, 0.0, 0.55, 0.0, 0.87, 0.0, 2.5, 0.0, 0.0], [0.0, 0.59, 0.0, 0.68, 0.09, 0.1, 0.0, 1.0], [0.2, 25.0, 0.0, 0.0])
(49645931, [2.0, 0.64, 0.0, 0.55, 0.0, 0.87, 0.0, 2.51, 0.0, 0.0], [0.0, 0.59, 0.0, 0.67, 0.11, 0.12, 0.0, 1.0], [0.2, 25.0, 0.0, 0.0])
(49745785, [2.0, 0.64, 0.0, 0.55, 0.0, 0.88, 0.0, 2.51, 0.0, 0.0], [0.0, 0.59, 0.0, 0.67, 0.11, 0.12, 0.0, 1.0], [0.2, 25.0, 0.0, 0.0])
(49845891, [2.0, 0.64, 0.0, 0.55, 0.0, 0.88, 0.0, 2.52, 0.0, 0.0], [0.0, 0.59, 0.0, 0.66, 0.11, 0.12, 0.0, 1.0], [0.2, 25.0, 0.0, 0.0])
(49945885, [2.0, 0.64, 0.0, 0.55, 0.0, 0.86, 0.0, 2.52, 0.0, 0.0], [0.0, 0.58, 0.0, 0.67, 0.1, 0.1, 0.0, 1.0], [0.2, 25.0, 0.0, 0.0])
(50045717, [2.0, 0.64, 0.0, 0.55, 0.0, 0.86, 0.0, 2.53, 0.0, 0.0], [0.0, 0.58, 0.0, 0.67, 0.11, 0.12, 0.0, 1.0], [0.2, 25.0, 0.0, 0.0])
(50145774, [2.0, 0.64, 0.0, 0.55, 0.0, 3.6, 0.0, 2.51, 0.0, 0.0], [0.0, 0.58, 0.0, 0.67, 0.09, 0.1, 0.0, 1.0], [0.2, 25.0, 0.0, 0.0])
(50246018, [2.0, 0.64, 0.0, 0.55, 0.0, 3.6, 0.0, 2.53, 0.0, 0.0], [0.0, 0.57, 0.0, 0.67, 0.12, 0.13, 0.0, 1.0], [0.2, 25.0, 0.0, 0.0])
(50345612, [2.0, 0.64, 0.0, 0.55, 0.0, 0.86, 0.0, 2.49, 0.0, 0.0], [0.0, 0.57, 0.0, 0.67, 0.11, 0.11, 0.0, 1.0], [0.2, 25.0, 0.0, 0.0])
(50445626, [2.0, 0.64, 0.0, 0.55, 0.0, 0.86, 0.0, 2.49, 0.0, 0.0], [0.0, 0.57, 0.0, 0.68, 0.11, 0.11, 0.0, 1.0], [0.2, 25.0, 0.0, 0.0])
(50545783, [2.0, 0.64, 0.0, 0.55, 0.0, 3.6, 0.0, 2.51, 0.0, 0.0], [0.0, 0.57, 0.0, 0.69, 0.11, 0.11, 0.0, 1.0], [0.2, 25.0, 0.0, 0.0])
(50645941, [2.0, 0.64, 0.0, 0.55, 0.0, 0.88, 0.0, 2.51, 0.0, 0.0], [0.0, 0.57, 0.0, 0.69, 0.11, 0.12, 0.0, 1.0], [0.2, 25.0, 0.0, 0.0])
(50745785, [2.0, 0.64, 0.0, 0.55, 0.0, 0.88, 0.0, 2.52, 0.0, 0.0], [0.0, 0.56, 0.0, 0.7, 0.11, 0.12, 0.0, 1.0], [0.2, 25.0, 0.0, 0.0])
(50845844, [2.0, 0.64, 0.0, 0.55, 0.0, 0.87, 0.0, 2.49, 0.0, 0.0], [0.0, 0.57, 0.0, 0.69, 0.13, 0.14, 0.0, 1.0], [0.2, 25.0, 0.0, 0.0])
(50945793, [2.0, 0.64, 0.0, 0.55, 0.0, 0.89, 0.0, 2.49, 0.0, 0.0], [0.0, 0.56, 0.0, 0.7, 0.1, 0.11, 0.0, 1.0], [0.2, 25.0, 0.0, 0.0])
(51045841, [2.0, 0.64, 0.0, 0.55, 0.0, 0.86, 0.0, 2.51, 0.0, 0.0], [0.0, 0.56, 0.0, 0.69, 0.11, 0.12, 0.0, 1.0], [0.2, 25.0, 0.0, 0.0])
(51145846, [2.0, 0.64, 0.0, 0.54, 0.0, 0.86, 0.0, 2.49, 0.0, 0.0], [0.0, 0.55, 0.0, 0.68, 0.12, 0.13, 0.0, 1.0], [0.2, 25.0, 0.0, 0.0])
(51245789, [2.0, 0.64, 0.0, 0.55, 0.0, 0.89, 0.0, 2.49, 0.0, 0.0], [0.0, 0.56, 0.0, 0.68, 0.12, 0.13, 0.0, 1.0], [0.2, 25.0, 0.0, 0.0])
(51345666, [2.0, 0.64, 0.0, 0.55, 0.0, 0.87, 0.0, 2.49, 0.0, 0.0], [0.0, 0.55, 0.0, 0.68, 0.13, 0.13, 0.0, 1.0], [0.2, 25.0, 0.0, 0.0])
