(18461451, [2.0, 0.59, 0.0, 0.56, 0.0, 3.6, 0.0, 2.55, 0.0, 0.0], [0.0, 0.79, 0.0, 0.89, 0.09, 0.1, 0.0, 1.0], [0.2, 25.0, 0.0, 0.0])
(18560366, [2.0, 0.59, 0.0, 0.56, 0.0, 3.6, 0.0, 2.55, 0.0, 0.0], [0.0, 0.79, 0.0, 0.9, 0.09, 0.1, 0.0, 1.0], [0.2, 25.0, 0.0, 0.0])
(18660286, [2.0, 0.59, 0.0, 0.56, 0.0, 3.6, 0.0, 2.51, 0.0, 0.0], [0.0, 0.79, 0.0, 0.9, 0.09, 0.1, 0.0, 1.0], [0.2, 25.0, 0.0, 0.0])
(18760464, [2.0, 0.59, 0.0, 0.56, 0.0, 3.6, 0.0, 2.52, 0.0, 0.0], [0.0, 0.79, 0.0, 0.9, 0.09, 0.1, 0.0, 1.0], [0.2, 25.0, 0.0, 0.0])
(18861959, [2.0, 0.59, 0.0, 0.56, 0.0, 3.6, 0.0, 2.52, 0.0, 0.0], [0.0, 0.79, 0.0, 0.9, 0.09, 0.1, 0.0, 1.0], [0.2, 25.0, 0.0, 0.0])
(18961019, [2.0, 0.59, 0.0, 0.56, 0.0, 3.6, 0.0, 2.52, 0.0, 0.0], [0.0, 0.79, 0.0, 0.9, 0.09, 0.11, 0.0, 1.0], [0.2, 25.0, 0.0, 0.0])
(19061716, [2.0, 0.58, 0.0, 0.56, 0.0, 3.6, 0.0, 2.55, 0.0, 0.0], [0.0, 0.79, 0.0, 0.9, 0.1, 0.11, 0.0, 1.0], [0.2, 25.0, 0.0, 0.0])
(19160841, [2.0, 0.59, 0.0, 0.56, 0.0, 3.6, 0.0, 2.53, 0.0, 0.0], [0.0, 0.78, 0.0, 0.9, 0.1, 0.11, 0.0, 1.0], [0.2, 25.0, 0.0, 0.0])
(19261421, [2.0, 0.59, 0.0, 0.56, 0.0, 3.6, 0.0, 2.53, 0.0, 0.0], [0.0, 0.78, 0.0, 0.89, 0.1, 0.11, 0.0, 1.0], [0.2, 25.0, 0.0, 0.0])
(19360911, [2.0, 0.59, 0.0, 0.56, 0.0, 3.6, 0.0, 2.54, 0.0, 0.0], [0.0, 0.79, 0.0, 0.9, 0.1, 0.12, 0.0, 1.0], [0.2, 25.0, 0.0, 0.0])
(19460857, [2.0, 0.59, 0.0, 0.56, 0.0, 3.6, 0.0, 2.51, 0.0, 0.0], [0.0, 0.79, 0.0, 0.9, 0.1, 0.12, 0.0, 1.0], [0.2, 25.0, 0.0, 0.0])
(19560989, [2.0, 0.59, 0.0, 0.56, 0.0, 3.6, 0.0, 2.51, 0.0, 0.0], [0.0, 0.79, 0.0, 0.9, 0.11, 0.12, 0.0, 1.0], [0.2, 25.0, 0.0, 0.0])
(19661069, [2.0, 0.59, 0.0, 0.56, 0.0, 3.6, 0.0, 2.52, 0.0, 0.0], [0.0, 0.79, 0.0, 0.9, 0.11, 0.12, 0.0, 1.0], [0.2, 25.0, 0.0, 0.0])
(19760923, [2.0, 0.59, 0.0, 0.56, 0.0, 3.6, 0.0, 2.54, 0.0, 0.0], [0.0, 0.79, 0.0, 0.9, 0.11, 0.12, 0.0, 1.0], [0.2, 25.0, 0.0, 0.0])
(19860669, [2.0, 0.59, 0.0, 0.56, 0.0, 3.6, 0.0, 2.52, 0.0, 0.0], [0.0, 0.79, 0.0, 0.91, 0.11, 0.12, 0.0, 1.0], [0.2, 25.0, 0.0, 0.0])
(19961084, [2.0, 0.59, 0.0, 0.56, 0.0, 3.6, 0.0, 2.51, 0.0, 0.0], [0.0, 0.79, 0.0, 0.9, 0.11, 0.12, 0.0, 1.0], [0.2, 25.0, 0.0, 0.0])
(20060852, [2.0, 0.59, 0.0, 0.56, 0.0, 3.6, 0.0, 2.53, 0.0, 0.0], [0.0, 0.79, 0.0, 0.9, 0.11, 0.12, 0.0, 1.0], [0.2, 25.0, 0.0, 0.0])
(20161205, [2.0, 0.59, 0.0, 0.56, 0.0, 3.6, 0.0, 2.52, 0.0, 0.0], [0.0, 0.79, 0.0, 0.9, 0.11, 0.12, 0.0, 1.0], [0.2, 25.0, 0.0, 0.0])
(20260680, [2.0, 0.59, 0.0, 0.56, 0.0, 3.6, 0.0, 2.52, 0.0, 0.0], [0.0, 0.79, 0.0, 0.91, 0.11, 0.12, 0.0, 1.0], [0.2, 25.0, 0.0, 0.0])
(20360915, [2.0, 0.59, 0.0, 0.56, 0.0, 3.6, 0.0, 2.51, 0.0, 0.0], [0.0, 0.79, 0.0, 0.9, 0.11, 0.12, 0.0, 1.0], [0.2, 25.0, 0.0, 0.0])
(20461268, [2.0, 0.59, 0.0, 0.56, 0.0, 3.6, 0.0, 2.53, 0.0, 0.0], [0.0, 0.78, 0.0, 0.9, 0.11, 0.13, 0.0, 1.0], [0.2, 25.0, 0.0, 0.0])
(20561142, [2.0, 0.59, 0.0, 0.56, 0.0, 3.6, 0.0, 2.54, 0.0, 0.0], [0.0, 0.78, 0.0, 0.91, 0.12, 0.13, 0.0, 1.0], [0.2, 25.0, 0.0, 0.0])
(20660853, [2.0, 0.59, 0.0, 0.56, 0.0, 3.6, 0.0, 2.52, 0.0, 0.0], [0.0, 0.79, 0.0, 0.9, 0.13, 0.14, 0.0, 1.0], [0.2, 25.0, 0.0, 0.0])
(20761696, [2.0, 0.59, 0.0, 0.56, 0.0, 3.6, 0.0, 2.51, 0.0, 0.0], [0.0, 0.79, 0.0, 0.91, 0.13, 0.14, 0.0, 1.0], [0.2, 25.0, 0.0, 0.0])
(20860859, [2.0, 0.59, 0.0, 0.56, 0.0, 3.6, 0.0, 2.52, 0.0, 0.0], [0.0, 0.78, 0.0, 0.91, 0.12, 0.13, 0.0, 1.0], [0.2, 25.0, 0.0, 0.0])
(20961182, [2.0, 0.59, 0.0, 0.56, 0.0, 3.6, 0.0, 2.51, 0.0, 0.0], [0.0, 0.78, 0.0, 0.91, 0.1, 0.11, 0.0, 1.0], [0.2, 25.0, 0.0, 0.0])
(21060853, [2.0, 0.58, 0.0, 0.56, 0.0, 3.6, 0.0, 2.51, 0.0, 0.0], [0.0, 0.77, 0.0, 0.92, 0.05, 0.06, 0.0, 1.0], [0.2, 25.0, 0.0, 0.0])
(21160848, [2.0, 0.59, 0.0, 0.56, 0.0, 3.6, 0.0, 2.52, 0.0, 0.0], [0.0, 0.77, 0.0, 0.9, 0.11, 0.12, 0.0, 1.0], [0.2, 25.0, 0.0, 0.0])
(21260818, [2.0, 0.58, 0.0, 0.56, 0.0, 3.6, 0.0, 2.5, 0.0, 0.0], [0.0, 0.77, 0.0, 0.91, 0.09, 0.1, 0.0, 1.0], [0.2, 25.0, 0.0, 0.0])
(21361097, [2.0, 0.59, 0.0, 0.56, 0.0, 3.6, 0.0, 2.52, 0.0, 0.0], [0.0, 0.78, 0.0, 0.89, 0.1, 0.11, 0.0, 1.0], [0.2, 25.0, 0.0, 0.0])
(21460888, [2.0, 0.59, 0.0, 0.56, 0.0, 3.6, 0.0, 2.55, 0.0, 0.0], [0.0, 0.78, 0.0, 0.89, 0.1, 0.11, 0.0, 1.0], [0.2, 25.0, 0.0, 0.0])
(21561017, [2.0, 0.58, 0.0, 0.56, 0.0, 3.6, 0.0, 2.52, 0.0, 0.0], [0.0, 0.77, 0.0, 0.9, 0.1, 0.11, 0.0, 1.0], [0.2, 25.0, 0.0, 0.0])
(21661120, [2.0, 0.59, 0.0, 0.56, 0.0, 3.6, 0.0, 2.55, 0.0, 0.0], [0.0, 0.77, 0.0, 0.89, 0.12, 0.13, 0.0, 1.0], [0.2, 25.0, 0.0, 0.0])
(21760978, [2.0, 0.59, 0.0, 0.56, 0.0, 3.6, 0.0, 2.56, 0.0, 0.0], [0.0, 0.78, 0.0, 0.9, 0.11, 0.12, 0.0, 1.0], [0.2, 25.0, 0.0, 0.0])
(21860870, [2.0, 0.59, 0.0, 0.56, 0.0, 3.6, 0.0, 2.51, 0.0, 0.0], [0.0, 0.78, 0.0, 0.9, 0.11, 0.12, 0.0, 1.0], [0.2, 25.0, 0.0, 0.0])
(21960783, [2.0, 0.59, 0.0, 0.56, 0.0, 3.6, 0.0, 2.51, 0.0, 0.0], [0.0, 0.78, 0.0, 0.89, 0.1, 0.11, 0.0, 1.0], [0.2, 25.0, 0.0, 0.0])
(22061120, [2.0, 0.59, 0.0, 0.56, 0.0, 3.6, 0.0, 2.53, 0.0, 0.0], [0.0, 0.78, 0.0, 0.89, 0.13, 0.14, 0.0, 1.0], [0.2, 25.0, 0.0, 0.0])
(22160722, [2.0, 0.59, 0.0, 0.56, 0.0, 3.6, 0.0, 2.52, 0.0, 0.0], [0.0, 0.79, 0.0, 0.9, 0.12, 0.13, 0.0, 1.0], [0.2, 25.0, 0.0, 0.0])
(22260835, [2.0, 0.59, 0.0, 0.56, 0.0, 3.6, 0.0, 2.52, 0.0, 0.0], [0.0, 0.78, 0.0, 0.9, 0.11, 0.12, 0.0, 1.0], [0.2, 25.0, 0.0, 0.0])
(22360847, [2.0, 0.58, 0.0, 0.56, 0.0, 3.6, 0.0, 2.53, 0.0, 0.0], [0.0, 0.8, 0.0, 0.89, 0.11, 0.12, 0.0, 1.0], [0.2, 25.0, 0.0, 0.0])
(22461894, [2.0, 0.59, 0.0, 0.56, 0.0, 3.6, 0.0, 2.52, 0.0, 0.0], [0.0, 0.79, 0.0, 0.89, 0.12, 0.13, 0.0, 1.0], [0.2, 25.0, 0.0, 0.0])
(22560886, [2.0, 0.58, 0.0, 0.56, 0.0, 3.6, 0.0, 2.52, 0.0, 0.0], [0.0, 0.8, 0.0, 0.89, 0.13, 0.14, 0.0, 1.0], [0.2, 25.0, 0.0, 0.0])
(22661127, [2.0, 0.59, 0.0, 0.56, 0.0, 3.6, 0.0, 2.53, 0.0, 0.0], [0.0, 0.8, 0.0, 0.9, 0.11, 0.12, 0.0, 1.0], [0.2, 25.0, 0.0, 0.0])
(22760941, [2.0, 0.59, 0.0, 0.56, 0.0, 3.6, 0.0, 2.53, 0.0, 0.0], [0.0, 0.8, 0.0, 0.89, 0.12, 0.13, 0.0, 1.0], [0.2, 25.0, 0.0, 0.0])
(22861258, [2.0, 0.59, 0.0, 0.56, 0.0, 3.6, 0.0, 2.52, 0.0, 0.0], [0.0, 0.81, 0.0, 0.89, 0.11, 0.13, 0.0, 1.0], [0.2, 25.0, 0.0, 0.0])
(22960883, [2.0, 0.59, 0.0, 0.56, 0.0, 3.6, 0.0, 2.51, 0.0, 0.0], [0.0, 0.82, 0.0, 0.89, 0.14, 0.15, 0.0, 1.0], [0.2, 25.0, 0.0, 0.0])
(23061144, [2.0, 0.59, 0.0, 0.56, 0.0, 3.6, 0.0, 2.54, 0.0, 0.0], [0.0, 0.82, 0.0, 0.9, 0.12, 0.13, 0.0, 1.0], [0.2, 25.0, 0.0, 0.0])
(23160881, [2.0, 0.58, 0.0, 0.56, 0.0, 3.6, 0.0, 2.54, 0.0, 0.0], [0.0, 0.82, 0.0, 0.88, 0.13, 0.15, 0.0, 1.0], [0.2, 25.0, 0.0, 0.0])
(23260816, [2.0, 0.59, 0.0, 0.56, 0.0, 3.6, 0.0, 2.51, 0.0, 0.0], [0.0, 0.83, 0.0, 0.89, 0.12, 0.13, 0.0, 1.0], [0.2, 25.0, 0.0, 0.0])
(23360706, [2.0, 0.59, 0.0, 0.56, 0.0, 3.6, 0.0, 2.51, 0.0, 0.0], [0.0, 0.84, 0.0, 0.86, 0.13, 0.09, 0.0, 1.0], [0.2, 25.0, 0.0, 0.0])
(23460840, [2.0, 0.59, 0.0, 0.56, 0.0, 3.6, 0.0, 2.53, 0.0, 0.0], [0.0, 0.81, 0.0, 0.92, 0.13, 0.1, 0.0, 1.0], [0.2, 25.0, 0.0, 0.0])
(23560728, [2.0, 0.59, 0.0, 0.56, 0.0, 3.6, 0.0, 2.5, 0.0, 0.0], [0.0, 0.79, 0.0, 0.96, 0.13, 0.09, 0.0, 1.0], [0.2, 25.0, 0.0, 0.0])
(23661040, [2.0, 0.59, 0.0, 0.56, 0.0, 3.6, 0.0, 2.51, 0.0, 0.0], [0.0, 0.79, 0.0, 0.87, 0.13, 0.01, 0.0, 1.0], [0.2, 25.0, 0.0, 0.0])
(23761040, [2.0, 0.59, 0.0, 0.56, 0.0, 3.6, 0.0, 2.51, 0.0, 0.0], [0.0, 0.76, 0.0, 0.93, 0.13, 359.93, 0.0, 1.0], [0.2, 25.0, 0.0, 0.0])
(23860776, [2.0, 0.59, 0.0, 0.56, 0.0, 3.6, 0.0, 2.52, 0.0, 0.0], [-0.59, 0.79, 0.6, 0.96, 0.13, 359.7, 0.0, 1.0], [0.2, 25.0, 0.0, 0.0])
(23961102, [2.0, 0.58, 0.0, 0.56, 0.0, 3.6, 0.0, 2.51, 0.0, 0.0], [-1.35, 0.76, 1.38, 0.95, 0.13, 359.44, 0.01, 1.0], [0.2, 25.0, 0.0, 0.0])
(24061212, [2.0, 0.59, 0.0, 0.56, 0.0, 3.6, 0.0, 2.5, 0.0, 0.0], [-1.72, 0.77, 1.77, 0.97, 0.13, 359.31, 0.01, 1.0], [0.2, 25.0, 0.0, 0.0])
(24160940, [2.0, 0.59, 0.0, 0.56, 0.0, 3.6, 0.0, 2.5, 0.0, 0.0], [-1.91, 0.8, 1.96, 0.98, 0.13, 359.14, 0.01, 1.0], [0.2, 25.0, 0.0, 0.0])
(24261415, [2.0, 0.59, 0.0, 0.56, 0.0, 3.6, 0.0, 3.6, 0.0, 0.0], [-2.0, 0.76, 2.05, 0.98, 0.13, 358.91, 0.01, 1.0], [0.2, 25.0, 0.0, 0.0])
(24361128, [2.0, 0.58, 0.0, 0.56, 0.0, 3.6, 0.0, 2.54, 0.0, 0.0], [-2.04, 0.77, 2.1, 0.91, 0.13, 358.72, 0.01, 1.0], [0.2, 25.0, 0.0, 0.0])
(24460992, [2.0, 0.59, 0.0, 0.56, 0.0, 3.6, 0.0, 2.51, 0.0, 0.0], [-2.06, 0.83, 2.13, 0.98, 0.13, 358.36, 0.01, 1.0], [0.2, 25.0, 0.0, 0.0])
(24561246, [2.0, 0.58, 0.0, 0.56, 0.0, 0.66, 0.0, 2.52, 0.0, 0.0], [-2.33, 0.79, 1.64, 0.88, 0.13, 357.7, 0.01, 1.0], [0.2, 25.0, 0.0, 0.0])
(24660896, [2.0, 0.58, 0.0, 0.56, 0.0, 0.66, 0.0, 2.53, 0.0, 0.0], [-2.59, 0.77, 1.13, 0.91, 0.13, 356.68, 0.01, 1.0], [0.2, 25.0, 0.0, 0.0])
(24761467, [2.0, 0.58, 0.0, 0.56, 0.0, 3.6, 0.0, 2.53, 0.0, 0.0], [-2.47, 0.77, 1.35, 0.95, 0.13, 355.42, 0.02, 1.0], [0.2, 25.0, 0.0, 0.0])
(24860897, [2.0, 0.58, 0.0, 0.56, 0.0, 3.6, 0.0, 3.6, 0.0, 0.0], [-2.27, 0.94, 1.76, 0.94, 0.13, 354.07, 0.02, 1.0], [0.2, 25.0, 0.0, 0.0])
(24960937, [2.0, 0.58, 0.0, 0.56, 0.0, 3.6, 0.0, 3.6, 0.0, 0.0], [-2.16, 0.76, 1.97, 0.77, 0.13, 352.67, 0.02, 1.0], [0.2, 25.0, 0.0, 0.0])
(25060871, [2.0, 0.57, 0.0, 0.55, 0.0, 3.6, 0.0, 3.6, 0.0, 0.0], [-2.11, 0.6, 2.07, 0.59, 0.13, 351.26, 0.02, 1.0], [0.2, 25.0, 0.0, 0.0])
(25163503, [2.0, 0.57, 0.0, 0.56, 0.0, 3.6, 0.0, 2.42, 0.0, 0.0], [-2.08, 1.01, 2.13, -0.1, 0.13, 350.14, 0.02, 1.0], [0.2, 25.0, 0.0, 0.0])
(25262935, [2.0, 0.56, 0.0, 0.56, 0.0, 3.6, 0.0, 2.42, 0.0, 0.0], [-2.05, 0.61, 2.17, -0.79, 0.13, 349.63, 0.02, 1.0], [0.2, 25.0, 0.0, 0.0])
(25363103, [2.0, 0.55, 0.0, 0.55, 0.0, 3.6, 0.0, 3.6, 0.0, 0.0], [-2.03, 0.63, 2.19, -1.06, 0.13, 349.66, 0.02, 1.0], [0.2, 25.0, 0.0, 0.0])
(25463189, [2.0, 0.55, 0.0, 0.55, 0.0, 3.6, 0.0, 3.6, 0.0, 0.0], [-2.03, 0.45, 2.2, -1.09, 0.13, 350.07, 0.02, 1.0], [0.2, 25.0, 0.0, 0.0])
(25563179, [2.0, 0.52, 0.0, 0.54, 0.0, 3.6, 0.0, 3.6, 0.0, 0.0], [-2.01, 0.52, 2.23, -1.14, 0.13, 350.72, 0.03, 1.0], [0.2, 25.0, 0.0, 0.0])
(25663096, [2.0, 0.51, 0.0, 0.54, 0.0, 3.6, 0.0, 2.5, 0.0, 0.0], [-1.98, 0.86, 2.25, -1.39, 0.13, 351.43, 0.03, 1.0], [0.2, 25.0, 0.0, 0.0])
(25764071, [2.0, 0.47, 0.0, 0.53, 0.0, 3.6, 0.0, 2.55, 0.0, 0.0], [-1.95, 0.23, 2.28, -1.37, 0.13, 351.99, 0.03, 1.0], [0.2, 25.0, 0.0, 0.0])
(25863227, [2.0, 0.44, 0.0, 0.52, 0.0, 3.6, 0.0, 2.55, 0.0, 0.0], [-1.9, 0.02, 2.32, -0.97, 0.13, 352.56, 0.03, 1.0], [0.2, 25.0, 0.0, 0.0])
(25963148, [2.0, 0.39, 0.0, 0.51, 0.0, 3.6, 0.0, 2.59, 0.0, 0.0], [-1.85, 0.04, 2.37, -0.92, 0.13, 353.19, 0.03, 1.0], [0.2, 25.0, 0.0, 0.0])
(26063217, [2.0, 0.36, 0.0, 0.51, 0.0, 3.6, 0.0, 2.59, 0.0, 0.0], [-1.79, 0.16, 2.42, -0.76, 0.13, 353.8, 0.03, 1.0], [0.2, 25.0, 0.0, 0.0])
(26163170, [2.0, 0.3, 0.0, 0.5, 0.0, 3.6, 0.0, 2.61, 0.0, 0.0], [-1.74, 0.53, 2.46, -0.84, 0.13, 354.27, 0.03, 1.0], [0.2, 25.0, 0.0, 0.0])
(26263492, [2.0, 0.27, 0.0, 0.5, 0.0, 3.6, 0.0, 2.61, 0.0, 0.0], [-1.67, 0.92, 2.51, -0.87, 0.13, 354.52, 0.03, 1.0], [0.2, 25.0, 0.0, 0.0])
(26363663, [2.0, 0.19, 0.0, 0.48, 0.0, 3.6, 0.0, 2.58, 0.0, 0.0], [-1.6, 3.01, 2.56, -3.86, 0.13, 357.52, 0.04, 1.0], [0.2, 25.0, 0.0, 0.0])
(26463503, [2.0, 0.2, 0.0, 0.48, 0.0, 3.6, 0.0, 2.62, 0.0, 0.0], [-1.55, 3.95, 2.59, -5.42, 0.13, 1.11, 0.04, 1.0], [0.2, 25.0, 0.0, 0.0])
(26563196, [2.0, 0.18, 0.0, 0.5, 0.0, 3.6, 0.0, 2.58, 0.0, 0.0], [-1.51, 1.35, 2.62, -3.48, 0.13, 1.14, 0.08, 1.0], [0.2, 25.0, 0.0, 0.0])
(26663190, [2.0, 0.18, 0.0, 0.51, 0.0, 3.6, 0.0, 2.53, 0.0, 0.0], [-1.49, 0.51, 2.63, -2.46, 0.13, 359.47, 0.08, 1.0], [0.2, 25.0, 0.0, 0.0])
(26763302, [2.0, 0.19, 0.0, 0.51, 0.0, 3.6, 0.0, 2.57, 0.0, 0.0], [-1.47, 1.2, 2.65, -2.39, 0.13, 359.98, 0.07, 1.0], [0.2, 25.0, 0.0, 0.0])
(26863186, [2.0, 0.19, 0.0, 0.5, 0.0, 3.6, 0.0, 2.56, 0.0, 0.0], [-1.45, 0.98, 2.66, -2.37, 0.13, 0.08, 0.07, 1.0], [0.2, 25.0, 0.0, 0.0])
(26963298, [2.0, 0.18, 0.0, 0.5, 0.0, 3.6, 0.0, 2.57, 0.0, 0.0], [-1.46, 0.87, 2.66, -2.13, 0.13, 359.8, 0.06, 1.0], [0.22, 25.0, 0.0, 0.0])
(27064628, [2.0, 0.18, 0.0, 0.5, 0.0, 3.6, 0.0, 2.56, 0.0, 0.0], [-1.46, 0.04, 2.65, -1.68, 0.13, 359.39, 0.06, 1.0], [0.23, 25.0, 0.0, 0.0])
(27163779, [2.0, 0.18, 0.0, 0.49, 0.0, 3.6, 0.0, 2.57, 0.0, 0.0], [-1.46, -0.1, 2.65, -1.72, 0.13, 359.25, 0.07, 1.0], [0.25, 25.0, 0.0, 0.0])
(27263552, [2.0, 0.18, 0.0, 0.49, 0.0, 3.6, 0.0, 2.6, 0.0, 0.0], [-1.48, 0.27, 2.64, -1.17, 0.13, 359.31, 0.07, 1.0], [0.27, 25.0, 0.0, 0.0])
(27363564, [2.0, 0.19, 0.0, 0.49, 0.0, 3.6, 0.0, 2.57, 0.0, 0.0], [-1.48, 1.25, 2.64, -1.99, 0.13, 359.92, 0.06, 1.0], [0.28, 25.0, 0.0, 0.0])
(27463840, [2.0, 0.19, 0.0, 0.48, 0.0, 3.6, 0.0, 2.56, 0.0, 0.0], [-1.49, 1.14, 2.63, -1.69, 0.13, 359.89, 0.06, 1.0], [0.3, 25.0, 0.0, 0.0])
(27563631, [2.0, 0.18, 0.0, 0.48, 0.0, 3.6, 0.0, 2.55, 0.0, 0.0], [-1.5, 0.75, 2.63, -0.85, 0.13, 0.11, 0.05, 1.0], [0.31, 25.0, 0.0, 0.0])
(27663628, [2.0, 0.19, 0.0, 0.48, 0.0, 3.6, 0.0, 2.6, 0.0, 0.0], [-1.51, 0.59, 2.63, -0.52, 0.13, 359.73, 0.05, 1.0], [0.32, 25.0, 0.0, 0.0])
(27763727, [2.0, 0.18, 0.0, 0.47, 0.0, 3.6, 0.0, 2.58, 0.0, 0.0], [-1.51, -0.14, 2.62, -0.25, 0.13, 359.45, 0.05, 1.0], [0.33, 25.0, 0.0, 0.0])
(27863802, [2.0, 0.18, 0.0, 0.46, 0.0, 3.6, 0.0, 2.6, 0.0, 0.0], [-1.53, -0.25, 2.61, -0.22, 0.13, 359.49, 0.05, 1.0], [0.35, 25.0, 0.0, 0.0])
(27963731, [2.0, 0.19, 0.0, 0.46, 0.0, 3.6, 0.0, 2.61, 0.0, 0.0], [-1.54, -0.15, 2.6, -0.26, 0.13, 359.78, 0.05, 1.0], [0.36, 25.0, 0.0, 0.0])
(28063665, [2.0, 0.19, 0.0, 0.46, 0.0, 3.6, 0.0, 2.61, 0.0, 0.0], [-1.55, -0.18, 2.6, -0.61, 0.13, 359.85, 0.05, 1.0], [0.37, 25.0, 0.0, 0.0])
(28163892, [2.0, 0.18, 0.0, 0.45, 0.0, 3.6, 0.0, 2.61, 0.0, 0.0], [-1.55, -0.08, 2.59, -0.71, 0.13, 359.58, 0.05, 1.0], [0.38, 25.0, 0.0, 0.0])
(28263708, [2.0, 0.18, 0.0, 0.45, 0.0, 3.6, 0.0, 2.61, 0.0, 0.0], [-1.56, -0.21, 2.59, 0.0, 0.13, 359.1, 0.05, 1.0], [0.4, 25.0, 0.0, 0.0])
(28363804, [2.0, 0.19, 0.0, 0.45, 0.0, 3.6, 0.0, 2.61, 0.0, 0.0], [-1.57, -0.26, 2.58, 0.65, 0.13, 358.79, 0.04, 1.0], [0.41, 25.0, 0.0, 0.0])
(28463893, [2.0, 0.19, 0.0, 0.44, 0.0, 3.6, 0.0, 2.61, 0.0, 0.0], [-1.58, -0.53, 2.58, 1.15, 0.13, 358.89, 0.04, 1.0], [0.42, 25.0, 0.0, 0.0])
(28563747, [2.0, 0.19, 0.0, 0.44, 0.0, 3.6, 0.0, 2.61, 0.0, 0.0], [-1.59, -0.98, 2.57, 1.67, 0.13, 358.79, 0.03, 1.0], [0.43, 25.0, 0.0, 0.0])
(28663700, [2.0, 0.2, 0.0, 0.43, 0.0, 3.6, 0.0, 2.61, 0.0, 0.0], [-1.6, -1.16, 2.56, 2.88, 0.13, 358.36, 0.03, 1.0], [0.44, 25.0, 0.0, 0.0])
(28763751, [2.0, 0.19, 0.0, 0.43, 0.0, 3.6, 0.0, 2.62, 0.0, 0.0], [-1.61, -0.38, 2.55, 3.28, 0.13, 358.34, 0.03, 1.0], [0.45, 25.0, 0.0, 0.0])
(28863648, [2.0, 0.19, 0.0, 0.43, 0.0, 3.6, 0.0, 2.66, 0.0, 0.0], [-1.62, 0.11, 2.55, 2.94, 0.13, 358.57, 0.03, 1.0], [0.46, 25.0, 0.0, 0.0])
(28963974, [2.0, 0.19, 0.0, 0.42, 0.0, 3.6, 0.0, 2.62, 0.0, 0.0], [-1.63, -0.34, 2.54, 2.92, 0.13, 358.54, 0.03, 1.0], [0.48, 25.0, 0.0, 0.0])
(29063662, [2.0, 0.2, 0.0, 0.41, 0.0, 3.6, 0.0, 2.64, 0.0, 0.0], [-1.64, -0.42, 2.53, 2.92, 0.13, 358.19, 0.03, 1.0], [0.48, 25.0, 0.0, 0.0])
(29164165, [2.0, 0.2, 0.0, 0.41, 0.0, 3.6, 0.0, 2.64, 0.0, 0.0], [-1.66, -0.57, 2.52, 2.78, 0.13, 357.21, 0.02, 1.0], [0.49, 25.0, 0.0, 0.0])
(29263700, [2.0, 0.21, 0.0, 0.4, 0.0, 3.6, 0.0, 2.64, 0.0, 0.0], [-1.67, -1.25, 2.51, 2.5, 0.13, 355.98, 0.02, 1.0], [0.49, 25.0, 0.0, 0.0])
(29363651, [2.0, 0.22, 0.0, 0.39, 0.0, 3.6, 0.0, 2.68, 0.0, 0.0], [-1.7, -1.01, 2.49, 1.81, 0.13, 354.4, 0.02, 1.0], [0.5, 25.0, 0.0, 0.0])
(29463657, [2.0, 0.22, 0.0, 0.38, 0.0, 3.6, 0.0, 2.68, 0.0, 0.0], [-1.73, -1.57, 2.47, 1.41, 0.13, 352.76, 0.02, 1.0], [0.51, 25.0, 0.0, 0.0])
(29563640, [2.0, 0.24, 0.0, 0.35, 0.0, 3.6, 0.0, 3.6, 0.0, 0.0], [-1.77, -1.66, 2.44, 1.34, 0.13, 351.62, 0.02, 1.0], [0.52, 25.0, 0.0, 0.0])
(29663935, [2.0, 0.24, 0.0, 0.35, 0.0, 3.6, 0.0, 2.8, 0.0, 0.0], [-1.81, -2.24, 2.41, 1.84, 0.13, 350.77, 0.02, 1.0], [0.52, 25.0, 0.0, 0.0])
(29764134, [2.0, 0.25, 0.0, 0.33, 0.0, 3.6, 0.0, 2.8, 0.0, 0.0], [-1.83, -3.22, 2.38, 1.64, 0.13, 350.33, 0.02, 1.0], [0.54, 25.0, 0.0, 0.0])
(29864152, [2.0, 0.26, 0.0, 0.32, 0.0, 3.6, 0.0, 3.6, 0.0, 0.0], [-1.87, -3.99, 2.35, 1.56, 0.13, 350.33, 0.02, 1.0], [0.55, 25.0, 0.0, 0.0])
(29963924, [2.0, 0.27, 0.0, 0.32, 0.0, 3.6, 0.0, 3.6, 0.0, 0.0], [-1.9, -4.45, 2.32, 2.04, 0.13, 350.32, 0.03, 1.0], [0.55, 25.0, 0.0, 0.0])
(30063945, [2.0, 0.28, 0.0, 0.32, 0.0, 3.6, 0.0, 3.6, 0.0, 0.0], [-1.92, -5.54, 2.3, 3.22, 0.13, 350.06, 0.03, 1.0], [0.56, 25.0, 0.0, 0.0])
(30164491, [2.0, 0.3, 0.0, 0.33, 0.0, 3.6, 0.0, 2.78, 0.0, 0.0], [-1.95, -5.95, 2.28, 3.69, 0.13, 349.87, 0.03, 1.0], [0.56, 25.0, 0.0, 0.0])
(30264072, [2.0, 0.31, 0.0, 0.34, 0.0, 3.6, 0.0, 2.78, 0.0, 0.0], [-1.96, -6.35, 2.27, 3.72, 0.13, 350.05, 0.03, 1.0], [0.58, 25.0, 0.0, 0.0])
(30364143, [2.0, 0.34, 0.0, 0.37, 0.0, 3.6, 0.0, 2.74, 0.0, 0.0], [-1.97, -6.6, 2.26, 3.78, 0.13, 350.71, 0.05, 1.0], [0.58, 25.0, 0.0, 0.0])
(30464088, [2.0, 0.36, 0.0, 0.39, 0.0, 3.6, 0.0, 2.74, 0.0, 0.0], [-1.97, -6.83, 2.26, 3.2, 0.13, 351.77, 0.05, 1.0], [0.57, 25.0, 0.0, 0.0])
(30565058, [2.0, 0.4, 0.0, 0.44, 0.0, 3.6, 0.0, 3.6, 0.0, 0.0], [-1.97, -6.42, 2.27, 2.75, 0.13, 352.79, 0.05, 1.0], [0.56, 25.0, 0.0, 0.0])
(30664641, [2.0, 0.43, 0.0, 0.47, 0.0, 3.6, 0.0, 2.63, 0.0, 0.0], [-1.95, -5.51, 2.28, 2.3, 0.13, 354.07, 0.05, 1.0], [0.56, 25.0, 0.0, 0.0])
(30764646, [2.0, 0.48, 0.0, 0.54, 0.0, 3.6, 0.0, 2.6, 0.0, 0.0], [-1.93, -4.38, 2.3, 1.63, 0.13, 355.38, 0.06, 1.0], [0.56, 25.0, 0.0, 0.0])
(30864570, [2.0, 0.51, 0.0, 0.58, 0.0, 3.6, 0.0, 2.6, 0.0, 0.0], [-1.88, -3.53, 2.34, 1.59, 0.13, 357.01, 0.06, 1.0], [0.55, 25.0, 0.0, 0.0])
(30964552, [2.0, 0.53, 0.0, 0.68, 0.0, 3.6, 0.0, 2.41, 0.0, 0.0], [-1.77, -2.64, 2.43, 2.25, 0.13, 358.57, 0.05, 1.0], [0.55, 25.0, 0.0, 0.0])
(31064613, [2.0, 0.59, 0.0, 0.72, 0.0, 3.6, 0.0, 2.36, 0.0, 0.0], [-1.65, -1.69, 2.52, 2.9, 0.13, 359.36, 0.05, 1.0], [0.55, 25.0, 0.0, 0.0])
(31164512, [2.0, 0.62, 0.0, 0.83, 0.0, 3.6, 0.0, 2.25, 0.0, 0.0], [-1.45, -0.42, 2.65, 2.77, 0.13, 359.03, 0.05, 1.0], [0.55, 25.0, 0.0, 0.0])
(31264517, [2.0, 0.68, 0.0, 0.88, 0.0, 3.6, 0.0, 2.16, 0.0, 0.0], [-1.21, 0.6, 2.77, 2.12, 0.13, 357.61, 0.05, 1.0], [0.55, 25.0, 0.0, 0.0])
(31364473, [2.0, 0.72, 0.0, 0.99, 0.0, 3.6, 0.0, 2.06, 0.0, 0.0], [-0.78, 0.98, 2.91, 1.8, 0.13, 355.48, 0.05, 1.0], [0.55, 25.0, 0.0, 0.0])
(31464521, [2.0, 0.8, 0.0, 1.09, 0.0, 3.6, 0.0, 2.06, 0.0, 0.0], [-0.35, 1.61, 3.0, 0.83, 0.13, 352.77, 0.05, 1.0], [0.54, 25.0, 0.0, 0.0])
(31564695, [2.0, 0.84, 0.0, 1.15, 0.0, 3.6, 0.0, 1.94, 0.0, 0.0], [-0.12, 1.9, 3.05, -0.09, 0.13, 349.73, 0.06, 1.0], [0.55, 25.0, 0.0, 0.0])
(31668026, [2.0, 0.91, 0.0, 1.27, 0.0, 0.37, 0.0, 1.94, 0.0, 0.0], [0.0, 2.06, 3.03, -0.33, 0.13, 346.67, 0.06, 1.0], [0.2, 25.0, 0.0, 0.0])
(31768147, [2.0, 0.95, 0.0, 1.32, 0.0, 0.37, 0.0, 3.6, 0.0, 0.0], [0.04, 2.25, 0.25, -1.42, 0.13, 344.05, 0.06, 1.0], [0.2, 25.0, 0.0, 0.0])
(31869003, [2.0, 1.02, 0.0, 1.43, 0.0, 0.26, 0.0, 0.67, 0.0, 0.0], [0.09, 2.39, -1.33, -3.42, 0.13, 341.47, 0.06, 1.0], [0.54, 25.0, 0.0, 0.0])
(31968446, [2.0, 1.05, 0.0, 1.49, 0.0, 0.25, 0.0, 0.61, 0.0, 0.0], [0.75, 2.37, -1.97, -2.81, 0.13, 338.68, 0.07, 1.0], [0.54, 25.0, 0.0, 0.0])
(32068530, [2.0, 1.11, 0.0, 1.6, 0.0, 0.28, 0.0, 0.51, 0.0, 0.0], [1.19, 1.94, -2.23, -0.75, 0.13, 334.67, 0.07, 1.0], [0.54, 25.0, 0.0, 0.0])
(32169309, [2.0, 3.6, 0.0, 1.7, 0.0, 0.3, 0.0, 0.46, 0.0, 0.0], [1.55, 1.61, -2.26, 1.22, 359.1, 332.52, 0.08, 1.0], [0.2, 25.0, 0.0, 0.0])
(32268224, [2.0, 2.52, 0.0, 1.73, 0.0, 0.3, 0.0, 0.45, 0.0, 0.0], [1.77, 1.91, -2.25, 1.97, 358.31, 331.8, 0.08, 1.0], [0.54, 25.0, 0.0, 0.0])
(32368424, [2.0, 2.54, 0.0, 1.75, 0.0, 0.3, 0.0, 0.46, 0.0, 0.0], [1.86, 2.09, -2.25, 2.15, 358.29, 332.15, 0.07, 1.0], [0.54, 25.0, 0.0, 0.0])
(32468536, [2.0, 2.53, 0.0, 1.76, 0.0, 0.3, 0.0, 0.47, 0.0, 0.0], [1.89, 1.69, -2.26, 2.46, 358.29, 333.25, 0.07, 1.0], [0.54, 25.0, 0.0, 0.0])
(32569196, [2.0, 2.53, 0.0, 1.8, 0.0, 0.31, 0.0, 0.51, 0.0, 0.0], [1.88, 1.41, -2.29, 2.35, 358.29, 334.91, 0.07, 1.0], [0.2, 25.0, 0.0, 0.0])
(32668579, [2.0, 2.48, 0.0, 1.83, 0.0, 0.31, 0.0, 0.54, 0.0, 0.0], [1.83, 1.75, -2.33, 1.81, 358.29, 336.95, 0.07, 1.0], [0.55, 25.0, 0.0, 0.0])
(32768139, [2.0, 2.44, 0.0, 1.85, 0.0, 0.31, 0.0, 0.59, 0.0, 0.0], [1.75, 1.75, -2.39, 1.25, 358.29, 339.16, 0.07, 1.0], [0.54, 25.0, 0.0, 0.0])
(32867998, [2.0, 2.44, 0.0, 1.89, 0.0, 0.3, 0.0, 0.63, 0.0, 0.0], [1.64, 2.06, -2.46, 0.6, 358.29, 341.38, 0.07, 1.0], [0.55, 25.0, 0.0, 0.0])
(32968122, [2.0, 2.36, 0.0, 1.88, 0.0, 0.31, 0.0, 0.72, 0.0, 0.0], [1.47, 2.55, -2.55, -0.24, 358.29, 343.56, 0.07, 1.0], [0.55, 25.0, 0.0, 0.0])
(33068274, [2.0, 2.31, 0.0, 1.87, 0.0, 0.31, 0.0, 0.89, 0.0, 0.0], [1.24, 2.65, -2.65, -0.46, 358.29, 345.77, 0.07, 1.0], [0.55, 25.0, 0.0, 0.0])
(33168040, [2.0, 2.27, 0.0, 1.86, 0.0, 0.31, 0.0, 1.07, 0.0, 0.0], [0.77, 1.88, -2.76, -1.01, 358.29, 347.83, 0.07, 1.0], [0.55, 25.0, 0.0, 0.0])
(33268214, [2.0, 2.22, 0.0, 1.84, 0.0, 0.32, 0.0, 1.22, 0.0, 0.0], [0.43, 1.81, -2.83, -1.7, 358.29, 349.73, 0.07, 1.0], [0.55, 25.0, 0.0, 0.0])
(33368596, [2.0, 2.11, 0.0, 1.83, 0.0, 0.33, 0.0, 1.24, 0.0, 0.0], [0.26, 1.98, -2.86, -2.33, 358.29, 351.41, 0.06, 1.0], [0.55, 25.0, 0.0, 0.0])
(33468179, [2.0, 2.11, 0.0, 1.84, 0.0, 0.34, 0.0, 1.27, 0.0, 0.0], [0.18, 2.29, -2.88, -2.27, 358.29, 353.04, 0.06, 1.0], [0.55, 25.0, 0.0, 0.0])
(33568261, [2.0, 3.6, 0.0, 1.82, 0.0, 0.36, 0.0, 1.27, 0.0, 0.0], [0.14, 2.07, -2.89, -1.85, 358.29, 354.16, 0.05, 1.0], [0.56, 25.0, 0.0, 0.0])
(33667809, [2.0, 0.88, 0.0, 1.81, 0.0, 0.38, 0.0, 1.28, 0.0, 0.0], [0.11, 1.77, -2.89, -1.35, 358.29, 354.94, 0.05, 1.0], [0.55, 25.0, 0.0, 0.0])
(33768643, [2.0, 0.84, 0.0, 1.79, 0.0, 0.42, 0.0, 1.28, 0.0, 0.0], [0.1, 1.46, -2.89, -1.21, 358.29, 355.28, 0.05, 1.0], [0.2, 25.0, 0.0, 0.0])
(33868563, [2.0, 0.78, 0.0, 1.78, 0.0, 0.45, 0.0, 1.3, 0.0, 0.0], [0.1, 0.75, -2.89, -1.47, 358.29, 355.1, 0.05, 1.0], [0.56, 25.0, 0.0, 0.0])
(33968199, [2.0, 0.75, 0.0, 1.77, 0.0, 0.5, 0.0, 1.3, 0.0, 0.0], [0.1, 0.29, -2.89, -2.04, 358.29, 354.37, 0.05, 1.0], [0.56, 25.0, 0.0, 0.0])
(34068404, [2.0, 0.69, 0.0, 1.75, 0.0, 0.53, 0.0, 1.32, 0.0, 0.0], [0.1, 0.35, -2.89, -2.8, 358.29, 353.13, 0.05, 1.0], [0.56, 25.0, 0.0, 0.0])
(34168709, [2.0, 0.66, 0.0, 1.74, 0.0, 0.6, 0.0, 1.35, 0.0, 0.0], [0.1, 0.46, -2.86, -3.51, 358.29, 352.01, 0.05, 1.0], [0.57, 25.0, 0.0, 0.0])
(34268271, [2.0, 0.59, 0.0, 1.73, 0.0, 0.64, 0.0, 1.35, 0.0, 0.0], [0.1, 0.56, -1.06, -3.77, 358.29, 351.35, 0.05, 1.0], [0.57, 25.0, 0.0, 0.0])
(34368826, [2.0, 0.51, 0.0, 1.72, 0.0, 0.72, 0.0, 1.37, 0.0, 0.0], [0.1, 1.7, 1.0, -0.41, 358.29, 350.71, 0.05, 1.0], [0.2, 25.0, 0.0, 0.0])
(34468257, [2.0, 0.47, 0.0, 1.66, 0.0, 0.8, 0.0, 1.39, 0.0, 0.0], [0.1, 2.89, 2.06, 1.07, 358.29, 349.97, 0.05, 1.0], [0.57, 25.0, 0.0, 0.0])
(34568257, [2.0, 0.38, 0.0, 1.6, 0.0, 0.85, 0.0, 1.42, 0.0, 0.0], [0.1, 3.06, 2.58, 2.08, 358.29, 349.33, 0.05, 1.0], [0.58, 25.0, 0.0, 0.0])
(34668559, [2.0, 0.33, 0.0, 1.6, 0.0, 0.94, 0.0, 1.43, 0.0, 0.0], [0.1, 3.38, 2.84, 2.27, 358.29, 348.38, 0.05, 1.0], [0.58, 25.0, 0.0, 0.0])
(34768113, [2.0, 0.24, 0.0, 3.6, 0.0, 0.98, 0.0, 1.47, 0.0, 0.0], [0.1, 5.98, 2.97, -2.61, 358.29, 347.46, 0.1, 1.0], [0.58, 25.0, 0.0, 0.0])
(34867942, [2.0, 0.23, 0.0, 0.6, 0.0, 1.01, 0.0, 1.48, 0.0, 0.0], [-0.5, 1.91, 2.88, 1.35, 358.29, 347.08, 0.1, 1.0], [0.57, 25.0, 0.0, 0.0])
(34967952, [2.0, 0.25, 0.0, 0.61, 0.0, 1.01, 0.0, 1.51, 0.0, 0.0], [-0.9, 0.88, 2.82, 0.31, 358.29, 345.73, 0.09, 1.0], [0.56, 25.0, 0.0, 0.0])
(35068242, [2.0, 0.25, 0.0, 0.55, 0.0, 1.0, 0.0, 1.53, 0.0, 0.0], [-1.14, 0.74, 2.76, -1.18, 358.29, 344.7, 0.09, 1.0], [0.56, 25.0, 0.0, 0.0])
(35169254, [2.0, 0.25, 0.0, 0.53, 0.0, 1.01, 0.0, 1.56, 0.0, 0.0], [-1.3, 0.0, 2.71, -1.57, 358.29, 343.68, 0.08, 1.0], [0.55, 25.0, 0.0, 0.0])
(35269562, [2.0, 0.26, 0.0, 0.53, 0.0, 1.02, 0.0, 1.56, 0.0, 0.0], [-1.4, -0.07, 2.67, -1.61, 358.29, 344.7, 0.08, 1.0], [0.55, 25.0, 0.0, 0.0])
(35368912, [2.0, 0.25, 0.0, 0.55, 0.0, 1.04, 0.0, 1.55, 0.0, 0.0], [-1.44, 0.25, 2.66, -1.64, 358.29, 346.1, 0.08, 1.0], [0.55, 25.0, 0.0, 0.0])
(35468859, [2.0, 0.25, 0.0, 0.56, 0.0, 1.01, 0.0, 1.52, 0.0, 0.0], [-1.43, -0.28, 2.67, -1.1, 358.29, 348.12, 0.08, 1.0], [0.55, 25.0, 0.0, 0.0])
(35568929, [2.0, 0.24, 0.0, 0.62, 0.0, 0.99, 0.0, 1.51, 0.0, 0.0], [-1.39, -1.39, 2.69, -0.36, 358.29, 350.19, 0.08, 1.0], [0.55, 25.0, 0.0, 0.0])
(35669495, [2.0, 0.23, 0.0, 0.67, 0.0, 1.01, 0.0, 1.47, 0.0, 0.0], [-1.27, -1.23, 2.75, -0.43, 358.29, 353.52, 0.08, 1.0], [0.56, 25.0, 0.0, 0.0])
(35769265, [2.0, 0.22, 0.0, 0.76, 0.0, 1.01, 0.0, 1.44, 0.0, 0.0], [-1.04, -1.0, 2.85, 0.06, 358.29, 357.1, 0.07, 1.0], [0.56, 25.0, 0.0, 0.0])
(35869422, [2.0, 0.21, 0.0, 0.76, 0.0, 1.0, 0.0, 1.4, 0.0, 0.0], [-0.9, -0.68, 2.91, 1.18, 358.29, 0.41, 0.07, 1.0], [0.56, 25.0, 0.0, 0.0])
(35969116, [2.0, 0.2, 0.0, 1.61, 0.0, 1.0, 0.0, 1.38, 0.0, 0.0], [-0.44, -0.22, 3.0, 2.45, 358.29, 3.8, 0.07, 1.0], [0.56, 25.0, 0.0, 0.0])
(36069615, [2.0, 0.2, 0.0, 1.66, 0.0, 1.0, 0.0, 1.36, 0.0, 0.0], [-0.16, -0.03, 3.05, 3.4, 358.29, 5.96, 0.07, 1.0], [0.56, 25.0, 0.0, 0.0])
(36169579, [2.0, 0.2, 0.0, 1.67, 0.0, 1.0, 0.0, 1.34, 0.0, 0.0], [-0.03, -0.37, 3.07, 4.1, 358.29, 6.93, 0.06, 1.0], [0.57, 25.0, 0.0, 0.0])
(36269132, [2.0, 0.2, 0.0, 1.7, 0.0, 1.01, 0.0, 1.32, 0.0, 0.0], [0.03, -0.62, 3.08, 4.41, 358.29, 6.52, 0.06, 1.0], [0.57, 25.0, 0.0, 0.0])
(36368918, [2.0, 0.2, 0.0, 1.7, 0.0, 1.0, 0.0, 1.29, 0.0, 0.0], [0.06, -0.07, 3.09, 4.79, 358.29, 5.11, 0.05, 1.0], [0.57, 25.0, 0.0, 0.0])
(36468913, [2.0, 0.21, 0.0, 1.71, 0.0, 1.0, 0.0, 1.28, 0.0, 0.0], [0.08, 0.51, 3.09, 4.75, 358.29, 3.17, 0.05, 1.0], [0.58, 25.0, 0.0, 0.0])
(36568903, [2.0, 0.22, 0.0, 1.69, 0.0, 0.99, 0.0, 1.27, 0.0, 0.0], [0.09, 0.85, 3.09, 4.42, 358.29, 1.15, 0.04, 1.0], [0.58, 25.0, 0.0, 0.0])
(36669048, [2.0, 0.25, 0.0, 1.65, 0.0, 0.97, 0.0, 1.26, 0.0, 0.0], [0.09, 0.75, 3.09, 3.75, 358.29, 359.5, 0.04, 1.0], [0.58, 25.0, 0.0, 0.0])
(36769143, [2.0, 0.26, 0.0, 1.62, 0.0, 0.96, 0.0, 1.26, 0.0, 0.0], [0.09, 0.63, 3.09, 3.38, 358.29, 358.34, 0.04, 1.0], [0.58, 25.0, 0.0, 0.0])
(36868911, [2.0, 0.29, 0.0, 1.6, 0.0, 0.95, 0.0, 1.25, 0.0, 0.0], [0.09, -0.03, 3.09, 3.58, 358.29, 357.62, 0.04, 1.0], [0.59, 25.0, 0.0, 0.0])
(36969142, [2.0, 0.32, 0.0, 1.65, 0.0, 0.94, 0.0, 1.24, 0.0, 0.0], [0.09, -0.84, 3.09, 4.11, 358.29, 357.25, 0.03, 1.0], [0.58, 25.0, 0.0, 0.0])
(37069583, [2.0, 0.34, 0.0, 1.69, 0.0, 0.9, 0.0, 1.25, 0.0, 0.0], [0.09, -1.46, 3.09, 4.59, 358.29, 357.08, 0.03, 1.0], [0.58, 25.0, 0.0, 0.0])
(37169194, [2.0, 0.38, 0.0, 1.72, 0.0, 0.89, 0.0, 1.23, 0.0, 0.0], [0.09, -2.33, 3.09, 5.22, 358.29, 357.11, 0.03, 1.0], [0.58, 25.0, 0.0, 0.0])
(37269048, [2.0, 0.42, 0.0, 1.79, 0.0, 0.84, 0.0, 1.23, 0.0, 0.0], [0.09, -3.48, 3.09, 5.33, 358.29, 356.88, 0.03, 1.0], [0.58, 25.0, 0.0, 0.0])
(37369104, [2.0, 0.53, 0.0, 1.83, 0.0, 0.82, 0.0, 1.21, 0.0, 0.0], [0.09, -3.03, 3.09, 5.07, 358.29, 356.1, 0.03, 1.0], [0.57, 25.0, 0.0, 0.0])
(37468926, [2.0, 0.53, 0.0, 1.82, 0.0, 0.76, 0.0, 1.2, 0.0, 0.0], [0.09, -1.99, 3.09, 4.41, 358.29, 354.66, 0.03, 1.0], [0.57, 25.0, 0.0, 0.0])
(37569257, [2.0, 1.84, 0.0, 1.84, 0.0, 0.73, 0.0, 1.19, 0.0, 0.0], [0.09, -0.43, 1.37, 2.56, 358.29, 353.24, 0.03, 1.0], [0.58, 25.0, 0.0, 0.0])
(37669104, [2.0, 1.86, 0.0, 1.89, 0.0, 0.67, 0.0, 1.16, 0.0, 0.0], [0.09, 1.88, -0.79, -2.26, 358.29, 352.19, 0.03, 1.0], [0.56, 25.0, 0.0, 0.0])
(37769158, [2.0, 1.94, 0.0, 1.91, 0.0, 0.64, 0.0, 1.14, 0.0, 0.0], [0.09, 2.88, -1.85, -4.77, 358.29, 351.71, 0.03, 1.0], [0.56, 25.0, 0.0, 0.0])
(37869043, [2.0, 1.98, 0.0, 1.98, 0.0, 0.59, 0.0, 1.12, 0.0, 0.0], [0.09, 2.76, -2.38, -5.78, 358.29, 351.99, 0.04, 1.0], [0.56, 25.0, 0.0, 0.0])
(37968909, [2.0, 2.02, 0.0, 2.0, 0.0, 0.56, 0.0, 1.11, 0.0, 0.0], [0.09, 2.17, -2.64, -5.64, 358.29, 352.83, 0.04, 1.0], [0.55, 25.0, 0.0, 0.0])
(38069451, [2.0, 2.02, 0.0, 2.02, 0.0, 0.52, 0.0, 1.09, 0.0, 0.0], [0.09, 1.41, -2.77, -4.71, 358.29, 353.95, 0.07, 1.0], [0.55, 25.0, 0.0, 0.0])
(38168822, [2.0, 2.01, 0.0, 2.03, 0.0, 0.51, 0.0, 1.06, 0.0, 0.0], [0.09, 0.71, -2.83, -3.39, 358.29, 354.89, 0.07, 1.0], [0.56, 25.0, 0.0, 0.0])
(38269040, [2.0, 2.02, 0.0, 2.06, 0.0, 0.5, 0.0, 1.04, 0.0, 0.0], [0.09, 0.5, -2.86, -2.04, 358.29, 355.35, 0.08, 1.0], [0.56, 25.0, 0.0, 0.0])
(38368963, [2.0, 1.98, 0.0, 2.06, 0.0, 0.51, 0.0, 1.02, 0.0, 0.0], [0.09, 0.09, -2.88, -1.09, 358.29, 355.23, 0.08, 1.0], [0.56, 25.0, 0.0, 0.0])
(38469020, [2.0, 1.99, 0.0, 2.07, 0.0, 0.52, 0.0, 1.01, 0.0, 0.0], [0.09, 0.23, -2.89, -1.31, 358.29, 354.73, 0.08, 1.0], [0.56, 25.0, 0.0, 0.0])
(38568875, [2.0, 1.96, 0.0, 2.08, 0.0, 0.56, 0.0, 1.0, 0.0, 0.0], [0.09, 0.64, -2.89, -1.31, 358.29, 353.9, 0.08, 1.0], [0.56, 25.0, 0.0, 0.0])
(38669230, [2.0, 1.95, 0.0, 2.09, 0.0, 0.58, 0.0, 0.99, 0.0, 0.0], [0.13, 0.68, -2.89, -1.5, 358.29, 353.0, 0.07, 1.0], [0.55, 25.0, 0.0, 0.0])
(38769038, [2.0, 1.9, 0.0, 2.05, 0.0, 0.62, 0.0, 0.97, 0.0, 0.0], [0.21, 0.54, -2.89, -1.22, 358.29, 352.0, 0.07, 1.0], [0.55, 25.0, 0.0, 0.0])
(38869605, [2.0, 1.89, 0.0, 2.05, 0.0, 0.64, 0.0, 0.96, 0.0, 0.0], [0.29, 0.69, -2.89, -0.3, 358.29, 351.22, 0.07, 1.0], [0.55, 25.0, 0.0, 0.0])
(38968906, [2.0, 1.87, 0.0, 1.93, 0.0, 0.68, 0.0, 0.95, 0.0, 0.0], [0.37, 0.23, -2.88, 0.33, 358.29, 350.63, 0.07, 1.0], [0.56, 25.0, 0.0, 0.0])
(39075477, [2.0, 1.84, 0.0, 1.93, 0.0, 0.7, 0.0, 0.95, 0.0, 0.0], [0.47, -0.66, -2.87, 0.4, 358.29, 350.27, 0.06, 1.0], [0.55, 25.0, 0.0, 0.0])
(39179218, [2.0, 1.81, 0.0, 1.42, 0.0, 0.75, 0.0, 0.94, 0.0, 0.0], [0.6, -0.58, -2.85, 0.2, 358.29, 350.24, 0.06, 1.0], [0.56, 25.0, 0.0, 0.0])
(39279030, [2.0, 1.76, 0.0, 1.27, 0.0, 0.77, 0.0, 0.92, 0.0, 0.0], [0.78, -0.55, -2.81, 0.33, 358.29, 350.41, 0.05, 1.0], [0.56, 25.0, 0.0, 0.0])
(39379107, [2.0, 1.75, 0.0, 1.27, 0.0, 0.81, 0.0, 0.91, 0.0, 0.0], [0.99, -0.31, -2.74, 0.56, 358.29, 350.76, 0.05, 1.0], [0.56, 25.0, 0.0, 0.0])
(39479106, [2.0, 1.7, 0.0, 1.27, 0.0, 0.83, 0.0, 0.89, 0.0, 0.0], [1.3, 0.26, -2.61, 0.38, 358.29, 350.85, 0.05, 1.0], [0.57, 25.0, 0.0, 0.0])
(39579071, [2.0, 1.68, 0.0, 1.05, 0.0, 0.87, 0.0, 0.87, 0.0, 0.0], [1.67, 1.01, -2.39, 0.14, 358.29, 350.63, 0.05, 1.0], [0.56, 25.0, 0.0, 0.0])
(39679188, [2.0, 1.66, 0.0, 0.96, 0.0, 0.91, 0.0, 0.86, 0.0, 0.0], [2.03, 1.37, -2.11, 0.46, 358.29, 350.15, 0.04, 1.0], [0.56, 25.0, 0.0, 0.0])
(39779031, [2.0, 1.64, 0.0, 0.91, 0.0, 0.93, 0.0, 0.85, 0.0, 0.0], [2.14, 1.47, -2.03, 0.46, 358.29, 349.43, 0.04, 1.0], [0.57, 25.0, 0.0, 0.0])
(39879032, [2.0, 1.6, 0.0, 0.85, 0.0, 0.98, 0.0, 0.84, 0.0, 0.0], [1.33, 1.37, -1.95, 0.16, 358.29, 348.78, 0.04, 1.0], [0.56, 25.0, 0.0, 0.0])
(39979069, [2.0, 1.58, 0.0, 0.74, 0.0, 1.01, 0.0, 0.84, 0.0, 0.0], [0.11, 0.17, -1.15, 0.34, 358.29, 348.53, 0.04, 1.0], [0.57, 25.0, 0.0, 0.0])
(40078918, [2.0, 1.53, 0.0, 0.66, 0.0, 1.05, 0.0, 0.83, 0.0, 0.0], [-1.41, -2.28, -0.51, 0.86, 358.29, 348.79, 0.03, 1.0], [0.57, 25.0, 0.0, 0.0])
(40178894, [2.0, 1.5, 0.0, 0.62, 0.0, 1.06, 0.0, 0.82, 0.0, 0.0], [-2.16, -3.84, -0.2, 0.64, 358.29, 349.49, 0.03, 1.0], [0.58, 25.0, 0.0, 0.0])
(40279091, [2.0, 1.47, 0.0, 0.56, 0.0, 1.09, 0.0, 0.8, 0.0, 0.0], [-2.53, -3.77, -0.05, -0.01, 358.29, 350.19, 0.03, 1.0], [0.57, 25.0, 0.0, 0.0])
(40379113, [2.0, 1.44, 0.0, 0.54, 0.0, 1.12, 0.0, 0.78, 0.0, 0.0], [-2.72, -3.31, 0.02, -0.53, 358.29, 350.39, 0.03, 1.0], [0.57, 25.0, 0.0, 0.0])
(40478933, [2.0, 1.41, 0.0, 0.46, 0.0, 1.14, 0.0, 0.74, 0.0, 0.0], [-2.81, -4.22, 0.06, -0.56, 358.29, 350.06, 0.03, 1.0], [0.58, 25.0, 0.0, 0.0])
(40579504, [2.0, 1.4, 0.0, 0.47, 0.0, 1.17, 0.0, 0.73, 0.0, 0.0], [-2.85, -4.26, 0.08, -0.97, 358.29, 349.59, 0.03, 1.0], [0.57, 25.0, 0.0, 0.0])
(40678948, [2.0, 1.35, 0.0, 0.5, 0.0, 1.22, 0.0, 0.67, 0.0, 0.0], [-2.87, -2.56, 0.09, -1.92, 358.29, 349.21, 0.06, 1.0], [0.57, 25.0, 0.0, 0.0])
(40779130, [2.0, 1.34, 0.0, 0.57, 0.0, 1.26, 0.0, 0.64, 0.0, 0.0], [-2.88, -1.04, 0.09, -2.85, 358.29, 348.85, 0.06, 1.0], [0.56, 25.0, 0.0, 0.0])
(40879647, [2.0, 1.3, 0.0, 0.67, 0.0, 1.29, 0.0, 0.57, 0.0, 0.0], [-0.6, 0.55, 0.09, -2.59, 358.29, 348.77, 0.06, 1.0], [0.56, 25.0, 0.0, 0.0])
(40979576, [2.0, 1.23, 0.0, 0.67, 0.0, 1.32, 0.0, 0.54, 0.0, 0.0], [1.27, 4.91, 0.09, -1.79, 358.29, 349.02, 0.06, 1.0], [0.56, 25.0, 0.0, 0.0])
(41081085, [2.0, 1.21, 0.0, 2.65, 0.0, 1.37, 0.0, 0.48, 0.0, 0.0], [2.19, 6.89, 0.09, -1.2, 358.29, 349.14, 0.06, 1.0], [0.57, 25.0, 0.0, 0.0])
(41179859, [2.0, 1.13, 0.0, 3.6, 0.0, 1.39, 0.0, 0.44, 0.0, 0.0], [2.65, 7.81, 0.09, -0.33, 358.29, 349.05, 0.06, 1.0], [0.56, 25.0, 0.0, 0.0])
(41279806, [2.0, 1.09, 0.0, 3.6, 0.0, 1.46, 0.0, 0.41, 0.0, 0.0], [2.88, 7.85, 0.09, -0.17, 358.29, 348.47, 0.08, 1.0], [0.58, 25.0, 0.0, 0.0])
(41379941, [2.0, 1.02, 0.0, 3.6, 0.0, 1.56, 0.0, 0.4, 0.0, 0.0], [2.99, 7.89, 0.09, -0.94, 358.29, 347.42, 0.08, 1.0], [0.56, 25.0, 0.0, 0.0])
(41479573, [2.0, 0.98, 0.0, 3.6, 0.0, 1.6, 0.0, 0.39, 0.0, 0.0], [3.04, 7.59, 0.12, -0.96, 358.29, 346.25, 0.09, 1.0], [0.24, 25.0, 0.0, 0.0])
(41581049, [2.0, 0.9, 0.0, 2.52, 0.0, 1.72, 0.0, 0.4, 0.0, 0.0], [3.06, 6.4, 0.24, -0.59, 358.29, 345.16, 0.09, 1.0], [0.56, 25.0, 0.0, 0.0])
(41679761, [2.0, 0.85, 0.0, 2.52, 0.0, 1.78, 0.0, 0.42, 0.0, 0.0], [3.05, 6.33, 0.48, -0.98, 358.29, 344.17, 0.1, 1.0], [0.56, 25.0, 0.0, 0.0])
(41780254, [2.0, 0.74, 0.0, 3.6, 0.0, 1.94, 0.0, 0.44, 0.0, 0.0], [2.98, 5.48, 0.78, -0.43, 358.29, 343.54, 0.1, 1.0], [0.56, 25.0, 0.0, 0.0])
(41879686, [2.0, 0.69, 0.0, 3.6, 0.0, 1.94, 0.0, 0.49, 0.0, 0.0], [2.86, 4.7, 1.15, 0.16, 358.29, 343.08, 0.09, 1.0], [0.56, 25.0, 0.0, 0.0])
(41979791, [2.0, 0.56, 0.0, 3.6, 0.0, 2.06, 0.0, 0.51, 0.0, 0.0], [2.67, 3.48, 1.53, 0.86, 358.29, 342.66, 0.09, 1.0], [0.56, 25.0, 0.0, 0.0])
(42080484, [2.0, 0.49, 0.0, 3.6, 0.0, 2.06, 0.0, 0.58, 0.0, 0.0], [2.41, 2.63, 1.91, 0.81, 358.29, 342.28, 0.08, 1.0], [0.56, 25.0, 0.0, 0.0])
(42180141, [2.0, 0.36, 0.0, 3.6, 0.0, 3.6, 0.0, 0.66, 0.0, 0.0], [2.08, 1.33, 2.25, 0.59, 358.29, 342.26, 0.08, 1.0], [0.55, 25.0, 0.0, 0.0])
(42279767, [2.0, 0.29, 0.0, 3.6, 0.0, 1.05, 0.0, 0.7, 0.0, 0.0], [1.73, 5.58, 2.53, -7.54, 358.29, 339.98, 0.07, 1.0], [0.56, 25.0, 0.0, 0.0])
(42380223, [2.0, 0.27, 0.0, 0.47, 0.0, 1.04, 0.0, 0.77, 0.0, 0.0], [0.63, 1.74, 2.73, -5.09, 358.29, 335.86, 0.07, 1.0], [7.65, 25.0, 0.0, 0.0])
(42479718, [2.0, 0.3, 0.0, 0.47, 0.0, 1.03, 0.0, 0.81, 0.0, 0.0], [-0.25, 0.67, 2.78, -7.87, 358.29, 334.24, 0.18, 1.0], [0.51, 25.0, 0.0, 0.0])
(42580456, [2.0, 0.32, 0.0, 0.47, 0.0, 1.03, 0.0, 0.85, 0.0, 0.0], [-0.78, -0.74, 2.76, -8.88, 358.29, 334.87, 0.18, 1.0], [0.47, 25.0, 0.0, 0.0])
(42680003, [2.0, 0.31, 0.0, 0.46, 0.0, 1.02, 0.0, 0.84, 0.0, 0.0], [-1.07, -1.99, 2.74, -9.54, 358.29, 337.18, 0.18, 1.0], [0.44, 25.0, 0.0, 0.0])
(42779935, [2.0, 0.27, 0.0, 0.46, 0.0, 1.05, 0.0, 0.81, 0.0, 0.0], [-1.18, -2.63, 2.74, -9.58, 358.29, 342.77, 0.18, 1.0], [0.41, 25.0, 0.0, 0.0])
(42880209, [2.0, 0.25, 0.0, 0.52, 0.0, 1.06, 0.0, 0.78, 0.0, 0.0], [-1.09, -2.21, 2.81, -7.15, 358.29, 351.74, 0.17, 1.0], [0.39, 25.0, 0.0, 0.0])
(42979899, [2.0, 0.21, 0.0, 0.64, 0.0, 2.33, 0.0, 0.67, 0.0, 0.0], [-0.69, -0.02, 2.94, -4.39, 358.29, 2.57, 0.17, 1.0], [0.39, 25.0, 0.0, 0.0])
(43080257, [2.0, 0.18, 0.0, 0.64, 0.0, 2.33, 0.0, 0.63, 0.0, 0.0], [-0.31, -0.53, 3.02, -1.26, 358.29, 9.81, 0.16, 1.0], [0.39, 25.0, 0.0, 0.0])
(43179820, [2.0, 0.19, 0.0, 2.47, 0.0, 2.21, 0.0, 0.56, 0.0, 0.0], [0.5, -2.6, 2.91, 0.95, 358.29, 11.83, 0.16, 1.0], [0.4, 25.0, 0.0, 0.0])
(43279911, [2.0, 0.2, 0.0, 2.47, 0.0, 2.22, 0.0, 0.53, 0.0, 0.0], [1.05, -2.76, 2.8, 1.76, 358.29, 13.58, 0.15, 1.0], [0.41, 25.0, 0.0, 0.0])
(43379774, [2.0, 0.21, 0.0, 2.52, 0.0, 2.2, 0.0, 0.47, 0.0, 0.0], [1.38, -1.76, 2.72, 2.26, 358.29, 15.39, 0.15, 1.0], [0.42, 25.0, 0.0, 0.0])
(43479677, [2.0, 0.21, 0.0, 2.61, 0.0, 2.18, 0.0, 0.44, 0.0, 0.0], [1.59, -1.07, 2.64, 2.68, 358.29, 17.14, 0.14, 1.0], [0.44, 25.0, 0.0, 0.0])
(43579772, [2.0, 0.22, 0.0, 2.63, 0.0, 2.16, 0.0, 0.38, 0.0, 0.0], [1.75, -0.93, 2.56, 3.35, 358.29, 18.5, 0.14, 1.0], [0.45, 25.0, 0.0, 0.0])
(43679948, [2.0, 0.22, 0.0, 2.71, 0.0, 2.13, 0.0, 0.34, 0.0, 0.0], [1.88, -1.85, 2.49, 2.83, 358.29, 19.35, 0.11, 1.0], [0.47, 25.0, 0.0, 0.0])
(43779852, [2.0, 0.22, 0.0, 2.71, 0.0, 2.13, 0.0, 0.26, 0.0, 0.0], [1.99, -1.5, 2.4, 3.21, 358.29, 20.01, 0.11, 1.0], [0.48, 25.0, 0.0, 0.0])
(43880206, [2.0, 0.22, 0.0, 3.6, 0.0, 3.6, 0.0, 0.21, 0.0, 0.0], [2.1, -5.61, 2.32, 3.06, 358.29, 18.37, 0.15, 1.0], [0.49, 25.0, 0.0, 0.0])
(43979735, [2.0, 0.22, 0.0, 3.6, 0.0, 1.01, 0.0, 0.22, 0.0, 0.0], [2.16, -7.6, 2.26, 0.55, 358.29, 17.19, 0.15, 1.0], [0.5, 25.0, 0.0, 0.0])
(44079961, [2.0, 0.21, 0.0, 3.6, 0.0, 1.19, 0.0, 0.19, 0.0, 0.0], [2.19, -7.82, 2.24, 0.37, 358.29, 14.34, 0.14, 1.0], [0.51, 25.0, 0.0, 0.0])
(44179499, [2.0, 0.2, 0.0, 3.6, 0.0, 1.19, 0.0, 0.18, 0.0, 0.0], [2.21, -7.81, 2.22, 1.82, 358.29, 8.35, 0.14, 1.0], [0.52, 25.0, 0.0, 0.0])
(44280261, [2.0, 0.18, 0.0, 3.6, 0.0, 2.17, 0.0, 0.18, 0.0, 0.0], [2.22, -7.22, 2.21, 1.09, 358.29, 4.83, 0.12, 1.0], [0.52, 25.0, 0.0, 0.0])
(44379659, [2.0, 0.2, 0.0, 3.6, 0.0, 2.21, 0.0, 0.18, 0.0, 0.0], [2.22, -6.45, 2.21, -0.39, 358.29, 5.13, 0.12, 1.0], [0.53, 25.0, 0.0, 0.0])
(44480434, [2.0, 0.2, 0.0, 3.6, 0.0, 2.24, 0.0, 0.18, 0.0, 0.0], [2.23, -5.47, 2.2, -0.88, 358.29, 4.91, 0.11, 1.0], [0.53, 25.0, 0.0, 0.0])
(44580433, [2.0, 0.19, 0.0, 3.6, 0.0, 2.21, 0.0, 0.18, 0.0, 0.0], [2.23, -4.48, 2.2, -0.73, 358.29, 4.8, 0.11, 1.0], [0.53, 25.0, 0.0, 0.0])
(44679794, [2.0, 0.19, 0.0, 3.6, 0.0, 2.22, 0.0, 0.18, 0.0, 0.0], [2.23, -3.55, 2.2, -0.36, 358.29, 4.98, 0.1, 1.0], [0.53, 25.0, 0.0, 0.0])
(44779876, [2.0, 0.19, 0.0, 3.6, 0.0, 2.21, 0.0, 0.18, 0.0, 0.0], [2.23, -2.21, 2.2, 0.35, 358.29, 5.04, 0.1, 1.0], [0.53, 25.0, 0.0, 0.0])
(44880134, [2.0, 0.19, 0.0, 3.6, 0.0, 2.21, 0.0, 0.18, 0.0, 0.0], [2.23, -1.45, 2.2, 0.95, 358.29, 5.01, 0.08, 1.0], [0.53, 25.0, 0.0, 0.0])
(44979750, [2.0, 0.2, 0.0, 2.74, 0.0, 2.2, 0.0, 0.18, 0.0, 0.0], [2.23, -0.52, 2.2, 1.78, 358.29, 5.08, 0.08, 1.0], [0.53, 25.0, 0.0, 0.0])
(45080418, [2.0, 0.2, 0.0, 2.74, 0.0, 2.21, 0.0, 0.18, 0.0, 0.0], [2.23, 0.88, 2.2, 2.33, 358.29, 5.21, 0.07, 1.0], [0.53, 25.0, 0.0, 0.0])
(45179891, [2.0, 0.2, 0.0, 3.6, 0.0, 2.21, 0.0, 0.19, 0.0, 0.0], [2.22, 1.99, 2.21, 2.05, 358.29, 5.4, 0.07, 1.0], [0.53, 25.0, 0.0, 0.0])
(45279935, [2.0, 0.19, 0.0, 2.84, 0.0, 2.23, 0.0, 0.19, 0.0, 0.0], [2.23, 2.35, 2.2, 1.83, 358.29, 5.34, 0.07, 1.0], [0.54, 25.0, 0.0, 0.0])
(45385684, [2.0, 0.18, 0.0, 2.84, 0.0, 2.21, 0.0, 0.19, 0.0, 0.0], [2.23, 2.34, 2.21, 1.56, 358.29, 5.09, 0.07, 1.0], [0.55, 25.0, 0.0, 0.0])
(45485328, [2.0, 0.19, 0.0, 2.79, 0.0, 2.22, 0.0, 0.19, 0.0, 0.0], [2.22, 1.9, 2.22, 1.57, 358.29, 5.04, 0.06, 1.0], [0.55, 25.0, 0.0, 0.0])
(45585483, [2.0, 0.18, 0.0, 2.78, 0.0, 2.23, 0.0, 0.19, 0.0, 0.0], [2.22, 1.4, 2.21, 1.13, 358.29, 5.23, 0.06, 1.0], [0.2, 25.0, 0.0, 0.0])
(45685709, [2.0, 0.19, 0.0, 2.81, 0.0, 2.21, 0.0, 0.19, 0.0, 0.0], [2.22, 1.07, 2.22, 0.88, 358.29, 5.09, 0.05, 1.0], [0.55, 25.0, 0.0, 0.0])
(45785303, [2.0, 0.2, 0.0, 2.81, 0.0, 2.23, 0.0, 0.19, 0.0, 0.0], [2.21, 0.61, 2.22, 1.06, 358.29, 4.81, 0.05, 1.0], [0.54, 25.0, 0.0, 0.0])
(45885116, [2.0, 0.18, 0.0, 3.6, 0.0, 2.23, 0.0, 0.19, 0.0, 0.0], [2.22, 0.45, 2.22, 1.1, 358.29, 4.59, 0.05, 1.0], [0.54, 25.0, 0.0, 0.0])
(45985913, [2.0, 0.18, 0.0, 2.7, 0.0, 2.2, 0.0, 0.19, 0.0, 0.0], [2.22, 0.59, 2.22, 1.51, 358.29, 4.55, 0.05, 1.0], [0.55, 25.0, 0.0, 0.0])
(46085322, [2.0, 0.2, 0.0, 2.7, 0.0, 2.21, 0.0, 0.18, 0.0, 0.0], [2.22, 0.6, 2.21, 1.88, 358.29, 4.62, 0.05, 1.0], [0.55, 25.0, 0.0, 0.0])
(46185172, [2.0, 0.2, 0.0, 2.78, 0.0, 2.22, 0.0, 0.19, 0.0, 0.0], [2.23, 0.3, 2.2, 2.09, 358.29, 4.39, 0.05, 1.0], [0.55, 25.0, 0.0, 0.0])
(46285282, [2.0, 0.19, 0.0, 2.78, 0.0, 2.21, 0.0, 0.18, 0.0, 0.0], [2.23, 0.42, 2.2, 2.06, 358.29, 4.37, 0.04, 1.0], [0.55, 25.0, 0.0, 0.0])
(46385418, [2.0, 0.19, 0.0, 2.79, 0.0, 2.21, 0.0, 0.18, 0.0, 0.0], [2.23, -0.01, 2.2, 2.36, 358.29, 4.25, 0.04, 1.0], [0.56, 25.0, 0.0, 0.0])
(46485419, [2.0, 0.2, 0.0, 2.79, 0.0, 2.2, 0.0, 0.18, 0.0, 0.0], [2.23, -0.35, 2.2, 2.37, 358.29, 4.2, 0.04, 1.0], [0.55, 25.0, 0.0, 0.0])
(46585260, [2.0, 0.19, 0.0, 2.76, 0.0, 2.2, 0.0, 0.18, 0.0, 0.0], [2.23, -0.42, 2.2, 1.99, 358.29, 4.21, 0.04, 1.0], [0.56, 25.0, 0.0, 0.0])
(46685230, [2.0, 0.2, 0.0, 2.77, 0.0, 2.22, 0.0, 0.18, 0.0, 0.0], [2.23, -0.2, 2.2, 2.19, 358.29, 4.16, 0.04, 1.0], [0.56, 25.0, 0.0, 0.0])
(46786034, [2.0, 0.2, 0.0, 2.75, 0.0, 2.23, 0.0, 0.18, 0.0, 0.0], [2.23, -0.22, 2.2, 2.51, 358.29, 4.21, 0.04, 1.0], [0.55, 25.0, 0.0, 0.0])
(46885991, [2.0, 0.19, 0.0, 2.75, 0.0, 2.19, 0.0, 0.19, 0.0, 0.0], [2.23, -0.62, 2.2, 2.66, 358.29, 3.93, 0.04, 1.0], [0.55, 25.0, 0.0, 0.0])
(46985729, [2.0, 0.19, 0.0, 3.6, 0.0, 2.21, 0.0, 0.18, 0.0, 0.0], [2.23, -0.62, 2.2, 2.23, 358.29, 3.92, 0.04, 1.0], [0.56, 25.0, 0.0, 0.0])
(47085730, [2.0, 0.19, 0.0, 3.6, 0.0, 2.21, 0.0, 0.18, 0.0, 0.0], [2.23, -0.46, 2.2, 2.21, 358.29, 3.83, 0.04, 1.0], [0.56, 25.0, 0.0, 0.0])
(47185989, [2.0, 0.19, 0.0, 3.6, 0.0, 2.22, 0.0, 0.18, 0.0, 0.0], [2.23, 0.14, 2.2, 1.78, 358.29, 3.86, 0.04, 1.0], [0.55, 25.0, 0.0, 0.0])
(47285874, [2.0, 0.2, 0.0, 3.6, 0.0, 2.22, 0.0, 0.18, 0.0, 0.0], [2.24, 0.27, 2.2, 1.78, 358.29, 3.89, 0.03, 1.0], [0.56, 25.0, 0.0, 0.0])
(47386249, [2.0, 0.2, 0.0, 2.7, 0.0, 2.21, 0.0, 0.18, 0.0, 0.0], [2.23, 0.49, 2.2, 1.79, 358.29, 4.01, 0.03, 1.0], [0.55, 25.0, 0.0, 0.0])
(47485950, [2.0, 0.18, 0.0, 2.77, 0.0, 2.2, 0.0, 0.19, 0.0, 0.0], [2.23, 0.62, 2.2, 1.85, 358.29, 3.87, 0.03, 1.0], [0.55, 25.0, 0.0, 0.0])
(47585998, [2.0, 0.2, 0.0, 2.75, 0.0, 2.23, 0.0, 0.19, 0.0, 0.0], [2.22, 0.6, 2.21, 1.81, 358.29, 3.61, 0.03, 1.0], [0.55, 25.0, 0.0, 0.0])
(47685962, [2.0, 0.2, 0.0, 2.75, 0.0, 2.23, 0.0, 0.18, 0.0, 0.0], [2.23, 0.52, 2.21, 1.94, 358.29, 3.6, 0.02, 1.0], [0.55, 25.0, 0.0, 0.0])
(47785947, [2.0, 0.19, 0.0, 3.6, 0.0, 2.21, 0.0, 0.18, 0.0, 0.0], [2.23, 0.9, 2.2, 2.15, 358.29, 3.5, 0.02, 1.0], [0.55, 25.0, 0.0, 0.0])
(47885769, [2.0, 0.19, 0.0, 2.75, 0.0, 2.21, 0.0, 0.19, 0.0, 0.0], [2.23, 1.16, 2.2, 2.38, 358.29, 3.32, 0.03, 1.0], [0.55, 25.0, 0.0, 0.0])
(47986026, [2.0, 0.19, 0.0, 2.75, 0.0, 2.22, 0.0, 0.18, 0.0, 0.0], [2.23, 1.78, 2.21, 2.61, 358.29, 3.41, 0.03, 1.0], [0.55, 25.0, 0.0, 0.0])
(48085861, [2.0, 0.19, 0.0, 3.6, 0.0, 2.2, 0.0, 0.18, 0.0, 0.0], [2.23, 2.15, 2.2, 2.61, 358.29, 3.27, 0.03, 1.0], [0.56, 25.0, 0.0, 0.0])
(48186963, [2.0, 0.19, 0.0, 3.6, 0.0, 2.21, 0.0, 0.18, 0.0, 0.0], [2.23, 2.29, 2.21, 2.41, 358.29, 3.16, 0.03, 1.0], [0.56, 25.0, 0.0, 0.0])
(48287104, [2.0, 0.19, 0.0, 2.77, 0.0, 2.22, 0.0, 0.19, 0.0, 0.0], [2.23, 2.39, 2.2, 2.32, 358.29, 2.88, 0.02, 1.0], [0.56, 25.0, 0.0, 0.0])
(48387308, [2.0, 0.19, 0.0, 2.77, 0.0, 2.21, 0.0, 0.19, 0.0, 0.0], [2.22, 2.93, 2.21, 2.26, 358.29, 2.33, 0.02, 1.0], [0.55, 25.0, 0.0, 0.0])
(48487164, [2.0, 0.19, 0.0, 3.6, 0.0, 2.2, 0.0, 0.19, 0.0, 0.0], [2.22, 3.4, 2.21, 2.29, 358.29, 1.59, 0.02, 1.0], [0.55, 25.0, 0.0, 0.0])
(48587222, [2.0, 0.19, 0.0, 3.6, 0.0, 2.21, 0.0, 0.2, 0.0, 0.0], [2.22, 4.09, 2.22, 2.35, 358.29, 0.85, 0.02, 1.0], [0.56, 25.0, 0.0, 0.0])
(48687196, [2.0, 0.2, 0.0, 3.6, 0.0, 2.22, 0.0, 0.2, 0.0, 0.0], [2.21, 4.12, 2.22, 2.28, 358.29, 0.11, 0.02, 1.0], [0.57, 25.0, 0.0, 0.0])
(48787246, [2.0, 0.2, 0.0, 3.6, 0.0, 2.22, 0.0, 0.22, 0.0, 0.0], [2.21, 4.02, 2.23, 2.01, 358.29, 358.75, 0.02, 1.0], [0.57, 25.0, 0.0, 0.0])
(48887138, [2.0, 0.2, 0.0, 3.6, 0.0, 2.22, 0.0, 0.22, 0.0, 0.0], [2.2, 3.79, 2.23, 2.15, 358.29, 356.71, 0.02, 1.0], [0.56, 25.0, 0.0, 0.0])
(48987217, [2.0, 0.2, 0.0, 3.6, 0.0, 2.23, 0.0, 0.23, 0.0, 0.0], [2.19, 4.34, 2.24, 2.74, 358.29, 354.77, 0.02, 1.0], [0.56, 25.0, 0.0, 0.0])
(49087144, [2.0, 0.21, 0.0, 3.6, 0.0, 2.25, 0.0, 0.26, 0.0, 0.0], [2.18, 4.5, 2.25, 3.49, 358.29, 353.16, 0.02, 1.0], [0.56, 25.0, 0.0, 0.0])
(49187143, [2.0, 0.22, 0.0, 0.99, 0.0, 2.26, 0.0, 0.28, 0.0, 0.0], [2.15, 4.48, 2.28, 3.93, 358.29, 352.17, 0.02, 1.0], [0.56, 25.0, 0.0, 0.0])
(49287518, [2.0, 0.23, 0.0, 0.99, 0.0, 2.26, 0.0, 0.31, 0.0, 0.0], [2.13, 4.49, 2.3, 4.06, 358.29, 351.71, 0.03, 1.0], [0.55, 25.0, 0.0, 0.0])
(49387175, [2.0, 0.23, 0.0, 3.6, 0.0, 2.25, 0.0, 0.33, 0.0, 0.0], [2.1, 4.45, 2.33, 3.99, 358.29, 351.77, 0.03, 1.0], [0.55, 25.0, 0.0, 0.0])
(49487018, [2.0, 0.24, 0.0, 0.89, 0.0, 2.29, 0.0, 0.39, 0.0, 0.0], [2.02, 4.68, 2.39, 4.53, 358.29, 352.17, 0.03, 1.0], [0.55, 25.0, 0.0, 0.0])
(49586975, [2.0, 0.25, 0.0, 0.89, 0.0, 2.29, 0.0, 0.42, 0.0, 0.0], [1.86, 5.03, 2.51, 5.0, 358.29, 352.58, 0.03, 1.0], [0.56, 25.0, 0.0, 0.0])
(49687942, [2.0, 0.25, 0.0, 0.94, 0.0, 2.25, 0.0, 0.49, 0.0, 0.0], [1.79, 5.72, 2.56, 5.82, 358.29, 353.04, 0.04, 1.0], [0.55, 25.0, 0.0, 0.0])
(49787992, [2.0, 0.26, 0.0, 0.94, 0.0, 2.21, 0.0, 0.53, 0.0, 0.0], [1.69, 6.03, 2.63, 6.31, 358.29, 353.21, 0.04, 1.0], [0.6, 25.0, 0.0, 0.0])
(49887512, [2.0, 0.28, 0.0, 1.17, 0.0, 2.2, 0.0, 0.62, 0.0, 0.0], [1.64, 6.11, 2.66, 5.97, 358.29, 353.06, 0.05, 1.0], [0.57, 25.0, 0.0, 0.0])
(49986979, [2.0, 0.31, 0.0, 1.24, 0.0, 2.22, 0.0, 0.68, 0.0, 0.0], [1.51, 6.0, 2.73, 4.91, 358.29, 352.69, 0.05, 1.0], [0.55, 25.0, 0.0, 0.0])
(50087096, [2.0, 0.32, 0.0, 1.24, 0.0, 2.17, 0.0, 0.8, 0.0, 0.0], [1.31, 5.42, 2.83, 3.64, 358.29, 352.49, 0.06, 1.0], [0.53, 25.0, 0.0, 0.0])
(50187156, [2.0, 0.35, 0.0, 3.6, 0.0, 2.17, 0.0, 0.86, 0.0, 0.0], [1.05, 4.39, 2.92, 3.33, 358.29, 352.71, 0.06, 1.0], [0.54, 25.0, 0.0, 0.0])
(50286987, [2.0, 0.36, 0.0, 1.99, 0.0, 3.6, 0.0, 0.99, 0.0, 0.0], [0.7, 3.56, 3.0, 3.8, 358.29, 353.16, 0.06, 1.0], [0.53, 25.0, 0.0, 0.0])
(50387194, [2.0, 0.39, 0.0, 1.96, 0.0, 0.75, 0.0, 1.07, 0.0, 0.0], [0.4, 2.48, 3.05, 3.88, 358.29, 353.53, 0.06, 1.0], [0.54, 25.0, 0.0, 0.0])
(50487243, [2.0, 0.41, 0.0, 1.86, 0.0, 0.73, 0.0, 1.22, 0.0, 0.0], [0.24, 0.94, 3.07, 4.04, 358.29, 353.96, 0.05, 1.0], [0.56, 25.0, 0.0, 0.0])
(50588425, [2.0, 0.44, 0.0, 1.7, 0.0, 0.71, 0.0, 1.37, 0.0, 0.0], [0.17, 0.15, 3.08, 4.19, 358.29, 354.6, 0.05, 1.0], [0.53, 25.0, 0.0, 0.0])
(50688207, [2.0, 0.46, 0.0, 1.7, 0.0, 0.71, 0.0, 1.45, 0.0, 0.0], [0.13, -0.1, 3.09, 3.79, 358.29, 355.5, 0.04, 1.0], [0.54, 25.0, 0.0, 0.0])
(50787218, [2.0, 0.51, 0.0, 1.49, 0.0, 0.68, 0.0, 1.52, 0.0, 0.0], [0.11, -0.45, 3.09, 3.74, 358.29, 356.65, 0.04, 1.0], [0.52, 25.0, 0.0, 0.0])
(50887208, [2.0, 0.53, 0.0, 1.4, 0.0, 0.67, 0.0, 1.67, 0.0, 0.0], [0.1, -0.33, 3.09, 4.73, 358.29, 358.03, 0.04, 1.0], [0.53, 25.0, 0.0, 0.0])
(50987226, [2.0, 0.6, 0.0, 1.25, 0.0, 0.63, 0.0, 1.72, 0.0, 0.0], [0.1, -1.39, 2.98, 5.3, 358.29, 359.87, 0.04, 1.0], [0.53, 25.0, 0.0, 0.0])
(51087209, [2.0, 0.63, 0.0, 1.1, 0.0, 0.61, 0.0, 1.87, 0.0, 0.0], [0.1, -4.23, 1.7, 5.21, 358.29, 1.87, 0.05, 1.0], [0.53, 25.0, 0.0, 0.0])
(51187223, [2.0, 0.68, 0.0, 0.98, 0.0, 0.56, 0.0, 2.0, 0.0, 0.0], [0.05, -5.96, -0.45, 4.22, 358.29, 3.27, 0.05, 1.0], [0.53, 25.0, 0.0, 0.0])
(51287139, [2.0, 0.72, 0.0, 0.93, 0.0, 0.53, 0.0, 2.0, 0.0, 0.0], [-0.34, -6.71, -1.62, 3.96, 358.29, 3.89, 0.07, 1.0], [0.53, 25.0, 0.0, 0.0])
(51386973, [2.0, 0.8, 0.0, 0.83, 0.0, 0.46, 0.0, 2.16, 0.0, 0.0], [-0.67, -6.45, -2.16, 3.84, 358.29, 4.03, 0.07, 1.0], [0.53, 25.0, 0.0, 0.0])
(51487278, [2.0, 0.8, 0.0, 0.8, 0.0, 0.42, 0.0, 2.2, 0.0, 0.0], [-0.97, -5.96, -2.36, 2.13, 358.29, 4.28, 0.08, 1.0], [0.53, 25.0, 0.0, 0.0])
(51587039, [2.0, 1.9, 0.0, 0.75, 0.0, 0.34, 0.0, 2.27, 0.0, 0.0], [-0.97, -5.08, -2.53, 1.36, 358.29, 4.22, 0.08, 1.0], [0.53, 25.0, 0.0, 0.0])
(51687157, [2.0, 2.0, 0.0, 0.72, 0.0, 0.3, 0.0, 2.29, 0.0, 0.0], [-0.98, -3.97, -2.61, 2.18, 358.29, 2.87, 0.09, 1.0], [0.54, 25.0, 0.0, 0.0])
(51787656, [2.0, 2.03, 0.0, 0.69, 0.0, 0.2, 0.0, 2.24, 0.0, 0.0], [-0.99, -4.21, -2.65, 4.77, 358.29, 10.51, 0.09, 1.0], [0.54, 25.0, 0.0, 0.0])
(51887006, [2.0, 2.05, 0.0, 0.68, 0.0, 0.19, 0.0, 2.32, 0.0, 0.0], [-0.99, -6.15, -2.67, 7.33, 358.29, 10.19, 0.14, 1.0], [0.54, 25.0, 0.0, 0.0])
(51987128, [2.0, 2.05, 0.0, 0.65, 0.0, 0.22, 0.0, 2.4, 0.0, 0.0], [-1.04, -5.37, -2.66, 7.6, 358.29, 8.46, 0.14, 1.0], [0.55, 25.0, 0.0, 0.0])
(52087225, [2.0, 2.06, 0.0, 0.63, 0.0, 0.22, 0.0, 2.4, 0.0, 0.0], [-1.09, -3.31, -2.64, 6.3, 358.29, 6.29, 0.14, 1.0], [0.55, 25.0, 0.0, 0.0])
(52187220, [2.0, 2.06, 0.0, 0.63, 0.0, 0.2, 0.0, 2.38, 0.0, 0.0], [-1.13, -0.38, -2.62, 4.67, 358.29, 6.42, 0.14, 1.0], [0.55, 25.0, 0.0, 0.0])
(52287043, [2.0, 2.08, 0.0, 0.63, 0.0, 0.19, 0.0, 2.31, 0.0, 0.0], [-1.14, 2.46, -2.62, 4.04, 358.29, 7.9, 0.13, 1.0], [0.56, 25.0, 0.0, 0.0])
(52387243, [2.0, 2.07, 0.0, 0.62, 0.0, 0.19, 0.0, 2.38, 0.0, 0.0], [-1.15, 3.05, -2.62, 3.92, 358.29, 6.36, 0.13, 1.0], [0.55, 25.0, 0.0, 0.0])
(52487280, [2.0, 2.09, 0.0, 0.61, 0.0, 0.19, 0.0, 2.38, 0.0, 0.0], [-1.17, 2.98, -2.61, 4.26, 358.29, 6.39, 0.1, 1.0], [0.55, 25.0, 0.0, 0.0])
(52587695, [2.0, 2.08, 0.0, 0.6, 0.0, 0.19, 0.0, 2.39, 0.0, 0.0], [-1.19, 1.76, -2.6, 4.73, 358.29, 5.92, 0.1, 1.0], [0.55, 25.0, 0.0, 0.0])
(52688127, [2.0, 2.07, 0.0, 0.57, 0.0, 0.19, 0.0, 2.38, 0.0, 0.0], [-1.22, 1.52, -2.59, 5.16, 358.29, 5.36, 0.09, 1.0], [0.56, 25.0, 0.0, 0.0])
(52787942, [2.0, 2.07, 0.0, 0.56, 0.0, 0.19, 0.0, 2.41, 0.0, 0.0], [-1.27, 2.05, -2.56, 5.33, 358.29, 5.06, 0.09, 1.0], [0.56, 25.0, 0.0, 0.0])
(52887885, [2.0, 2.08, 0.0, 0.53, 0.0, 0.19, 0.0, 2.44, 0.0, 0.0], [-1.31, 1.21, -2.54, 5.25, 358.29, 4.42, 0.08, 1.0], [0.57, 25.0, 0.0, 0.0])
(52987881, [2.0, 2.07, 0.0, 0.52, 0.0, 0.19, 0.0, 2.44, 0.0, 0.0], [-1.36, 0.16, -2.51, 4.6, 358.29, 3.55, 0.08, 1.0], [0.58, 25.0, 0.0, 0.0])
(53088528, [2.0, 2.07, 0.0, 0.5, 0.0, 0.19, 0.0, 2.45, 0.0, 0.0], [-1.41, 0.86, -2.49, 2.68, 358.29, 3.71, 0.07, 1.0], [0.58, 25.0, 0.0, 0.0])
(53187849, [2.0, 2.06, 0.0, 0.48, 0.0, 0.19, 0.0, 2.5, 0.0, 0.0], [-1.45, 1.25, -2.46, 2.28, 358.29, 3.22, 0.07, 1.0], [0.57, 25.0, 0.0, 0.0])
(53287983, [2.0, 2.08, 0.0, 0.45, 0.0, 0.19, 0.0, 2.46, 0.0, 0.0], [-1.5, 0.1, -2.43, 2.54, 358.29, 2.78, 0.07, 1.0], [0.58, 25.0, 0.0, 0.0])
(53388222, [2.0, 2.07, 0.0, 0.43, 0.0, 0.19, 0.0, 2.46, 0.0, 0.0], [-1.55, -0.3, -2.39, 2.22, 358.29, 2.35, 0.06, 1.0], [0.58, 25.0, 0.0, 0.0])
(53487870, [2.0, 2.06, 0.0, 0.4, 0.0, 0.19, 0.0, 2.54, 0.0, 0.0], [-1.6, -1.46, -2.36, 1.64, 358.29, 1.82, 0.06, 1.0], [0.59, 25.0, 0.0, 0.0])
(53587772, [2.0, 2.07, 0.0, 0.39, 0.0, 0.19, 0.0, 2.54, 0.0, 0.0], [-1.65, -3.34, -2.33, 0.19, 358.29, 1.06, 0.05, 1.0], [0.58, 25.0, 0.0, 0.0])
(53687734, [2.0, 2.07, 0.0, 0.37, 0.0, 0.19, 0.0, 2.55, 0.0, 0.0], [-1.68, -3.68, -2.3, -1.6, 358.29, 0.95, 0.05, 1.0], [0.59, 25.0, 0.0, 0.0])
(53788544, [2.0, 2.07, 0.0, 0.36, 0.0, 0.19, 0.0, 2.55, 0.0, 0.0], [-1.72, -3.51, -2.28, -2.71, 358.29, 1.32, 0.05, 1.0], [0.59, 25.0, 0.0, 0.0])
(53888606, [2.0, 2.07, 0.0, 0.34, 0.0, 0.21, 0.0, 2.6, 0.0, 0.0], [-1.75, -3.4, -2.25, -2.98, 358.29, 1.92, 0.05, 1.0], [0.59, 25.0, 0.0, 0.0])
(53987760, [2.0, 2.04, 0.0, 0.34, 0.0, 0.21, 0.0, 2.64, 0.0, 0.0], [-1.79, -3.77, -2.22, -3.16, 358.29, 3.0, 0.05, 1.0], [0.59, 25.0, 0.0, 0.0])
(54087644, [2.0, 2.05, 0.0, 0.33, 0.0, 0.24, 0.0, 2.65, 0.0, 0.0], [-1.82, -4.39, -2.2, -3.76, 358.29, 3.66, 0.05, 1.0], [0.59, 25.0, 0.0, 0.0])
(54188069, [2.0, 2.01, 0.0, 0.33, 0.0, 0.25, 0.0, 2.65, 0.0, 0.0], [-1.85, -4.14, -2.17, -2.91, 358.29, 4.0, 0.05, 1.0], [0.59, 25.0, 0.0, 0.0])
(54287685, [2.0, 1.99, 0.0, 0.34, 0.0, 0.29, 0.0, 2.66, 0.0, 0.0], [-1.89, -4.17, -2.13, -2.25, 358.29, 4.22, 0.05, 1.0], [0.59, 25.0, 0.0, 0.0])
(54387724, [2.0, 1.94, 0.0, 0.35, 0.0, 0.3, 0.0, 2.68, 0.0, 0.0], [-1.92, -5.9, -2.11, -1.62, 358.29, 4.44, 0.06, 1.0], [0.58, 25.0, 0.0, 0.0])
(54487950, [2.0, 1.92, 0.0, 0.36, 0.0, 0.35, 0.0, 2.66, 0.0, 0.0], [-1.95, -5.71, -2.08, -1.23, 358.29, 4.79, 0.06, 1.0], [0.58, 25.0, 0.0, 0.0])
(54587915, [2.0, 1.86, 0.0, 0.4, 0.0, 0.4, 0.0, 2.67, 0.0, 0.0], [-1.98, -4.78, -2.05, -0.91, 358.29, 5.44, 0.06, 1.0], [0.58, 25.0, 0.0, 0.0])
(54687849, [2.0, 1.84, 0.0, 0.42, 0.0, 0.43, 0.0, 2.65, 0.0, 0.0], [-2.0, -3.79, -2.03, -0.45, 358.29, 6.22, 0.06, 1.0], [0.58, 25.0, 0.0, 0.0])
(54788163, [2.0, 1.75, 0.0, 0.46, 0.0, 0.49, 0.0, 2.59, 0.0, 0.0], [-2.03, -2.4, -2.01, -1.95, 358.29, 6.73, 0.06, 1.0], [0.57, 25.0, 0.0, 0.0])
(54887939, [2.0, 1.73, 0.0, 0.48, 0.0, 0.52, 0.0, 2.56, 0.0, 0.0], [-2.05, -1.41, -1.98, -3.97, 358.29, 6.57, 0.06, 1.0], [0.59, 25.0, 0.0, 0.0])
(54987886, [2.0, 1.65, 0.0, 0.56, 0.0, 0.56, 0.0, 2.54, 0.0, 0.0], [-2.09, -0.16, -1.94, -4.6, 358.29, 5.53, 0.06, 1.0], [0.56, 25.0, 0.0, 0.0])
(55087989, [2.0, 1.6, 0.0, 0.58, 0.0, 0.67, 0.0, 2.48, 0.0, 0.0], [-2.16, 1.5, -1.86, -4.22, 358.29, 3.37, 0.06, 1.0], [0.55, 25.0, 0.0, 0.0])
(55188106, [2.0, 1.49, 0.0, 0.62, 0.0, 0.77, 0.0, 2.4, 0.0, 0.0], [-2.24, 1.52, -1.76, -4.17, 358.29, 0.08, 0.06, 1.0], [0.55, 25.0, 0.0, 0.0])
(55287870, [2.0, 1.44, 0.0, 0.64, 0.0, 0.83, 0.0, 2.37, 0.0, 0.0], [-2.39, 2.26, -1.53, -4.29, 358.29, 356.39, 0.06, 1.0], [0.55, 25.0, 0.0, 0.0])
(55387929, [2.0, 1.3, 0.0, 0.68, 0.0, 0.96, 0.0, 2.33, 0.0, 0.0], [-2.57, 2.36, -1.17, -4.27, 358.29, 353.23, 0.07, 1.0], [0.54, 25.0, 0.0, 0.0])
(55488235, [2.0, 1.3, 0.0, 0.69, 0.0, 1.03, 0.0, 2.31, 0.0, 0.0], [-2.73, 3.38, -0.61, -3.84, 358.29, 348.72, 0.07, 1.0], [0.54, 25.0, 0.0, 0.0])
(55587911, [2.0, 3.6, 0.0, 0.75, 0.0, 1.11, 0.0, 2.33, 0.0, 0.0], [-2.73, 3.81, -0.67, -5.26, 348.49, 321.39, 0.12, 1.0], [0.54, 25.0, 0.0, 0.0])
(55687658, [2.0, 0.27, 0.0, 0.75, 0.0, 1.11, 0.0, 2.33, 0.0, 0.0], [-1.71, 4.16, -0.9, -7.14, 329.01, 301.77, 0.12, 1.0], [0.54, 25.0, 0.0, 0.0])
(55787899, [2.0, 0.21, 0.0, 3.6, 0.0, 0.76, 0.0, 1.25, 0.0, 0.0], [-0.72, 4.36, -0.62, -8.84, 316.04, 288.89, 0.13, 1.0], [0.52, 25.0, 0.0, 0.0])
(55887962, [2.0, 0.16, 0.0, 1.04, 0.0, 0.72, 0.0, 1.25, 0.0, 0.0], [-0.27, 3.45, -0.37, -11.99, 303.58, 276.46, 0.13, 1.0], [0.5, 25.0, 0.0, 0.0])
(55987680, [2.0, 0.18, 0.0, 0.91, 0.0, 0.72, 0.0, 1.3, 0.0, 0.0], [-0.11, -11.05, -0.2, -23.83, 296.43, 271.81, 0.11, 1.0], [0.45, 25.0, 0.0, 0.0])
(56087627, [2.0, 0.23, 0.0, 0.91, 0.0, 0.75, 0.0, 1.35, 0.0, 0.0], [-0.04, -36.06, -0.1, -37.78, 292.72, 278.84, 0.11, 1.0], [0.38, 25.0, 0.0, 0.0])
(56187838, [2.0, 0.18, 0.0, 0.92, 0.0, 0.92, 0.0, 1.42, 0.0, 0.0], [-0.02, -30.25, -0.05, -43.13, 292.72, 297.61, 0.16, 1.0], [2.41, 25.0, 0.0, 0.0])
(56287667, [2.0, 0.17, 0.0, 0.96, 0.0, 0.92, 0.0, 1.42, 0.0, 0.0], [-0.01, -16.99, -0.02, -69.66, 292.72, 299.32, 0.16, 1.0], [5.44, 25.0, 0.0, 0.0])
(56387625, [2.0, 0.18, 0.0, 0.86, 0.0, 3.6, 0.0, 1.38, 0.0, 0.0], [0.0, -3.35, -0.01, -50.84, 292.72, 280.02, 0.17, 1.0], [7.65, 25.0, 0.0, 0.0])
(56488303, [2.0, 0.19, 0.0, 0.83, 0.0, 3.6, 0.0, 1.42, 0.0, 0.0], [0.0, -10.66, 0.0, -65.54, 286.63, 266.22, 0.17, 1.0], [7.65, 25.0, 0.0, 0.0])
(56587842, [2.0, 0.2, 0.0, 0.8, 0.0, 3.6, 0.0, 1.53, 0.0, 0.0], [0.0, 8.33, 0.0, -54.91, 279.95, 253.9, 0.25, 1.0], [7.65, 25.0, 0.0, 0.0])
(56687924, [2.0, 0.13, 0.0, 0.73, 0.0, 3.6, 0.0, 1.57, 0.0, 0.0], [0.0, 4.62, 0.0, -48.43, 279.95, 269.43, 0.25, 1.0], [0.8, 25.0, 0.0, 0.0])
(56787870, [2.0, 0.16, 0.0, 0.72, 0.0, 3.6, 0.0, 1.5, 0.0, 0.0], [0.0, 13.96, 0.0, -40.23, 279.95, 266.69, 0.25, 1.0], [7.65, 25.0, 0.0, 0.0])
(56887827, [2.0, 0.15, 0.0, 0.71, 0.0, 1.09, 0.0, 1.52, 0.0, 0.0], [0.0, 8.77, 0.0, -35.08, 279.95, 266.58, 0.25, 1.0], [7.65, 25.0, 0.0, 0.0])
(56988115, [2.0, 0.16, 0.0, 0.71, 0.0, 0.97, 0.0, 1.54, 0.0, 0.0], [0.0, 4.26, 0.0, -32.78, 279.95, 267.5, 0.27, 1.0], [0.2, 25.0, 0.0, 0.0])
