(104469673, [2.0, 0.78, 0.0, 1.29, 0.0, 3.6, 0.0, 1.14, 0.0, 0.0], [0.0, -0.78, 0.0, 1.16, 159.19, 159.18, 0.0, 1.0], [0.2, 25.0, 0.0, 0.0])
(104569746, [2.0, 0.78, 0.0, 1.31, 0.0, 3.6, 0.0, 1.15, 0.0, 0.0], [0.0, -0.78, 0.0, 1.17, 159.18, 159.17, 0.0, 1.0], [0.2, 25.0, 0.0, 0.0])
(104669698, [2.0, 0.78, 0.0, 1.3, 0.0, 3.6, 0.0, 1.14, 0.0, 0.0], [0.0, -0.79, 0.0, 1.17, 159.16, 159.15, 0.0, 1.0], [0.2, 25.0, 0.0, 0.0])
(104769876, [2.0, 0.78, 0.0, 1.3, 0.0, 3.6, 0.0, 1.14, 0.0, 0.0], [0.0, -0.78, 0.0, 1.17, 159.15, 159.14, 0.0, 1.0], [0.2, 25.0, 0.0, 0.0])
(104869577, [2.0, 0.78, 0.0, 1.3, 0.0, 3.6, 0.0, 1.14, 0.0, 0.0], [0.0, -0.78, 0.0, 1.17, 159.13, 159.12, 0.0, 1.0], [0.2, 25.0, 0.0, 0.0])
(104969719, [2.0, 0.78, 0.0, 1.3, 0.0, 3.6, 0.0, 1.14, 0.0, 0.0], [0.0, -0.78, 0.0, 1.17, 159.11, 159.11, 0.0, 1.0], [0.2, 25.0, 0.0, 0.0])
(105069882, [2.0, 0.78, 0.0, 1.3, 0.0, 3.6, 0.0, 1.14, 0.0, 0.0], [0.0, -0.78, 0.0, 1.17, 159.1, 159.09, 0.0, 1.0], [0.2, 25.0, 0.0, 0.0])
(105170019, [2.0, 0.78, 0.0, 1.29, 0.0, 3.6, 0.0, 1.14, 0.0, 0.0], [0.0, -0.78, 0.0, 1.17, 159.08, 159.08, 0.0, 1.0], [0.2, 25.0, 0.0, 0.0])
(105269729, [2.0, 0.78, 0.0, 1.3, 0.0, 3.6, 0.0, 1.14, 0.0, 0.0], [0.0, -0.78, 0.0, 1.17, 159.07, 159.06, 0.0, 1.0], [0.2, 25.0, 0.0, 0.0])
(105370038, [2.0, 0.78, 0.0, 1.31, 0.0, 3.6, 0.0, 1.14, 0.0, 0.0], [0.0, -0.77, 0.0, 1.18, 159.06, 159.05, 0.0, 1.0], [0.2, 25.0, 0.0, 0.0])
(105469850, [2.0, 0.78, 0.0, 1.3, 0.0, 3.6, 0.0, 1.14, 0.0, 0.0], [0.0, -0.77, 0.0, 1.18, 159.04, 159.03, 0.0, 1.0], [0.2, 25.0, 0.0, 0.0])
(105569845, [2.0, 0.79, 0.0, 1.3, 0.0, 3.6, 0.0, 1.14, 0.0, 0.0], [0.0, -0.77, 0.0, 1.18, 159.03, 159.02, 0.0, 1.0], [0.2, 25.0, 0.0, 0.0])
(105669725, [2.0, 0.78, 0.0, 1.29, 0.0, 3.6, 0.0, 1.14, 0.0, 0.0], [0.0, -0.77, 0.0, 1.18, 159.01, 159.0, 0.0, 1.0], [0.2, 25.0, 0.0, 0.0])
(105769874, [2.0, 0.79, 0.0, 1.3, 0.0, 3.6, 0.0, 1.14, 0.0, 0.0], [0.0, -0.77, 0.0, 1.19, 159.0, 158.99, 0.0, 1.0], [0.2, 25.0, 0.0, 0.0])
(105869849, [2.0, 0.78, 0.0, 1.3, 0.0, 3.6, 0.0, 1.14, 0.0, 0.0], [0.0, -0.77, 0.0, 1.19, 158.98, 158.97, 0.0, 1.0], [0.2, 25.0, 0.0, 0.0])
(105969915, [2.0, 0.78, 0.0, 1.3, 0.0, 3.6, 0.0, 1.14, 0.0, 0.0], [0.0, -0.77, 0.0, 1.19, 158.97, 158.96, 0.0, 1.0], [0.2, 25.0, 0.0, 0.0])
(106069721, [2.0, 0.78, 0.0, 1.29, 0.0, 3.6, 0.0, 1.14, 0.0, 0.0], [0.0, -0.77, 0.0, 1.18, 158.95, 158.94, 0.0, 1.0], [0.2, 25.0, 0.0, 0.0])
(106170091, [2.0, 0.78, 0.0, 1.3, 0.0, 3.6, 0.0, 1.14, 0.0, 0.0], [0.0, -0.77, 0.0, 1.19, 158.93, 158.92, 0.0, 1.0], [0.2, 25.0, 0.0, 0.0])
(106269878, [2.0, 0.78, 0.0, 1.29, 0.0, 3.6, 0.0, 1.14, 0.0, 0.0], [0.0, -0.77, 0.0, 1.19, 158.91, 158.91, 0.0, 1.0], [0.2, 25.0, 0.0, 0.0])
(106370493, [2.0, 0.78, 0.0, 1.29, 0.0, 3.6, 0.0, 1.14, 0.0, 0.0], [0.0, -0.77, 0.0, 1.19, 158.9, 158.89, 0.0, 1.0], [0.2, 25.0, 0.0, 0.0])
(106470361, [2.0, 0.78, 0.0, 1.29, 0.0, 3.6, 0.0, 1.14, 0.0, 0.0], [0.0, -0.77, 0.0, 1.2, 158.88, 158.87, 0.0, 1.0], [0.2, 25.0, 0.0, 0.0])
(106569867, [2.0, 0.78, 0.0, 1.29, 0.0, 3.6, 0.0, 1.14, 0.0, 0.0], [0.0, -0.77, 0.0, 1.19, 158.87, 158.86, 0.0, 1.0], [0.2, 25.0, 0.0, 0.0])
(106669921, [2.0, 0.78, 0.0, 1.3, 0.0, 3.6, 0.0, 1.15, 0.0, 0.0], [0.0, -0.77, 0.0, 1.21, 158.83, 158.82, 0.0, 1.0], [0.2, 25.0, 0.0, 0.0])
(106769869, [2.0, 0.78, 0.0, 1.3, 0.0, 3.6, 0.0, 1.14, 0.0, 0.0], [0.0, -0.76, 0.0, 1.21, 158.85, 158.84, 0.0, 1.0], [0.2, 25.0, 0.0, 0.0])
(106869917, [2.0, 0.79, 0.0, 1.29, 0.0, 3.6, 0.0, 1.14, 0.0, 0.0], [0.0, -0.75, 0.0, 1.21, 158.84, 158.83, 0.0, 1.0], [0.2, 25.0, 0.0, 0.0])
(106969592, [2.0, 0.78, 0.0, 1.29, 0.0, 3.6, 0.0, 1.14, 0.0, 0.0], [0.0, -0.75, 0.0, 1.22, 158.82, 158.81, 0.0, 1.0], [0.2, 25.0, 0.0, 0.0])
(107069969, [2.0, 0.78, 0.0, 1.3, 0.0, 3.6, 0.0, 1.14, 0.0, 0.0], [0.0, -0.74, 0.0, 1.23, 158.78, 158.78, 0.0, 1.0], [0.2, 25.0, 0.0, 0.0])
(107169676, [2.0, 0.78, 0.0, 1.3, 0.0, 3.6, 0.0, 1.14, 0.0, 0.0], [0.0, -0.75, 0.0, 1.23, 158.76, 158.76, 0.0, 1.0], [0.2, 25.0, 0.0, 0.0])
(107269940, [2.0, 0.78, 0.0, 1.29, 0.0, 3.6, 0.0, 1.14, 0.0, 0.0], [0.0, -0.75, 0.0, 1.23, 158.76, 158.75, 0.0, 1.0], [0.2, 25.0, 0.0, 0.0])
(107369839, [2.0, 0.78, 0.0, 1.29, 0.0, 3.6, 0.0, 1.14, 0.0, 0.0], [0.0, -0.75, 0.0, 1.24, 158.74, 158.73, 0.0, 1.0], [0.2, 25.0, 0.0, 0.0])
(107470355, [2.0, 0.78, 0.0, 1.3, 0.0, 3.6, 0.0, 1.14, 0.0, 0.0], [0.0, -0.75, 0.0, 1.24, 158.72, 158.72, 0.0, 1.0], [0.2, 25.0, 0.0, 0.0])
(107569648, [2.0, 0.78, 0.0, 1.3, 0.0, 3.6, 0.0, 1.14, 0.0, 0.0], [0.0, -0.74, 0.0, 1.23, 158.71, 158.71, 0.0, 1.0], [0.2, 25.0, 0.0, 0.0])
(107669997, [2.0, 0.79, 0.0, 1.31, 0.0, 3.6, 0.0, 1.14, 0.0, 0.0], [0.0, -0.74, 0.0, 1.23, 158.7, 158.7, 0.0, 1.0], [0.2, 25.0, 0.0, 0.0])
(107769656, [2.0, 0.78, 0.0, 1.29, 0.0, 3.6, 0.0, 1.15, 0.0, 0.0], [0.0, -0.73, 0.0, 1.23, 158.69, 158.68, 0.0, 1.0], [0.2, 25.0, 0.0, 0.0])
(107870015, [2.0, 0.78, 0.0, 1.29, 0.0, 3.6, 0.0, 1.14, 0.0, 0.0], [0.0, -0.73, 0.0, 1.23, 158.67, 158.67, 0.0, 1.0], [0.2, 25.0, 0.0, 0.0])
(107969719, [2.0, 0.78, 0.0, 1.3, 0.0, 3.6, 0.0, 1.14, 0.0, 0.0], [0.0, -0.73, 0.0, 1.23, 158.66, 158.65, 0.0, 1.0], [0.2, 25.0, 0.0, 0.0])
(108069849, [2.0, 0.78, 0.0, 1.3, 0.0, 3.6, 0.0, 1.14, 0.0, 0.0], [0.0, -0.72, 0.0, 1.24, 158.64, 158.64, 0.0, 1.0], [0.2, 25.0, 0.0, 0.0])
(108169720, [2.0, 0.78, 0.0, 1.29, 0.0, 3.6, 0.0, 1.14, 0.0, 0.0], [0.0, -0.72, 0.0, 1.23, 158.62, 158.62, 0.0, 1.0], [0.2, 25.0, 0.0, 0.0])
(108269883, [2.0, 0.78, 0.0, 1.3, 0.0, 3.6, 0.0, 1.14, 0.0, 0.0], [0.0, -0.71, 0.0, 1.24, 158.61, 158.6, 0.0, 1.0], [0.2, 25.0, 0.0, 0.0])
(108369702, [2.0, 0.78, 0.0, 1.3, 0.0, 3.6, 0.0, 1.14, 0.0, 0.0], [0.0, -0.71, 0.0, 1.24, 158.59, 158.58, 0.0, 1.0], [0.2, 25.0, 0.0, 0.0])
(108469819, [2.0, 0.78, 0.0, 1.3, 0.0, 3.6, 0.0, 1.14, 0.0, 0.0], [0.0, -0.71, 0.0, 1.24, 158.57, 158.56, 0.0, 1.0], [0.2, 25.0, 0.0, 0.0])
(108569840, [2.0, 0.78, 0.0, 1.3, 0.0, 3.6, 0.0, 1.14, 0.0, 0.0], [0.0, -0.7, 0.0, 1.24, 158.55, 158.55, 0.0, 1.0], [0.2, 25.0, 0.0, 0.0])
(108669655, [2.0, 0.78, 0.0, 1.29, 0.0, 3.6, 0.0, 1.14, 0.0, 0.0], [0.0, -0.7, 0.0, 1.24, 158.55, 158.54, 0.0, 1.0], [0.2, 25.0, 0.0, 0.0])
(108770017, [2.0, 0.78, 0.0, 1.29, 0.0, 3.6, 0.0, 1.14, 0.0, 0.0], [0.0, -0.7, 0.0, 1.24, 158.53, 158.52, 0.0, 1.0], [0.2, 25.0, 0.0, 0.0])
(108869680, [2.0, 0.78, 0.0, 1.3, 0.0, 3.6, 0.0, 1.14, 0.0, 0.0], [0.0, -0.69, 0.0, 1.24, 158.53, 158.52, 0.0, 1.0], [0.2, 25.0, 0.0, 0.0])
(108969689, [2.0, 0.78, 0.0, 1.3, 0.0, 3.6, 0.0, 1.14, 0.0, 0.0], [0.0, -0.68, 0.0, 1.24, 158.51, 158.5, 0.0, 1.0], [0.2, 25.0, 0.0, 0.0])
(109069734, [2.0, 0.78, 0.0, 1.3, 0.0, 3.6, 0.0, 1.14, 0.0, 0.0], [0.0, -0.68, 0.0, 1.24, 158.5, 158.49, 0.0, 1.0], [0.2, 25.0, 0.0, 0.0])
(109169950, [2.0, 0.78, 0.0, 1.31, 0.0, 3.6, 0.0, 1.14, 0.0, 0.0], [0.0, -0.68, 0.0, 1.24, 158.47, 158.47, 0.0, 1.0], [0.2, 25.0, 0.0, 0.0])
(109269581, [2.0, 0.78, 0.0, 1.32, 0.0, 3.6, 0.0, 1.14, 0.0, 0.0], [0.0, -0.68, 0.0, 1.24, 158.46, 158.45, 0.0, 1.0], [0.2, 25.0, 0.0, 0.0])
(109369997, [2.0, 0.78, 0.0, 1.32, 0.0, 3.6, 0.0, 1.14, 0.0, 0.0], [0.0, -0.67, 0.0, 1.24, 158.44, 158.44, 0.0, 1.0], [0.2, 25.0, 0.0, 0.0])
(109469693, [2.0, 0.78, 0.0, 1.32, 0.0, 3.6, 0.0, 1.14, 0.0, 0.0], [0.0, -0.69, 0.0, 1.27, 158.43, 158.44, 0.0, 1.0], [0.2, 25.0, 0.0, 0.0])
(109570455, [2.0, 0.78, 0.0, 1.33, 0.0, 3.6, 0.0, 1.14, 0.0, 0.0], [0.0, -0.67, 0.0, 1.23, 158.43, 158.45, 0.0, 1.0], [0.2, 25.0, 0.0, 0.0])
(109669835, [2.0, 0.79, 0.0, 1.33, 0.0, 3.6, 0.0, 1.14, 0.0, 0.0], [0.0, -0.65, 0.0, 1.23, 158.43, 158.48, 0.0, 1.0], [0.2, 25.0, 0.0, 0.0])
(109769994, [2.0, 0.78, 0.0, 1.33, 0.0, 3.6, 0.0, 1.14, 0.0, 0.0], [0.0, -0.74, 0.0, 0.75, 158.43, 158.87, 0.0, 1.0], [0.2, 25.0, 0.0, 0.0])
(109870065, [2.0, 0.78, 0.0, 1.33, 0.0, 3.6, 0.0, 1.13, 0.0, 0.0], [0.0, -1.8, 0.0, -1.28, 158.43, 159.75, 0.0, 1.0], [0.2, 25.0, 0.0, 0.0])
(109969924, [2.0, 0.78, 0.0, 1.37, 0.0, 3.6, 0.0, 1.1, 0.0, 0.0], [0.07, -2.61, 0.3, -2.61, 158.43, 160.69, 0.0, 1.0], [0.2, 25.0, 0.0, 0.0])
(110069877, [2.0, 0.78, 0.0, 1.4, 0.0, 3.6, 0.0, 1.1, 0.0, 0.0], [0.32, -2.17, 1.38, -0.64, 158.43, 161.31, 0.01, 1.0], [0.2, 25.0, 0.0, 0.0])
(110169725, [2.0, 0.76, 0.0, 1.4, 0.0, 3.6, 0.0, 1.07, 0.0, 0.0], [0.46, -1.92, 1.92, 0.65, 158.43, 161.76, 0.01, 1.0], [0.2, 25.0, 0.0, 0.0])
(110269824, [2.0, 0.74, 0.0, 1.42, 0.0, 1.95, 0.0, 1.06, 0.0, 0.0], [0.58, -1.8, 2.21, 1.01, 158.43, 162.07, 0.02, 1.0], [0.2, 25.0, 0.0, 0.0])
(110369740, [2.0, 0.72, 0.0, 1.4, 0.0, 1.95, 0.0, 1.02, 0.0, 0.0], [0.66, -1.27, 2.38, 1.08, 158.43, 162.23, 0.02, 1.0], [0.2, 25.0, 0.0, 0.0])
(110469912, [2.0, 0.7, 0.0, 1.42, 0.0, 3.6, 0.0, 1.0, 0.0, 0.0], [0.73, -1.11, 2.48, 1.06, 158.43, 162.24, 0.02, 1.0], [0.2, 25.0, 0.0, 0.0])
(110569709, [2.0, 0.67, 0.0, 1.4, 0.0, 3.6, 0.0, 0.96, 0.0, 0.0], [0.92, -0.88, 2.55, 1.15, 158.43, 162.08, 0.02, 1.0], [0.2, 25.0, 0.0, 0.0])
(110669914, [2.0, 0.65, 0.0, 1.41, 0.0, 3.6, 0.0, 0.92, 0.0, 0.0], [1.11, -0.41, 2.6, 1.4, 158.43, 161.89, 0.01, 1.0], [0.24, 25.0, 0.0, 0.0])
(110769885, [2.0, 0.62, 0.0, 1.39, 0.0, 2.03, 0.0, 0.9, 0.0, 0.0], [1.38, 0.11, 2.62, 1.5, 158.43, 161.65, 0.01, 1.0], [0.28, 25.0, 0.0, 0.0])
(110869926, [2.0, 0.58, 0.0, 1.37, 0.0, 2.04, 0.0, 0.86, 0.0, 0.0], [1.6, 0.31, 2.64, 1.21, 158.43, 161.6, 0.01, 1.0], [0.31, 25.0, 0.0, 0.0])
(110969697, [2.0, 0.56, 0.0, 1.37, 0.0, 2.1, 0.0, 0.83, 0.0, 0.0], [1.83, 1.0, 2.65, 1.78, 158.43, 161.95, 0.01, 1.0], [0.35, 25.0, 0.0, 0.0])
(111069997, [2.0, 0.52, 0.0, 1.36, 0.0, 2.12, 0.0, 0.78, 0.0, 0.0], [2.03, 1.89, 2.67, 1.93, 158.43, 162.65, 0.02, 1.0], [0.39, 25.0, 0.0, 0.0])
(111169817, [2.0, 0.5, 0.0, 1.37, 0.0, 2.18, 0.0, 0.77, 0.0, 0.0], [2.23, 1.98, 2.68, 1.3, 158.43, 163.19, 0.02, 1.0], [0.43, 25.0, 0.0, 0.0])
(111270026, [2.0, 0.46, 0.0, 1.35, 0.0, 2.23, 0.0, 0.72, 0.0, 0.0], [2.39, 1.56, 2.69, 0.79, 158.43, 163.72, 0.02, 1.0], [0.46, 25.0, 0.0, 0.0])
(111369746, [2.0, 0.44, 0.0, 1.35, 0.0, 2.28, 0.0, 0.71, 0.0, 0.0], [2.52, 2.15, 2.72, 1.09, 158.43, 164.5, 0.02, 1.0], [0.5, 25.0, 0.0, 0.0])
(111469986, [2.0, 0.4, 0.0, 1.34, 0.0, 2.31, 0.0, 0.68, 0.0, 0.0], [2.61, 1.45, 2.76, 1.23, 158.43, 165.58, 0.03, 1.0], [0.52, 25.0, 0.0, 0.0])
(111569695, [2.0, 0.39, 0.0, 1.34, 0.0, 2.31, 0.0, 0.67, 0.0, 0.0], [2.68, 2.2, 2.8, 0.34, 158.43, 168.33, 0.03, 1.0], [0.54, 25.0, 0.0, 0.0])
(111670032, [2.0, 0.36, 0.0, 1.38, 0.0, 3.6, 0.0, 0.63, 0.0, 0.0], [2.78, 4.16, 2.83, -2.97, 158.43, 177.26, 0.06, 1.0], [0.55, 25.0, 0.0, 0.0])
(111769899, [2.0, 0.38, 0.0, 1.38, 0.0, 3.6, 0.0, 0.62, 0.0, 0.0], [3.01, 1.18, 2.73, -5.35, 160.58, 187.21, 0.06, 1.0], [0.55, 25.0, 0.0, 0.0])
(111870008, [2.0, 0.42, 0.0, 3.6, 0.0, 3.6, 0.0, 0.61, 0.0, 0.0], [4.72, 0.1, 2.4, -6.45, 167.84, 194.17, 0.06, 1.0], [0.56, 25.0, 0.0, 0.0])
(111969729, [2.0, 0.44, 0.0, 3.6, 0.0, 3.6, 0.0, 0.57, 0.0, 0.0], [6.42, 3.64, 2.1, -3.91, 173.19, 199.68, 0.06, 1.0], [0.57, 25.0, 0.0, 0.0])
(112070010, [2.0, 0.51, 0.0, 3.6, 0.0, 3.6, 0.0, 0.51, 0.0, 0.0], [7.42, 5.44, 1.76, -2.32, 178.2, 204.75, 0.06, 1.0], [0.58, 25.0, 0.0, 0.0])
(112169862, [2.0, 0.56, 0.0, 3.6, 0.0, 3.6, 0.0, 0.5, 0.0, 0.0], [7.96, 5.46, 1.63, -1.67, 180.7, 207.25, 0.08, 1.0], [0.6, 25.0, 0.0, 0.0])
(112269898, [2.0, 0.65, 0.0, 3.6, 0.0, 3.6, 0.0, 0.52, 0.0, 0.0], [8.26, 3.32, 1.56, -2.49, 181.46, 207.88, 0.08, 1.0], [0.61, 25.0, 0.0, 0.0])
(112369582, [2.0, 0.69, 0.0, 3.6, 0.0, 3.6, 0.0, 0.54, 0.0, 0.0], [8.43, 1.9, 1.47, -3.31, 181.49, 207.59, 0.08, 1.0], [0.63, 25.0, 0.0, 0.0])
(112470337, [2.0, 0.74, 0.0, 3.6, 0.0, 3.6, 0.0, 0.6, 0.0, 0.0], [8.49, 3.18, 1.34, -1.93, 181.49, 207.05, 0.08, 1.0], [0.64, 25.0, 0.0, 0.0])
(112569957, [2.0, 0.75, 0.0, 3.6, 0.0, 3.6, 0.0, 0.67, 0.0, 0.0], [8.47, 6.2, 1.25, -0.91, 181.49, 206.53, 0.07, 1.0], [0.66, 25.0, 0.0, 0.0])
(112669595, [2.0, 0.75, 0.0, 2.26, 0.0, 3.6, 0.0, 0.71, 0.0, 0.0], [7.19, 7.04, 1.3, -1.17, 181.49, 207.97, 0.07, 1.0], [0.68, 25.0, 0.0, 0.0])
(112769866, [2.0, 0.73, 0.0, 2.21, 0.0, 3.6, 0.0, 0.77, 0.0, 0.0], [6.2, 5.51, 1.27, -2.58, 183.53, 210.05, 0.09, 1.0], [0.68, 25.0, 0.0, 0.0])
(112869841, [2.0, 0.72, 0.0, 2.17, 0.0, 3.6, 0.0, 0.81, 0.0, 0.0], [5.45, 5.01, 1.4, -3.86, 185.92, 212.35, 0.09, 1.0], [0.69, 25.0, 0.0, 0.0])
(112970418, [2.0, 0.71, 0.0, 2.17, 0.0, 3.6, 0.0, 0.88, 0.0, 0.0], [4.85, 5.84, 1.51, -4.55, 190.3, 216.75, 0.08, 1.0], [0.71, 25.0, 0.0, 0.0])
(113069660, [2.0, 0.7, 0.0, 3.6, 0.0, 3.6, 0.0, 0.92, 0.0, 0.0], [5.51, 6.44, 1.53, -4.94, 196.99, 223.44, 0.08, 1.0], [0.7, 25.0, 0.0, 0.0])
(113170648, [2.0, 0.73, 0.0, 3.6, 0.0, 3.6, 0.0, 0.99, 0.0, 0.0], [5.85, 7.14, 1.37, -5.71, 205.94, 232.37, 0.09, 1.0], [0.7, 25.0, 0.0, 0.0])
(113269823, [2.0, 0.77, 0.0, 3.6, 0.0, 3.6, 0.0, 1.04, 0.0, 0.0], [5.72, 6.55, 1.06, -6.36, 217.89, 244.27, 0.09, 1.0], [0.71, 25.0, 0.0, 0.0])
(113370117, [2.0, 1.27, 0.0, 3.6, 0.0, 3.6, 0.0, 1.14, 0.0, 0.0], [5.5, 4.31, 0.77, -6.51, 230.93, 257.65, 0.11, 1.0], [0.69, 25.0, 0.0, 0.0])
(113469842, [2.0, 1.27, 0.0, 3.6, 0.0, 1.85, 0.0, 1.03, 0.0, 0.0], [5.2, 2.74, -1.16, -5.99, 243.36, 269.96, 0.11, 1.0], [0.67, 25.0, 0.0, 0.0])
(113570051, [2.0, 1.64, 0.0, 3.6, 0.0, 1.85, 0.0, 0.95, 0.0, 0.0], [5.54, 2.13, -2.35, -6.22, 254.62, 281.51, 0.11, 1.0], [0.64, 25.0, 0.0, 0.0])
(113669747, [2.0, 1.64, 0.0, 3.6, 0.0, 1.89, 0.0, 0.97, 0.0, 0.0], [5.91, 1.8, -3.12, -5.73, 265.59, 292.57, 0.11, 1.0], [0.62, 25.0, 0.0, 0.0])
(113770516, [2.0, 1.16, 0.0, 3.6, 0.0, 2.02, 0.0, 1.0, 0.0, 0.0], [5.27, 0.54, -3.07, -5.64, 276.05, 303.01, 0.11, 1.0], [0.59, 25.0, 0.0, 0.0])
(113869728, [2.0, 1.16, 0.0, 3.6, 0.0, 2.04, 0.0, 1.0, 0.0, 0.0], [4.89, -1.17, -2.77, -5.72, 285.36, 312.34, 0.11, 1.0], [0.56, 25.0, 0.0, 0.0])
(113970860, [2.0, 2.55, 0.0, 3.6, 0.0, 2.01, 0.0, 1.47, 0.0, 0.0], [4.4, -2.34, -2.67, -5.53, 293.34, 320.21, 0.12, 1.0], [0.53, 25.0, 0.0, 0.0])
(114070406, [2.0, 2.44, 0.0, 3.6, 0.0, 2.03, 0.0, 1.47, 0.0, 0.0], [4.03, -2.64, -3.74, -6.56, 300.48, 327.32, 0.12, 1.0], [0.5, 25.0, 0.0, 0.0])
(114170441, [2.0, 2.44, 0.0, 3.6, 0.0, 2.09, 0.0, 1.73, 0.0, 0.0], [3.67, -2.96, -4.12, -7.48, 306.95, 333.87, 0.12, 1.0], [0.47, 25.0, 0.0, 0.0])
(114269709, [2.0, 2.22, 0.0, 3.6, 0.0, 2.13, 0.0, 1.41, 0.0, 0.0], [3.46, -3.43, -4.09, -8.27, 313.23, 340.19, 0.12, 1.0], [0.45, 25.0, 0.0, 0.0])
(114369806, [2.0, 2.22, 0.0, 3.6, 0.0, 2.2, 0.0, 1.33, 0.0, 0.0], [3.67, -3.38, -4.02, -8.02, 319.18, 346.04, 0.11, 1.0], [0.44, 25.0, 0.0, 0.0])
(114469869, [2.0, 0.46, 0.0, 3.6, 0.0, 2.25, 0.0, 1.31, 0.0, 0.0], [3.93, -3.1, -1.48, -7.24, 324.57, 351.32, 0.11, 1.0], [0.44, 25.0, 0.0, 0.0])
(114569859, [2.0, 0.44, 0.0, 3.6, 0.0, 2.29, 0.0, 1.44, 0.0, 0.0], [4.22, -3.15, 0.57, -4.79, 329.75, 356.5, 0.11, 1.0], [0.43, 25.0, 0.0, 0.0])
(114669855, [2.0, 0.44, 0.0, 3.6, 0.0, 2.3, 0.0, 1.44, 0.0, 0.0], [4.34, -2.34, 1.62, -3.73, 334.25, 0.83, 0.11, 1.0], [0.43, 25.0, 0.0, 0.0])
(114769683, [2.0, 3.6, 0.0, 3.6, 0.0, 2.3, 0.0, 3.6, 0.0, 0.0], [3.92, -1.05, -1.05, -4.73, 337.94, 4.64, 0.1, 1.0], [0.43, 25.0, 0.0, 0.0])
(114870119, [2.0, 0.36, 0.0, 3.6, 0.0, 2.34, 0.0, 3.6, 0.0, 0.0], [1.83, -0.51, -3.77, -8.53, 341.24, 8.02, 0.1, 1.0], [0.44, 25.0, 0.0, 0.0])
(114970169, [2.0, 0.36, 0.0, 2.26, 0.0, 2.34, 0.0, 0.65, 0.0, 0.0], [0.3, -2.62, -1.5, -9.13, 345.82, 12.86, 0.09, 1.0], [0.46, 25.0, 0.0, 0.0])
(115070931, [2.0, 1.79, 0.0, 2.11, 0.0, 2.35, 0.0, 0.77, 0.0, 0.0], [2.31, -3.26, 0.62, -4.42, 352.63, 19.34, 0.09, 1.0], [0.49, 25.0, 0.0, 0.0])
(115169751, [2.0, 1.79, 0.0, 2.11, 0.0, 2.36, 0.0, 0.77, 0.0, 0.0], [3.97, -0.77, -0.81, -1.95, 358.53, 25.32, 0.1, 1.0], [0.5, 25.0, 0.0, 0.0])
(115269781, [2.0, 3.6, 0.0, 3.6, 0.0, 2.39, 0.0, 3.6, 0.0, 0.0], [5.57, 2.27, -2.05, -2.78, 3.66, 30.47, 0.1, 1.0], [0.52, 25.0, 0.0, 0.0])
(115369715, [2.0, 3.6, 0.0, 3.6, 0.0, 2.41, 0.0, 3.6, 0.0, 0.0], [2.94, 2.62, -4.34, -4.71, 8.41, 35.3, 0.1, 1.0], [0.55, 25.0, 0.0, 0.0])
(115469717, [2.0, 3.6, 0.0, 3.6, 0.0, 2.43, 0.0, 0.71, 0.0, 0.0], [3.97, 1.7, -5.32, -6.79, 13.77, 40.76, 0.1, 1.0], [0.57, 25.0, 0.0, 0.0])
(115569853, [2.0, 3.6, 0.0, 3.6, 0.0, 3.6, 0.0, 0.82, 0.0, 0.0], [5.59, 4.22, -6.0, -5.9, 20.33, 47.36, 0.11, 1.0], [0.59, 25.0, 0.0, 0.0])
(115670264, [2.0, 3.6, 0.0, 0.88, 0.0, 3.6, 0.0, 2.43, 0.0, 0.0], [6.01, 5.99, -6.59, -6.02, 28.38, 55.65, 0.11, 1.0], [0.6, 25.0, 0.0, 0.0])
(115769795, [2.0, 3.6, 0.0, 0.85, 0.0, 3.6, 0.0, 2.43, 0.0, 0.0], [0.22, 4.33, -6.79, -7.31, 38.82, 65.92, 0.13, 1.0], [0.61, 25.0, 0.0, 0.0])
(189897987, [2.0, 0.7, 0.0, 1.27, 0.0, 3.6, 0.0, 1.13, 0.0, 0.0], [0.0, -0.71, 0.0, 1.13, 158.25, 158.25, 0.0, 1.0], [0.2, 25.0, 0.0, 0.0])
(189997627, [2.0, 0.7, 0.0, 1.27, 0.0, 3.6, 0.0, 1.13, 0.0, 0.0], [0.0, -0.71, 0.0, 1.13, 158.25, 158.25, 0.0, 1.0], [0.2, 25.0, 0.0, 0.0])
(190097503, [2.0, 0.7, 0.0, 1.27, 0.0, 3.6, 0.0, 1.13, 0.0, 0.0], [0.0, -0.71, 0.0, 1.13, 158.25, 158.24, 0.0, 1.0], [0.2, 25.0, 0.0, 0.0])
(190197609, [2.0, 0.7, 0.0, 1.27, 0.0, 3.6, 0.0, 1.13, 0.0, 0.0], [0.0, -0.71, 0.0, 1.13, 158.24, 158.24, 0.0, 1.0], [0.2, 25.0, 0.0, 0.0])
(190297541, [2.0, 0.7, 0.0, 1.27, 0.0, 3.6, 0.0, 1.13, 0.0, 0.0], [0.0, -0.71, 0.0, 1.13, 158.24, 158.23, 0.0, 1.0], [0.2, 25.0, 0.0, 0.0])
(190397495, [2.0, 0.7, 0.0, 1.28, 0.0, 3.6, 0.0, 1.13, 0.0, 0.0], [0.0, -0.71, 0.0, 1.13, 158.24, 158.23, 0.0, 1.0], [0.2, 25.0, 0.0, 0.0])
(190497518, [2.0, 0.7, 0.0, 1.27, 0.0, 3.6, 0.0, 1.13, 0.0, 0.0], [0.0, -0.71, 0.0, 1.13, 158.23, 158.22, 0.0, 1.0], [0.2, 25.0, 0.0, 0.0])
(190597491, [2.0, 0.7, 0.0, 1.28, 0.0, 3.6, 0.0, 1.13, 0.0, 0.0], [0.0, -0.71, 0.0, 1.13, 158.23, 158.22, 0.0, 1.0], [0.2, 25.0, 0.0, 0.0])
(190697558, [2.0, 0.7, 0.0, 1.27, 0.0, 3.6, 0.0, 1.13, 0.0, 0.0], [0.0, -0.71, 0.0, 1.14, 158.22, 158.22, 0.0, 1.0], [0.2, 25.0, 0.0, 0.0])
(190797409, [2.0, 0.7, 0.0, 1.27, 0.0, 3.6, 0.0, 1.13, 0.0, 0.0], [0.0, -0.71, 0.0, 1.14, 158.22, 158.22, 0.0, 1.0], [0.2, 25.0, 0.0, 0.0])
(190897348, [2.0, 0.7, 0.0, 1.27, 0.0, 3.6, 0.0, 1.13, 0.0, 0.0], [0.0, -0.71, 0.0, 1.14, 158.22, 158.21, 0.0, 1.0], [0.2, 25.0, 0.0, 0.0])
(190997574, [2.0, 0.7, 0.0, 1.27, 0.0, 3.6, 0.0, 1.13, 0.0, 0.0], [0.0, -0.71, 0.0, 1.14, 158.22, 158.21, 0.0, 1.0], [0.2, 25.0, 0.0, 0.0])
(191097609, [2.0, 0.7, 0.0, 1.27, 0.0, 3.6, 0.0, 1.12, 0.0, 0.0], [0.0, -0.71, 0.0, 1.15, 158.21, 158.21, 0.0, 1.0], [0.2, 25.0, 0.0, 0.0])
(191197436, [2.0, 0.7, 0.0, 1.27, 0.0, 3.6, 0.0, 1.13, 0.0, 0.0], [0.0, -0.71, 0.0, 1.15, 158.21, 158.2, 0.0, 1.0], [0.2, 25.0, 0.0, 0.0])
(191297520, [2.0, 0.7, 0.0, 1.27, 0.0, 3.6, 0.0, 1.13, 0.0, 0.0], [0.0, -0.71, 0.0, 1.15, 158.21, 158.2, 0.0, 1.0], [0.2, 25.0, 0.0, 0.0])
(191397501, [2.0, 0.7, 0.0, 1.27, 0.0, 3.6, 0.0, 1.13, 0.0, 0.0], [0.0, -0.71, 0.0, 1.16, 158.2, 158.19, 0.0, 1.0], [0.2, 25.0, 0.0, 0.0])
(191498121, [2.0, 0.7, 0.0, 1.27, 0.0, 3.6, 0.0, 1.13, 0.0, 0.0], [0.0, -0.71, 0.0, 1.16, 158.2, 158.19, 0.0, 1.0], [0.2, 25.0, 0.0, 0.0])
(191597687, [2.0, 0.7, 0.0, 1.27, 0.0, 3.6, 0.0, 1.13, 0.0, 0.0], [0.0, -0.71, 0.0, 1.16, 158.19, 158.19, 0.0, 1.0], [0.2, 25.0, 0.0, 0.0])
(191697813, [2.0, 0.71, 0.0, 1.27, 0.0, 3.6, 0.0, 1.13, 0.0, 0.0], [0.0, -0.71, 0.0, 1.16, 158.19, 158.18, 0.0, 1.0], [0.2, 25.0, 0.0, 0.0])
(191797811, [2.0, 0.7, 0.0, 1.27, 0.0, 3.6, 0.0, 1.13, 0.0, 0.0], [0.0, -0.71, 0.0, 1.16, 158.18, 158.18, 0.0, 1.0], [0.2, 25.0, 0.0, 0.0])
(191897881, [2.0, 0.7, 0.0, 1.27, 0.0, 3.6, 0.0, 1.13, 0.0, 0.0], [0.0, -0.72, 0.0, 1.17, 158.18, 158.17, 0.0, 1.0], [0.2, 25.0, 0.0, 0.0])
(191997688, [2.0, 0.7, 0.0, 1.27, 0.0, 3.6, 0.0, 1.13, 0.0, 0.0], [0.0, -0.72, 0.0, 1.17, 158.18, 158.17, 0.0, 1.0], [0.2, 25.0, 0.0, 0.0])
(192097889, [2.0, 0.7, 0.0, 1.27, 0.0, 3.6, 0.0, 1.13, 0.0, 0.0], [0.0, -0.72, 0.0, 1.17, 158.17, 158.17, 0.0, 1.0], [0.2, 25.0, 0.0, 0.0])
(192197704, [2.0, 0.7, 0.0, 1.27, 0.0, 3.6, 0.0, 1.13, 0.0, 0.0], [0.0, -0.72, 0.0, 1.17, 158.18, 158.17, 0.0, 1.0], [0.2, 25.0, 0.0, 0.0])
(192297626, [2.0, 0.7, 0.0, 1.27, 0.0, 3.6, 0.0, 1.13, 0.0, 0.0], [0.0, -0.72, 0.0, 1.18, 158.16, 158.15, 0.0, 1.0], [0.2, 25.0, 0.0, 0.0])
(192397702, [2.0, 0.7, 0.0, 1.27, 0.0, 3.6, 0.0, 1.13, 0.0, 0.0], [0.0, -0.71, 0.0, 1.19, 158.15, 158.14, 0.0, 1.0], [0.2, 25.0, 0.0, 0.0])
(192497448, [2.0, 0.71, 0.0, 1.27, 0.0, 3.6, 0.0, 1.13, 0.0, 0.0], [0.0, -0.7, 0.0, 1.21, 158.19, 158.18, 0.0, 1.0], [0.2, 25.0, 0.0, 0.0])
(192597517, [2.0, 0.7, 0.0, 1.27, 0.0, 3.6, 0.0, 1.13, 0.0, 0.0], [0.0, -0.7, 0.0, 1.2, 158.2, 158.19, 0.0, 1.0], [0.2, 25.0, 0.0, 0.0])
(192697687, [2.0, 0.7, 0.0, 1.27, 0.0, 3.6, 0.0, 1.13, 0.0, 0.0], [0.0, -0.7, 0.0, 1.21, 158.16, 158.15, 0.0, 1.0], [0.2, 25.0, 0.0, 0.0])
(192798130, [2.0, 0.7, 0.0, 1.27, 0.0, 3.6, 0.0, 1.13, 0.0, 0.0], [0.0, -0.7, 0.0, 1.2, 158.15, 158.15, 0.0, 1.0], [0.2, 25.0, 0.0, 0.0])
(192897534, [2.0, 0.7, 0.0, 1.27, 0.0, 3.6, 0.0, 1.12, 0.0, 0.0], [0.0, -0.71, 0.0, 1.21, 158.15, 158.15, 0.0, 1.0], [0.2, 25.0, 0.0, 0.0])
(192997671, [2.0, 0.7, 0.0, 1.24, 0.0, 3.6, 0.0, 1.13, 0.0, 0.0], [0.0, -0.71, 0.0, 1.21, 158.15, 158.14, 0.0, 1.0], [0.2, 25.0, 0.0, 0.0])
(193097645, [2.0, 0.7, 0.0, 1.27, 0.0, 3.6, 0.0, 1.13, 0.0, 0.0], [0.0, -0.71, 0.0, 1.22, 158.15, 158.14, 0.0, 1.0], [0.2, 25.0, 0.0, 0.0])
(193197437, [2.0, 0.7, 0.0, 1.27, 0.0, 3.6, 0.0, 1.13, 0.0, 0.0], [0.0, -0.71, 0.0, 1.22, 158.14, 158.13, 0.0, 1.0], [0.2, 25.0, 0.0, 0.0])
(193297669, [2.0, 0.7, 0.0, 1.27, 0.0, 3.6, 0.0, 1.13, 0.0, 0.0], [0.0, -0.7, 0.0, 1.22, 158.13, 158.13, 0.0, 1.0], [0.2, 25.0, 0.0, 0.0])
(193397684, [2.0, 0.7, 0.0, 1.27, 0.0, 3.6, 0.0, 1.13, 0.0, 0.0], [0.0, -0.7, 0.0, 1.22, 158.12, 158.11, 0.0, 1.0], [0.2, 25.0, 0.0, 0.0])
(193497668, [2.0, 0.7, 0.0, 1.28, 0.0, 3.6, 0.0, 1.13, 0.0, 0.0], [0.0, -0.7, 0.0, 1.22, 158.12, 158.11, 0.0, 1.0], [0.2, 25.0, 0.0, 0.0])
(193597631, [2.0, 0.7, 0.0, 1.27, 0.0, 3.6, 0.0, 1.13, 0.0, 0.0], [0.0, -0.69, 0.0, 1.23, 158.11, 158.1, 0.0, 1.0], [0.2, 25.0, 0.0, 0.0])
(193697687, [2.0, 0.7, 0.0, 1.27, 0.0, 3.6, 0.0, 1.13, 0.0, 0.0], [0.0, -0.69, 0.0, 1.23, 158.1, 158.1, 0.0, 1.0], [0.2, 25.0, 0.0, 0.0])
(193797713, [2.0, 0.7, 0.0, 1.28, 0.0, 3.6, 0.0, 1.13, 0.0, 0.0], [0.0, -0.69, 0.0, 1.23, 158.11, 158.1, 0.0, 1.0], [0.2, 25.0, 0.0, 0.0])
(193898128, [2.0, 0.7, 0.0, 1.27, 0.0, 3.6, 0.0, 1.13, 0.0, 0.0], [0.0, -0.69, 0.0, 1.24, 158.11, 158.1, 0.0, 1.0], [0.2, 25.0, 0.0, 0.0])
(193997641, [2.0, 0.7, 0.0, 1.27, 0.0, 3.6, 0.0, 1.13, 0.0, 0.0], [0.0, -0.69, 0.0, 1.24, 158.1, 158.1, 0.0, 1.0], [0.2, 25.0, 0.0, 0.0])
(194097615, [2.0, 0.7, 0.0, 1.27, 0.0, 3.6, 0.0, 1.13, 0.0, 0.0], [0.0, -0.69, 0.0, 1.24, 158.1, 158.1, 0.0, 1.0], [0.2, 25.0, 0.0, 0.0])
(194197742, [2.0, 0.7, 0.0, 1.27, 0.0, 3.6, 0.0, 1.13, 0.0, 0.0], [0.0, -0.69, 0.0, 1.24, 158.1, 158.1, 0.0, 1.0], [0.2, 25.0, 0.0, 0.0])
(194298557, [2.0, 0.7, 0.0, 1.27, 0.0, 3.6, 0.0, 1.13, 0.0, 0.0], [0.0, -0.68, 0.0, 1.24, 158.1, 158.1, 0.0, 1.0], [0.2, 25.0, 0.0, 0.0])
(194397707, [2.0, 0.7, 0.0, 1.27, 0.0, 3.6, 0.0, 1.13, 0.0, 0.0], [0.0, -0.68, 0.0, 1.24, 158.1, 158.09, 0.0, 1.0], [0.2, 25.0, 0.0, 0.0])
(194497703, [2.0, 0.7, 0.0, 1.27, 0.0, 3.6, 0.0, 1.13, 0.0, 0.0], [0.0, -0.68, 0.0, 1.24, 158.1, 158.1, 0.0, 1.0], [0.2, 25.0, 0.0, 0.0])
(194597488, [2.0, 0.71, 0.0, 1.27, 0.0, 3.6, 0.0, 1.13, 0.0, 0.0], [0.0, -0.68, 0.0, 1.24, 158.1, 158.09, 0.0, 1.0], [0.2, 25.0, 0.0, 0.0])
(194697630, [2.0, 0.7, 0.0, 1.27, 0.0, 3.6, 0.0, 1.13, 0.0, 0.0], [0.0, -0.67, 0.0, 1.24, 158.1, 158.09, 0.0, 1.0], [0.2, 25.0, 0.0, 0.0])
(194798110, [2.0, 0.7, 0.0, 1.27, 0.0, 3.6, 0.0, 1.13, 0.0, 0.0], [0.0, -0.67, 0.0, 1.24, 158.09, 158.09, 0.0, 1.0], [0.2, 25.0, 0.0, 0.0])
(194897456, [2.0, 0.7, 0.0, 1.27, 0.0, 3.6, 0.0, 1.13, 0.0, 0.0], [0.0, -0.67, 0.0, 1.24, 158.08, 158.08, 0.0, 1.0], [0.2, 25.0, 0.0, 0.0])
(194997641, [2.0, 0.7, 0.0, 1.27, 0.0, 3.6, 0.0, 1.13, 0.0, 0.0], [0.0, -0.67, 0.0, 1.24, 158.09, 158.08, 0.0, 1.0], [0.2, 25.0, 0.0, 0.0])
(195098068, [2.0, 0.7, 0.0, 1.27, 0.0, 3.6, 0.0, 1.13, 0.0, 0.0], [0.0, -0.67, 0.0, 1.25, 158.08, 158.07, 0.0, 1.0], [0.2, 25.0, 0.0, 0.0])
(195197637, [2.0, 0.7, 0.0, 1.27, 0.0, 3.6, 0.0, 1.13, 0.0, 0.0], [0.0, -0.67, 0.0, 1.25, 158.07, 158.06, 0.0, 1.0], [0.2, 25.0, 0.0, 0.0])
(195297622, [2.0, 0.7, 0.0, 1.27, 0.0, 3.6, 0.0, 1.13, 0.0, 0.0], [0.0, -0.67, 0.0, 1.25, 158.07, 158.06, 0.0, 1.0], [0.2, 25.0, 0.0, 0.0])
(195397679, [2.0, 0.7, 0.0, 1.27, 0.0, 3.6, 0.0, 1.13, 0.0, 0.0], [0.0, -0.67, 0.0, 1.25, 158.07, 158.06, 0.0, 1.0], [0.2, 25.0, 0.0, 0.0])
(195497630, [2.0, 0.71, 0.0, 1.27, 0.0, 3.6, 0.0, 1.13, 0.0, 0.0], [0.0, -0.67, 0.0, 1.25, 158.07, 158.06, 0.0, 1.0], [0.2, 25.0, 0.0, 0.0])
(195597701, [2.0, 0.7, 0.0, 1.27, 0.0, 3.6, 0.0, 1.12, 0.0, 0.0], [0.0, -0.67, 0.0, 1.25, 158.07, 158.06, 0.0, 1.0], [0.2, 25.0, 0.0, 0.0])
(195697914, [2.0, 0.7, 0.0, 1.28, 0.0, 3.6, 0.0, 1.13, 0.0, 0.0], [0.0, -0.67, 0.0, 1.25, 158.07, 158.07, 0.0, 1.0], [0.2, 25.0, 0.0, 0.0])
(195797686, [2.0, 0.7, 0.0, 1.27, 0.0, 3.6, 0.0, 1.13, 0.0, 0.0], [0.0, -0.67, 0.0, 1.25, 158.07, 158.06, 0.0, 1.0], [0.2, 25.0, 0.0, 0.0])
(195897855, [2.0, 0.7, 0.0, 1.28, 0.0, 3.6, 0.0, 1.13, 0.0, 0.0], [0.0, -0.66, 0.0, 1.25, 158.07, 158.06, 0.0, 1.0], [0.2, 25.0, 0.0, 0.0])
(195997667, [2.0, 0.7, 0.0, 1.27, 0.0, 3.6, 0.0, 1.13, 0.0, 0.0], [0.0, -0.66, 0.0, 1.24, 158.07, 158.07, 0.0, 1.0], [0.2, 25.0, 0.0, 0.0])
(196097688, [2.0, 0.71, 0.0, 1.28, 0.0, 3.6, 0.0, 1.12, 0.0, 0.0], [0.0, -0.66, 0.0, 1.24, 158.07, 158.06, 0.0, 1.0], [0.2, 25.0, 0.0, 0.0])
(196198963, [2.0, 0.7, 0.0, 1.28, 0.0, 3.6, 0.0, 1.13, 0.0, 0.0], [0.0, -0.66, 0.0, 1.24, 158.07, 158.06, 0.0, 1.0], [0.2, 25.0, 0.0, 0.0])
(196297456, [2.0, 0.7, 0.0, 1.28, 0.0, 3.6, 0.0, 1.13, 0.0, 0.0], [0.0, -0.66, 0.0, 1.24, 158.07, 158.06, 0.0, 1.0], [0.2, 25.0, 0.0, 0.0])
(196397813, [2.0, 0.7, 0.0, 1.27, 0.0, 3.6, 0.0, 1.13, 0.0, 0.0], [0.0, -0.65, 0.0, 1.24, 158.06, 158.05, 0.0, 1.0], [0.2, 25.0, 0.0, 0.0])
(196497693, [2.0, 0.7, 0.0, 1.27, 0.0, 3.6, 0.0, 1.13, 0.0, 0.0], [0.0, -0.65, 0.0, 1.24, 158.06, 158.05, 0.0, 1.0], [0.2, 25.0, 0.0, 0.0])
(196597496, [2.0, 0.71, 0.0, 1.26, 0.0, 3.6, 0.0, 1.13, 0.0, 0.0], [0.0, -0.64, 0.0, 1.24, 158.05, 158.05, 0.0, 1.0], [0.2, 25.0, 0.0, 0.0])
(196697890, [2.0, 0.7, 0.0, 1.27, 0.0, 3.6, 0.0, 1.13, 0.0, 0.0], [0.0, -0.64, 0.0, 1.24, 158.05, 158.04, 0.0, 1.0], [0.2, 25.0, 0.0, 0.0])
(196797693, [2.0, 0.7, 0.0, 1.26, 0.0, 3.6, 0.0, 1.12, 0.0, 0.0], [0.0, -0.64, 0.0, 1.24, 158.04, 158.04, 0.0, 1.0], [0.2, 25.0, 0.0, 0.0])
(196897530, [2.0, 0.7, 0.0, 1.27, 0.0, 3.6, 0.0, 1.13, 0.0, 0.0], [0.0, -0.64, 0.0, 1.24, 158.03, 158.03, 0.0, 1.0], [0.2, 25.0, 0.0, 0.0])
(196997615, [2.0, 0.7, 0.0, 1.27, 0.0, 3.6, 0.0, 1.13, 0.0, 0.0], [0.0, -0.64, 0.0, 1.24, 158.03, 158.02, 0.0, 1.0], [0.2, 25.0, 0.0, 0.0])
(198897556, [2.0, 0.7, 0.0, 1.27, 0.0, 3.6, 0.0, 1.12, 0.0, 0.0], [0.0, -0.63, 0.0, 1.15, 158.01, 158.0, 0.0, 1.0], [0.2, 25.0, 0.0, 0.0])
(198997590, [2.0, 0.7, 0.0, 1.27, 0.0, 3.6, 0.0, 1.13, 0.0, 0.0], [0.0, -0.63, 0.0, 1.15, 158.01, 158.0, 0.0, 1.0], [0.2, 25.0, 0.0, 0.0])
(199097572, [2.0, 0.7, 0.0, 1.27, 0.0, 3.6, 0.0, 1.13, 0.0, 0.0], [0.0, -0.63, 0.0, 1.15, 158.01, 158.0, 0.0, 1.0], [0.2, 25.0, 0.0, 0.0])
(199197541, [2.0, 0.7, 0.0, 1.27, 0.0, 3.6, 0.0, 1.13, 0.0, 0.0], [0.0, -0.63, 0.0, 1.15, 158.0, 158.0, 0.0, 1.0], [0.2, 25.0, 0.0, 0.0])
(199297603, [2.0, 0.7, 0.0, 1.27, 0.0, 3.6, 0.0, 1.13, 0.0, 0.0], [0.0, -0.63, 0.0, 1.15, 158.0, 157.99, 0.0, 1.0], [0.2, 25.0, 0.0, 0.0])
(199397646, [2.0, 0.7, 0.0, 1.27, 0.0, 3.6, 0.0, 1.13, 0.0, 0.0], [0.0, -0.63, 0.0, 1.15, 157.99, 157.99, 0.0, 1.0], [0.2, 25.0, 0.0, 0.0])
(199497617, [2.0, 0.7, 0.0, 1.27, 0.0, 3.6, 0.0, 1.13, 0.0, 0.0], [0.0, -0.63, 0.0, 1.15, 157.99, 157.99, 0.0, 1.0], [0.2, 25.0, 0.0, 0.0])
(199597591, [2.0, 0.7, 0.0, 1.27, 0.0, 3.6, 0.0, 1.13, 0.0, 0.0], [0.0, -0.63, 0.0, 1.15, 158.0, 157.99, 0.0, 1.0], [0.2, 25.0, 0.0, 0.0])
(199697878, [2.0, 0.7, 0.0, 1.27, 0.0, 3.6, 0.0, 1.13, 0.0, 0.0], [0.0, -0.63, 0.0, 1.15, 158.0, 157.99, 0.0, 1.0], [0.2, 25.0, 0.0, 0.0])
(199797841, [2.0, 0.7, 0.0, 1.27, 0.0, 3.6, 0.0, 1.13, 0.0, 0.0], [0.0, -0.63, 0.0, 1.16, 157.99, 157.99, 0.0, 1.0], [0.2, 25.0, 0.0, 0.0])
(199898149, [2.0, 0.71, 0.0, 1.27, 0.0, 3.6, 0.0, 1.13, 0.0, 0.0], [0.0, -0.63, 0.0, 1.16, 158.0, 157.99, 0.0, 1.0], [0.2, 25.0, 0.0, 0.0])
(199997829, [2.0, 0.7, 0.0, 1.27, 0.0, 3.6, 0.0, 1.13, 0.0, 0.0], [0.0, -0.63, 0.0, 1.16, 158.0, 157.99, 0.0, 1.0], [0.2, 25.0, 0.0, 0.0])
(200097904, [2.0, 0.7, 0.0, 1.27, 0.0, 3.6, 0.0, 1.13, 0.0, 0.0], [0.0, -0.63, 0.0, 1.16, 158.0, 157.99, 0.0, 1.0], [0.2, 25.0, 0.0, 0.0])
(200197799, [2.0, 0.7, 0.0, 1.27, 0.0, 3.6, 0.0, 1.12, 0.0, 0.0], [0.0, -0.64, 0.0, 1.17, 157.99, 157.99, 0.0, 1.0], [0.2, 25.0, 0.0, 0.0])
(200297889, [2.0, 0.7, 0.0, 1.27, 0.0, 3.6, 0.0, 1.13, 0.0, 0.0], [0.0, -0.64, 0.0, 1.17, 157.99, 157.98, 0.0, 1.0], [0.2, 25.0, 0.0, 0.0])
(200400040, [2.0, 0.71, 0.0, 1.27, 0.0, 3.6, 0.0, 1.13, 0.0, 0.0], [0.0, -0.64, 0.0, 1.17, 157.99, 157.98, 0.0, 1.0], [0.2, 25.0, 0.0, 0.0])
(200500857, [2.0, 0.7, 0.0, 1.27, 0.0, 3.6, 0.0, 1.13, 0.0, 0.0], [0.0, -0.64, 0.0, 1.18, 157.99, 157.98, 0.0, 1.0], [0.2, 25.0, 0.0, 0.0])
(200600610, [2.0, 0.7, 0.0, 1.28, 0.0, 3.6, 0.0, 1.13, 0.0, 0.0], [0.0, -0.64, 0.0, 1.18, 157.98, 157.98, 0.0, 1.0], [0.2, 25.0, 0.0, 0.0])
(200700841, [2.0, 0.7, 0.0, 1.28, 0.0, 3.6, 0.0, 1.13, 0.0, 0.0], [0.0, -0.64, 0.0, 1.18, 157.98, 157.97, 0.0, 1.0], [0.2, 25.0, 0.0, 0.0])
(200800845, [2.0, 0.7, 0.0, 1.27, 0.0, 3.6, 0.0, 1.13, 0.0, 0.0], [0.0, -0.64, 0.0, 1.18, 157.97, 157.97, 0.0, 1.0], [0.2, 25.0, 0.0, 0.0])
(200901881, [2.0, 0.7, 0.0, 1.27, 0.0, 3.6, 0.0, 1.13, 0.0, 0.0], [0.0, -0.64, 0.0, 1.19, 157.97, 157.97, 0.0, 1.0], [0.2, 25.0, 0.0, 0.0])
(201001380, [2.0, 0.7, 0.0, 1.27, 0.0, 3.6, 0.0, 1.13, 0.0, 0.0], [0.0, -0.64, 0.0, 1.19, 157.97, 157.96, 0.0, 1.0], [0.2, 25.0, 0.0, 0.0])
(201100836, [2.0, 0.7, 0.0, 1.28, 0.0, 3.6, 0.0, 1.13, 0.0, 0.0], [0.0, -0.63, 0.0, 1.19, 157.97, 157.96, 0.0, 1.0], [0.2, 25.0, 0.0, 0.0])
(201200904, [2.0, 0.7, 0.0, 1.27, 0.0, 3.6, 0.0, 1.13, 0.0, 0.0], [0.0, -0.63, 0.0, 1.19, 157.96, 157.96, 0.0, 1.0], [0.2, 25.0, 0.0, 0.0])
(201300974, [2.0, 0.7, 0.0, 1.27, 0.0, 3.6, 0.0, 1.13, 0.0, 0.0], [0.0, -0.63, 0.0, 1.2, 157.96, 157.96, 0.0, 1.0], [0.2, 25.0, 0.0, 0.0])
(201400854, [2.0, 0.7, 0.0, 1.27, 0.0, 3.6, 0.0, 1.13, 0.0, 0.0], [0.0, -0.63, 0.0, 1.2, 157.98, 157.98, 0.0, 1.0], [0.2, 25.0, 0.0, 0.0])
(201500831, [2.0, 0.7, 0.0, 1.27, 0.0, 3.6, 0.0, 1.13, 0.0, 0.0], [0.0, -0.62, 0.0, 1.2, 157.98, 157.97, 0.0, 1.0], [0.2, 25.0, 0.0, 0.0])
(201600848, [2.0, 0.7, 0.0, 1.27, 0.0, 3.6, 0.0, 1.13, 0.0, 0.0], [0.0, -0.61, 0.0, 1.2, 157.96, 157.96, 0.0, 1.0], [0.2, 25.0, 0.0, 0.0])
(201700866, [2.0, 0.7, 0.0, 1.27, 0.0, 3.6, 0.0, 1.13, 0.0, 0.0], [0.0, -0.62, 0.0, 1.19, 157.94, 157.93, 0.0, 1.0], [0.2, 25.0, 0.0, 0.0])
(201800971, [2.0, 0.7, 0.0, 1.27, 0.0, 3.6, 0.0, 1.13, 0.0, 0.0], [0.0, -0.64, 0.0, 1.2, 157.94, 157.93, 0.0, 1.0], [0.2, 25.0, 0.0, 0.0])
(201901419, [2.0, 0.7, 0.0, 1.27, 0.0, 3.6, 0.0, 1.13, 0.0, 0.0], [0.0, -0.64, 0.0, 1.2, 157.94, 157.93, 0.0, 1.0], [0.2, 25.0, 0.0, 0.0])
(202000897, [2.0, 0.7, 0.0, 1.27, 0.0, 3.6, 0.0, 1.13, 0.0, 0.0], [0.0, -0.64, 0.0, 1.2, 157.94, 157.93, 0.0, 1.0], [0.2, 25.0, 0.0, 0.0])
(202100824, [2.0, 0.71, 0.0, 1.27, 0.0, 3.6, 0.0, 1.13, 0.0, 0.0], [0.0, -0.64, 0.0, 1.2, 157.93, 157.93, 0.0, 1.0], [0.2, 25.0, 0.0, 0.0])
(202201189, [2.0, 0.7, 0.0, 1.27, 0.0, 3.6, 0.0, 1.13, 0.0, 0.0], [0.0, -0.64, 0.0, 1.19, 157.93, 157.92, 0.0, 1.0], [0.2, 25.0, 0.0, 0.0])
(202300723, [2.0, 0.7, 0.0, 1.27, 0.0, 3.6, 0.0, 1.13, 0.0, 0.0], [0.0, -0.64, 0.0, 1.2, 157.93, 157.92, 0.0, 1.0], [0.2, 25.0, 0.0, 0.0])
(202400909, [2.0, 0.7, 0.0, 1.27, 0.0, 3.6, 0.0, 1.13, 0.0, 0.0], [0.0, -0.63, 0.0, 1.2, 157.92, 157.92, 0.0, 1.0], [0.2, 25.0, 0.0, 0.0])
(202500930, [2.0, 0.7, 0.0, 1.27, 0.0, 3.6, 0.0, 1.13, 0.0, 0.0], [0.0, -0.64, 0.0, 1.2, 157.92, 157.91, 0.0, 1.0], [0.2, 25.0, 0.0, 0.0])
(202600813, [2.0, 0.7, 0.0, 1.28, 0.0, 3.6, 0.0, 1.13, 0.0, 0.0], [0.0, -0.64, 0.0, 1.21, 157.92, 157.91, 0.0, 1.0], [0.2, 25.0, 0.0, 0.0])
(202700825, [2.0, 0.7, 0.0, 1.27, 0.0, 3.6, 0.0, 1.13, 0.0, 0.0], [0.0, -0.64, 0.0, 1.21, 157.91, 157.9, 0.0, 1.0], [0.2, 25.0, 0.0, 0.0])
(202801332, [2.0, 0.7, 0.0, 1.27, 0.0, 3.6, 0.0, 1.13, 0.0, 0.0], [0.0, -0.64, 0.0, 1.21, 157.91, 157.9, 0.0, 1.0], [0.2, 25.0, 0.0, 0.0])
(202900861, [2.0, 0.7, 0.0, 1.27, 0.0, 3.6, 0.0, 1.13, 0.0, 0.0], [0.0, -0.64, 0.0, 1.21, 157.9, 157.9, 0.0, 1.0], [0.2, 25.0, 0.0, 0.0])
(203000864, [2.0, 0.7, 0.0, 1.27, 0.0, 3.6, 0.0, 1.13, 0.0, 0.0], [0.0, -0.64, 0.0, 1.21, 157.9, 157.89, 0.0, 1.0], [0.2, 25.0, 0.0, 0.0])
(203100851, [2.0, 0.7, 0.0, 1.27, 0.0, 3.6, 0.0, 1.13, 0.0, 0.0], [0.0, -0.64, 0.0, 1.22, 157.9, 157.89, 0.0, 1.0], [0.2, 25.0, 0.0, 0.0])
(203201941, [2.0, 0.7, 0.0, 1.27, 0.0, 3.6, 0.0, 1.13, 0.0, 0.0], [0.0, -0.64, 0.0, 1.22, 157.89, 157.88, 0.0, 1.0], [0.2, 25.0, 0.0, 0.0])
(203302256, [2.0, 0.7, 0.0, 1.27, 0.0, 3.6, 0.0, 1.13, 0.0, 0.0], [0.0, -0.64, 0.0, 1.22, 157.89, 157.88, 0.0, 1.0], [0.2, 25.0, 0.0, 0.0])
(203402019, [2.0, 0.7, 0.0, 1.27, 0.0, 3.6, 0.0, 1.13, 0.0, 0.0], [0.0, -0.64, 0.0, 1.22, 157.88, 157.88, 0.0, 1.0], [0.2, 25.0, 0.0, 0.0])
(203501997, [2.0, 0.7, 0.0, 1.27, 0.0, 3.6, 0.0, 1.13, 0.0, 0.0], [0.0, -0.64, 0.0, 1.22, 157.88, 157.88, 0.0, 1.0], [0.2, 25.0, 0.0, 0.0])
(203601928, [2.0, 0.7, 0.0, 1.27, 0.0, 3.6, 0.0, 1.13, 0.0, 0.0], [0.0, -0.64, 0.0, 1.22, 157.88, 157.88, 0.0, 1.0], [0.2, 25.0, 0.0, 0.0])
(203702559, [2.0, 0.7, 0.0, 1.27, 0.0, 3.6, 0.0, 1.13, 0.0, 0.0], [0.0, -0.63, 0.0, 1.22, 157.88, 157.88, 0.0, 1.0], [0.2, 25.0, 0.0, 0.0])
(203801962, [2.0, 0.7, 0.0, 1.27, 0.0, 3.6, 0.0, 1.13, 0.0, 0.0], [0.0, -0.64, 0.0, 1.22, 157.88, 157.88, 0.0, 1.0], [0.2, 25.0, 0.0, 0.0])
(203902019, [2.0, 0.7, 0.0, 1.27, 0.0, 3.6, 0.0, 1.13, 0.0, 0.0], [0.0, -0.63, 0.0, 1.22, 157.88, 157.88, 0.0, 1.0], [0.2, 25.0, 0.0, 0.0])
(204002069, [2.0, 0.7, 0.0, 1.27, 0.0, 3.6, 0.0, 1.13, 0.0, 0.0], [0.0, -0.63, 0.0, 1.21, 157.88, 157.88, 0.0, 1.0], [0.2, 25.0, 0.0, 0.0])
(204102161, [2.0, 0.7, 0.0, 1.27, 0.0, 3.6, 0.0, 1.13, 0.0, 0.0], [0.0, -0.63, 0.0, 1.22, 157.89, 157.88, 0.0, 1.0], [0.2, 25.0, 0.0, 0.0])
(204201929, [2.0, 0.7, 0.0, 1.27, 0.0, 3.6, 0.0, 1.13, 0.0, 0.0], [0.0, -0.63, 0.0, 1.21, 157.88, 157.87, 0.0, 1.0], [0.2, 25.0, 0.0, 0.0])
(204302040, [2.0, 0.7, 0.0, 1.27, 0.0, 3.6, 0.0, 1.13, 0.0, 0.0], [0.0, -0.63, 0.0, 1.21, 157.88, 157.87, 0.0, 1.0], [0.2, 25.0, 0.0, 0.0])
(204401737, [2.0, 0.7, 0.0, 1.27, 0.0, 3.6, 0.0, 1.13, 0.0, 0.0], [0.0, -0.62, 0.0, 1.21, 157.88, 157.87, 0.0, 1.0], [0.2, 25.0, 0.0, 0.0])
(204501951, [2.0, 0.7, 0.0, 1.27, 0.0, 3.6, 0.0, 1.12, 0.0, 0.0], [0.0, -0.62, 0.0, 1.21, 157.88, 157.87, 0.0, 1.0], [0.2, 25.0, 0.0, 0.0])
(204602279, [2.0, 0.7, 0.0, 1.27, 0.0, 3.6, 0.0, 1.13, 0.0, 0.0], [0.0, -0.62, 0.0, 1.21, 157.87, 157.87, 0.0, 1.0], [0.2, 25.0, 0.0, 0.0])
(204702324, [2.0, 0.71, 0.0, 1.28, 0.0, 3.6, 0.0, 1.13, 0.0, 0.0], [0.0, -0.61, 0.0, 1.21, 157.87, 157.86, 0.0, 1.0], [0.2, 25.0, 0.0, 0.0])
(204802287, [2.0, 0.71, 0.0, 1.27, 0.0, 3.6, 0.0, 1.13, 0.0, 0.0], [0.0, -0.61, 0.0, 1.21, 157.86, 157.85, 0.0, 1.0], [0.2, 25.0, 0.0, 0.0])
(204902248, [2.0, 0.7, 0.0, 1.27, 0.0, 3.6, 0.0, 1.13, 0.0, 0.0], [0.0, -0.61, 0.0, 1.21, 157.86, 157.85, 0.0, 1.0], [0.2, 25.0, 0.0, 0.0])
(205002288, [2.0, 0.7, 0.0, 1.27, 0.0, 3.6, 0.0, 1.13, 0.0, 0.0], [0.0, -0.61, 0.0, 1.21, 157.85, 157.85, 0.0, 1.0], [0.2, 25.0, 0.0, 0.0])
(205102680, [2.0, 0.7, 0.0, 1.27, 0.0, 3.6, 0.0, 1.13, 0.0, 0.0], [0.0, -0.61, 0.0, 1.21, 157.85, 157.85, 0.0, 1.0], [0.2, 25.0, 0.0, 0.0])
(205202322, [2.0, 0.7, 0.0, 1.26, 0.0, 3.6, 0.0, 1.13, 0.0, 0.0], [0.0, -0.61, 0.0, 1.21, 157.85, 157.85, 0.0, 1.0], [0.2, 25.0, 0.0, 0.0])
(205302289, [2.0, 0.7, 0.0, 1.27, 0.0, 3.6, 0.0, 1.12, 0.0, 0.0], [0.0, -0.6, 0.0, 1.21, 157.85, 157.84, 0.0, 1.0], [0.2, 25.0, 0.0, 0.0])
(205402443, [2.0, 0.7, 0.0, 1.27, 0.0, 3.6, 0.0, 1.12, 0.0, 0.0], [0.0, -0.59, 0.0, 1.21, 157.85, 157.84, 0.0, 1.0], [0.2, 25.0, 0.0, 0.0])
(205502302, [2.0, 0.7, 0.0, 1.27, 0.0, 3.6, 0.0, 1.13, 0.0, 0.0], [0.0, -0.59, 0.0, 1.2, 157.85, 157.84, 0.0, 1.0], [0.2, 25.0, 0.0, 0.0])
(205602366, [2.0, 0.7, 0.0, 1.27, 0.0, 3.6, 0.0, 1.13, 0.0, 0.0], [0.0, -0.59, 0.0, 1.2, 157.85, 157.84, 0.0, 1.0], [0.2, 25.0, 0.0, 0.0])
(205702351, [2.0, 0.7, 0.0, 1.27, 0.0, 3.6, 0.0, 1.13, 0.0, 0.0], [0.0, -0.59, 0.0, 1.2, 157.85, 157.84, 0.0, 1.0], [0.2, 25.0, 0.0, 0.0])
(205803081, [2.0, 0.71, 0.0, 1.27, 0.0, 3.6, 0.0, 1.13, 0.0, 0.0], [0.0, -0.59, 0.0, 1.2, 157.84, 157.84, 0.0, 1.0], [0.2, 25.0, 0.0, 0.0])
(205904212, [2.0, 0.7, 0.0, 1.27, 0.0, 3.6, 0.0, 1.12, 0.0, 0.0], [0.0, -0.58, 0.0, 1.2, 157.85, 157.85, 0.0, 1.0], [0.2, 25.0, 0.0, 0.0])
(206004136, [2.0, 0.71, 0.0, 1.27, 0.0, 3.6, 0.0, 1.13, 0.0, 0.0], [0.0, -0.58, 0.0, 1.2, 157.85, 157.84, 0.0, 1.0], [0.2, 25.0, 0.0, 0.0])
(206104211, [2.0, 0.7, 0.0, 1.27, 0.0, 3.6, 0.0, 1.13, 0.0, 0.0], [0.0, -0.58, 0.0, 1.21, 157.85, 157.84, 0.0, 1.0], [0.2, 25.0, 0.0, 0.0])
(206204186, [2.0, 0.7, 0.0, 1.27, 0.0, 3.6, 0.0, 1.13, 0.0, 0.0], [0.0, -0.57, 0.0, 1.21, 157.84, 157.84, 0.0, 1.0], [0.2, 25.0, 0.0, 0.0])
(206305239, [2.0, 0.7, 0.0, 1.27, 0.0, 3.6, 0.0, 1.13, 0.0, 0.0], [0.0, -0.57, 0.0, 1.21, 157.84, 157.84, 0.0, 1.0], [0.2, 25.0, 0.0, 0.0])
(206405429, [2.0, 0.7, 0.0, 1.26, 0.0, 3.6, 0.0, 1.13, 0.0, 0.0], [0.0, -0.57, 0.0, 1.2, 157.84, 157.83, 0.0, 1.0], [0.2, 25.0, 0.0, 0.0])
(206505508, [2.0, 0.7, 0.0, 1.27, 0.0, 3.6, 0.0, 1.13, 0.0, 0.0], [0.0, -0.56, 0.0, 1.2, 157.84, 157.83, 0.0, 1.0], [0.2, 25.0, 0.0, 0.0])
(206605417, [2.0, 0.7, 0.0, 1.27, 0.0, 3.6, 0.0, 1.13, 0.0, 0.0], [0.0, -0.56, 0.0, 1.2, 157.84, 157.83, 0.0, 1.0], [0.2, 25.0, 0.0, 0.0])
(206716029, [2.0, 0.7, 0.0, 1.27, 0.0, 3.6, 0.0, 1.13, 0.0, 0.0], [0.0, -0.55, 0.0, 1.21, 157.84, 157.83, 0.0, 1.0], [0.2, 25.0, 0.0, 0.0])
(206814857, [2.0, 0.7, 0.0, 1.27, 0.0, 3.6, 0.0, 1.13, 0.0, 0.0], [0.0, -0.55, 0.0, 1.21, 157.83, 157.82, 0.0, 1.0], [0.2, 25.0, 0.0, 0.0])
(206914820, [2.0, 0.7, 0.0, 1.27, 0.0, 3.6, 0.0, 1.13, 0.0, 0.0], [0.0, -0.55, 0.0, 1.2, 157.83, 157.82, 0.0, 1.0], [0.2, 25.0, 0.0, 0.0])
(207014803, [2.0, 0.7, 0.0, 1.27, 0.0, 3.6, 0.0, 1.13, 0.0, 0.0], [0.0, -0.55, 0.0, 1.2, 157.82, 157.81, 0.0, 1.0], [0.2, 25.0, 0.0, 0.0])
(207115908, [2.0, 0.7, 0.0, 1.27, 0.0, 3.6, 0.0, 1.13, 0.0, 0.0], [0.0, -0.54, 0.0, 1.2, 157.82, 157.81, 0.0, 1.0], [0.2, 25.0, 0.0, 0.0])
(207215931, [2.0, 0.7, 0.0, 1.27, 0.0, 3.6, 0.0, 1.13, 0.0, 0.0], [0.0, -0.53, 0.0, 1.2, 157.82, 157.81, 0.0, 1.0], [0.2, 25.0, 0.0, 0.0])
(207316028, [2.0, 0.7, 0.0, 1.27, 0.0, 3.6, 0.0, 1.13, 0.0, 0.0], [0.0, -0.53, 0.0, 1.21, 157.81, 157.81, 0.0, 1.0], [0.2, 25.0, 0.0, 0.0])
(207415904, [2.0, 0.7, 0.0, 1.27, 0.0, 3.6, 0.0, 1.13, 0.0, 0.0], [0.0, -0.53, 0.0, 1.2, 157.81, 157.81, 0.0, 1.0], [0.2, 25.0, 0.0, 0.0])
(207516234, [2.0, 0.7, 0.0, 1.27, 0.0, 3.6, 0.0, 1.13, 0.0, 0.0], [0.0, -0.53, 0.0, 1.2, 157.81, 157.81, 0.0, 1.0], [0.2, 25.0, 0.0, 0.0])
(207615948, [2.0, 0.7, 0.0, 1.27, 0.0, 3.6, 0.0, 1.13, 0.0, 0.0], [0.0, -0.52, 0.0, 1.2, 157.81, 157.81, 0.0, 1.0], [0.2, 25.0, 0.0, 0.0])
(207718595, [2.0, 0.7, 0.0, 1.27, 0.0, 3.6, 0.0, 1.13, 0.0, 0.0], [0.0, -0.52, 0.0, 1.2, 157.82, 157.81, 0.0, 1.0], [0.2, 25.0, 0.0, 0.0])
(207816730, [2.0, 0.7, 0.0, 1.27, 0.0, 3.6, 0.0, 1.12, 0.0, 0.0], [0.0, -0.51, 0.0, 1.2, 157.81, 157.81, 0.0, 1.0], [0.2, 25.0, 0.0, 0.0])
(207916780, [2.0, 0.7, 0.0, 1.27, 0.0, 3.6, 0.0, 1.13, 0.0, 0.0], [0.0, -0.51, 0.0, 1.19, 157.81, 157.81, 0.0, 1.0], [0.2, 25.0, 0.0, 0.0])
(208016746, [2.0, 0.7, 0.0, 1.27, 0.0, 3.6, 0.0, 1.13, 0.0, 0.0], [0.0, -0.51, 0.0, 1.2, 157.81, 157.8, 0.0, 1.0], [0.2, 25.0, 0.0, 0.0])
(208117901, [2.0, 0.7, 0.0, 1.27, 0.0, 3.6, 0.0, 1.13, 0.0, 0.0], [0.0, -0.51, 0.0, 1.2, 157.8, 157.8, 0.0, 1.0], [0.2, 25.0, 0.0, 0.0])
(208218395, [2.0, 0.7, 0.0, 1.27, 0.0, 3.6, 0.0, 1.13, 0.0, 0.0], [0.0, -0.51, 0.0, 1.19, 157.8, 157.8, 0.0, 1.0], [0.2, 25.0, 0.0, 0.0])
(208320616, [2.0, 0.7, 0.0, 1.27, 0.0, 3.6, 0.0, 1.13, 0.0, 0.0], [0.0, -0.51, 0.0, 1.2, 157.8, 157.8, 0.0, 1.0], [0.2, 25.0, 0.0, 0.0])
(208420629, [2.0, 0.7, 0.0, 1.27, 0.0, 3.6, 0.0, 1.13, 0.0, 0.0], [0.0, -0.5, 0.0, 1.19, 157.8, 157.8, 0.0, 1.0], [0.2, 25.0, 0.0, 0.0])
(208521571, [2.0, 0.7, 0.0, 1.27, 0.0, 3.6, 0.0, 1.13, 0.0, 0.0], [0.0, -0.51, 0.0, 1.2, 157.8, 157.79, 0.0, 1.0], [0.2, 25.0, 0.0, 0.0])
(208621370, [2.0, 0.7, 0.0, 1.27, 0.0, 3.6, 0.0, 1.13, 0.0, 0.0], [0.0, -0.5, 0.0, 1.19, 157.79, 157.79, 0.0, 1.0], [0.2, 25.0, 0.0, 0.0])
(208720949, [2.0, 0.7, 0.0, 1.28, 0.0, 3.6, 0.0, 1.13, 0.0, 0.0], [0.0, -0.5, 0.0, 1.2, 157.8, 157.79, 0.0, 1.0], [0.2, 25.0, 0.0, 0.0])
(211221454, [2.0, 0.7, 0.0, 1.27, 0.0, 3.6, 0.0, 1.12, 0.0, 0.0], [0.0, -0.53, 0.0, 1.11, 157.78, 157.77, 0.0, 1.0], [0.2, 25.0, 0.0, 0.0])
(211320997, [2.0, 0.7, 0.0, 1.27, 0.0, 3.6, 0.0, 1.13, 0.0, 0.0], [0.0, -0.52, 0.0, 1.11, 157.78, 157.77, 0.0, 1.0], [0.2, 25.0, 0.0, 0.0])
(211420926, [2.0, 0.7, 0.0, 1.27, 0.0, 3.6, 0.0, 1.13, 0.0, 0.0], [0.0, -0.52, 0.0, 1.11, 157.78, 157.77, 0.0, 1.0], [0.2, 25.0, 0.0, 0.0])
(211521228, [2.0, 0.7, 0.0, 1.27, 0.0, 3.6, 0.0, 1.13, 0.0, 0.0], [0.0, -0.53, 0.0, 1.11, 157.78, 157.77, 0.0, 1.0], [0.2, 25.0, 0.0, 0.0])
(211621204, [2.0, 0.7, 0.0, 1.27, 0.0, 3.6, 0.0, 1.12, 0.0, 0.0], [0.0, -0.52, 0.0, 1.11, 157.78, 157.78, 0.0, 1.0], [0.2, 25.0, 0.0, 0.0])
(211721584, [2.0, 0.7, 0.0, 1.27, 0.0, 3.6, 0.0, 1.13, 0.0, 0.0], [0.0, -0.52, 0.0, 1.12, 157.78, 157.78, 0.0, 1.0], [0.2, 25.0, 0.0, 0.0])
(211821340, [2.0, 0.7, 0.0, 1.27, 0.0, 3.6, 0.0, 1.13, 0.0, 0.0], [0.0, -0.52, 0.0, 1.12, 157.78, 157.77, 0.0, 1.0], [0.2, 25.0, 0.0, 0.0])
(211921191, [2.0, 0.7, 0.0, 1.27, 0.0, 3.6, 0.0, 1.13, 0.0, 0.0], [0.0, -0.52, 0.0, 1.12, 157.78, 157.77, 0.0, 1.0], [0.2, 25.0, 0.0, 0.0])
(212020958, [2.0, 0.7, 0.0, 1.27, 0.0, 3.6, 0.0, 1.13, 0.0, 0.0], [0.0, -0.51, 0.0, 1.12, 157.78, 157.77, 0.0, 1.0], [0.2, 25.0, 0.0, 0.0])
(212120990, [2.0, 0.7, 0.0, 1.27, 0.0, 3.6, 0.0, 1.13, 0.0, 0.0], [0.0, -0.51, 0.0, 1.12, 157.78, 157.77, 0.0, 1.0], [0.2, 25.0, 0.0, 0.0])
(212221581, [2.0, 0.7, 0.0, 1.27, 0.0, 3.6, 0.0, 1.12, 0.0, 0.0], [0.0, -0.51, 0.0, 1.13, 157.78, 157.77, 0.0, 1.0], [0.2, 25.0, 0.0, 0.0])
(212320985, [2.0, 0.7, 0.0, 1.27, 0.0, 3.6, 0.0, 1.13, 0.0, 0.0], [0.0, -0.51, 0.0, 1.13, 157.78, 157.77, 0.0, 1.0], [0.2, 25.0, 0.0, 0.0])
(212421387, [2.0, 0.7, 0.0, 1.28, 0.0, 3.6, 0.0, 1.13, 0.0, 0.0], [0.0, -0.51, 0.0, 1.13, 157.77, 157.77, 0.0, 1.0], [0.2, 25.0, 0.0, 0.0])
(212521183, [2.0, 0.71, 0.0, 1.27, 0.0, 3.6, 0.0, 1.13, 0.0, 0.0], [0.0, -0.51, 0.0, 1.13, 157.77, 157.77, 0.0, 1.0], [0.2, 25.0, 0.0, 0.0])
(212621347, [2.0, 0.7, 0.0, 1.27, 0.0, 3.6, 0.0, 1.13, 0.0, 0.0], [0.0, -0.5, 0.0, 1.14, 157.77, 157.77, 0.0, 1.0], [0.2, 25.0, 0.0, 0.0])
(212721002, [2.0, 0.7, 0.0, 1.27, 0.0, 3.6, 0.0, 1.13, 0.0, 0.0], [0.0, -0.51, 0.0, 1.14, 157.77, 157.77, 0.0, 1.0], [0.2, 25.0, 0.0, 0.0])
(212821336, [2.0, 0.7, 0.0, 1.27, 0.0, 3.6, 0.0, 1.13, 0.0, 0.0], [0.0, -0.51, 0.0, 1.14, 157.77, 157.77, 0.0, 1.0], [0.2, 25.0, 0.0, 0.0])
(212921197, [2.0, 0.7, 0.0, 1.27, 0.0, 3.6, 0.0, 1.13, 0.0, 0.0], [0.0, -0.5, 0.0, 1.14, 157.77, 157.77, 0.0, 1.0], [0.2, 25.0, 0.0, 0.0])
(213021127, [2.0, 0.7, 0.0, 1.27, 0.0, 3.6, 0.0, 1.13, 0.0, 0.0], [0.0, -0.5, 0.0, 1.14, 157.77, 157.76, 0.0, 1.0], [0.2, 25.0, 0.0, 0.0])
(213120933, [2.0, 0.7, 0.0, 1.27, 0.0, 3.6, 0.0, 1.13, 0.0, 0.0], [0.0, -0.5, 0.0, 1.15, 157.77, 157.76, 0.0, 1.0], [0.2, 25.0, 0.0, 0.0])
(213222018, [2.0, 0.7, 0.0, 1.27, 0.0, 3.6, 0.0, 1.13, 0.0, 0.0], [0.0, -0.5, 0.0, 1.15, 157.77, 157.76, 0.0, 1.0], [0.2, 25.0, 0.0, 0.0])
(213321246, [2.0, 0.7, 0.0, 1.27, 0.0, 3.6, 0.0, 1.13, 0.0, 0.0], [0.0, -0.5, 0.0, 1.15, 157.77, 157.76, 0.0, 1.0], [0.2, 25.0, 0.0, 0.0])
(213420992, [2.0, 0.7, 0.0, 1.27, 0.0, 3.6, 0.0, 1.13, 0.0, 0.0], [0.0, -0.5, 0.0, 1.15, 157.77, 157.76, 0.0, 1.0], [0.2, 25.0, 0.0, 0.0])
(213521198, [2.0, 0.7, 0.0, 1.27, 0.0, 3.6, 0.0, 1.13, 0.0, 0.0], [0.0, -0.49, 0.0, 1.16, 157.76, 157.76, 0.0, 1.0], [0.2, 25.0, 0.0, 0.0])
(213621132, [2.0, 0.7, 0.0, 1.27, 0.0, 3.6, 0.0, 1.13, 0.0, 0.0], [0.0, -0.49, 0.0, 1.15, 157.76, 157.76, 0.0, 1.0], [0.2, 25.0, 0.0, 0.0])
(213720918, [2.0, 0.7, 0.0, 1.27, 0.0, 3.6, 0.0, 1.13, 0.0, 0.0], [0.0, -0.48, 0.0, 1.16, 157.73, 157.73, 0.0, 1.0], [0.2, 25.0, 0.0, 0.0])
(213820960, [2.0, 0.7, 0.0, 1.27, 0.0, 3.6, 0.0, 1.13, 0.0, 0.0], [0.0, -0.48, 0.0, 1.17, 157.75, 157.74, 0.0, 1.0], [0.2, 25.0, 0.0, 0.0])
(213920938, [2.0, 0.7, 0.0, 1.27, 0.0, 3.6, 0.0, 1.12, 0.0, 0.0], [0.0, -0.48, 0.0, 1.16, 157.77, 157.76, 0.0, 1.0], [0.2, 25.0, 0.0, 0.0])
(214021592, [2.0, 0.7, 0.0, 1.27, 0.0, 3.6, 0.0, 1.13, 0.0, 0.0], [0.0, -0.48, 0.0, 1.15, 157.76, 157.76, 0.0, 1.0], [0.2, 25.0, 0.0, 0.0])
(214121221, [2.0, 0.71, 0.0, 1.27, 0.0, 3.6, 0.0, 1.13, 0.0, 0.0], [0.0, -0.48, 0.0, 1.15, 157.75, 157.74, 0.0, 1.0], [0.2, 25.0, 0.0, 0.0])
(214221219, [2.0, 0.7, 0.0, 1.27, 0.0, 3.6, 0.0, 1.13, 0.0, 0.0], [0.0, -0.48, 0.0, 1.16, 157.74, 157.74, 0.0, 1.0], [0.2, 25.0, 0.0, 0.0])
(214321357, [2.0, 0.7, 0.0, 1.27, 0.0, 3.6, 0.0, 1.13, 0.0, 0.0], [0.0, -0.48, 0.0, 1.16, 157.73, 157.72, 0.0, 1.0], [0.2, 25.0, 0.0, 0.0])
(214420938, [2.0, 0.7, 0.0, 1.27, 0.0, 3.6, 0.0, 1.13, 0.0, 0.0], [0.0, -0.48, 0.0, 1.17, 157.73, 157.72, 0.0, 1.0], [0.2, 25.0, 0.0, 0.0])
(214521192, [2.0, 0.7, 0.0, 1.27, 0.0, 3.6, 0.0, 1.13, 0.0, 0.0], [0.0, -0.48, 0.0, 1.17, 157.73, 157.72, 0.0, 1.0], [0.2, 25.0, 0.0, 0.0])
(214621264, [2.0, 0.7, 0.0, 1.27, 0.0, 3.6, 0.0, 1.13, 0.0, 0.0], [0.0, -0.47, 0.0, 1.18, 157.73, 157.72, 0.0, 1.0], [0.2, 25.0, 0.0, 0.0])
(214721250, [2.0, 0.7, 0.0, 1.27, 0.0, 3.6, 0.0, 1.13, 0.0, 0.0], [0.0, -0.47, 0.0, 1.18, 157.72, 157.71, 0.0, 1.0], [0.2, 25.0, 0.0, 0.0])
(214820960, [2.0, 0.7, 0.0, 1.27, 0.0, 3.6, 0.0, 1.12, 0.0, 0.0], [0.0, -0.47, 0.0, 1.17, 157.72, 157.71, 0.0, 1.0], [0.2, 25.0, 0.0, 0.0])
(214921154, [2.0, 0.7, 0.0, 1.27, 0.0, 3.6, 0.0, 1.13, 0.0, 0.0], [0.0, -0.46, 0.0, 1.17, 157.71, 157.71, 0.0, 1.0], [0.2, 25.0, 0.0, 0.0])
(215021236, [2.0, 0.7, 0.0, 1.27, 0.0, 3.6, 0.0, 1.13, 0.0, 0.0], [0.0, -0.46, 0.0, 1.18, 157.71, 157.7, 0.0, 1.0], [0.2, 25.0, 0.0, 0.0])
(215121259, [2.0, 0.7, 0.0, 1.27, 0.0, 3.6, 0.0, 1.13, 0.0, 0.0], [0.0, -0.46, 0.0, 1.18, 157.71, 157.7, 0.0, 1.0], [0.2, 25.0, 0.0, 0.0])
(215220943, [2.0, 0.7, 0.0, 1.27, 0.0, 3.6, 0.0, 1.13, 0.0, 0.0], [0.0, -0.46, 0.0, 1.18, 157.71, 157.7, 0.0, 1.0], [0.2, 25.0, 0.0, 0.0])
(215320971, [2.0, 0.7, 0.0, 1.27, 0.0, 3.6, 0.0, 1.12, 0.0, 0.0], [0.0, -0.46, 0.0, 1.18, 157.71, 157.71, 0.0, 1.0], [0.2, 25.0, 0.0, 0.0])
(215421494, [2.0, 0.7, 0.0, 1.27, 0.0, 3.6, 0.0, 1.13, 0.0, 0.0], [0.0, -0.45, 0.0, 1.19, 157.71, 157.7, 0.0, 1.0], [0.2, 25.0, 0.0, 0.0])
(215521081, [2.0, 0.7, 0.0, 1.27, 0.0, 3.6, 0.0, 1.13, 0.0, 0.0], [0.0, -0.45, 0.0, 1.18, 157.71, 157.7, 0.0, 1.0], [0.2, 25.0, 0.0, 0.0])
(215621233, [2.0, 0.7, 0.0, 1.27, 0.0, 3.6, 0.0, 1.12, 0.0, 0.0], [0.0, -0.44, 0.0, 1.19, 157.71, 157.7, 0.0, 1.0], [0.2, 25.0, 0.0, 0.0])
(215720980, [2.0, 0.7, 0.0, 1.27, 0.0, 3.6, 0.0, 1.13, 0.0, 0.0], [0.0, -0.44, 0.0, 1.19, 157.7, 157.69, 0.0, 1.0], [0.2, 25.0, 0.0, 0.0])
(215820877, [2.0, 0.7, 0.0, 1.27, 0.0, 3.6, 0.0, 1.12, 0.0, 0.0], [0.0, -0.43, 0.0, 1.19, 157.7, 157.69, 0.0, 1.0], [0.2, 25.0, 0.0, 0.0])
(215921344, [2.0, 0.7, 0.0, 1.27, 0.0, 3.6, 0.0, 1.13, 0.0, 0.0], [0.0, -0.43, 0.0, 1.19, 157.7, 157.69, 0.0, 1.0], [0.2, 25.0, 0.0, 0.0])
(216020942, [2.0, 0.7, 0.0, 1.27, 0.0, 3.6, 0.0, 1.13, 0.0, 0.0], [0.0, -0.43, 0.0, 1.19, 157.7, 157.69, 0.0, 1.0], [0.2, 25.0, 0.0, 0.0])
(216121203, [2.0, 0.7, 0.0, 1.27, 0.0, 3.6, 0.0, 1.13, 0.0, 0.0], [0.0, -0.42, 0.0, 1.19, 157.7, 157.7, 0.0, 1.0], [0.2, 25.0, 0.0, 0.0])
(216221226, [2.0, 0.7, 0.0, 1.28, 0.0, 3.6, 0.0, 1.12, 0.0, 0.0], [0.0, -0.42, 0.0, 1.19, 157.7, 157.7, 0.0, 1.0], [0.2, 25.0, 0.0, 0.0])
(216321224, [2.0, 0.7, 0.0, 1.27, 0.0, 3.6, 0.0, 1.13, 0.0, 0.0], [0.0, -0.42, 0.0, 1.19, 157.7, 157.7, 0.0, 1.0], [0.2, 25.0, 0.0, 0.0])
(216421006, [2.0, 0.71, 0.0, 1.26, 0.0, 3.6, 0.0, 1.13, 0.0, 0.0], [0.0, -0.42, 0.0, 1.2, 157.7, 157.69, 0.0, 1.0], [0.2, 25.0, 0.0, 0.0])
(216521211, [2.0, 0.7, 0.0, 1.27, 0.0, 3.6, 0.0, 1.13, 0.0, 0.0], [0.0, -0.42, 0.0, 1.19, 157.7, 157.69, 0.0, 1.0], [0.2, 25.0, 0.0, 0.0])
(216620933, [2.0, 0.7, 0.0, 1.27, 0.0, 3.6, 0.0, 1.13, 0.0, 0.0], [0.0, -0.41, 0.0, 1.19, 157.69, 157.69, 0.0, 1.0], [0.2, 25.0, 0.0, 0.0])
(216721202, [2.0, 0.7, 0.0, 1.27, 0.0, 3.6, 0.0, 1.13, 0.0, 0.0], [0.0, -0.41, 0.0, 1.19, 157.69, 157.68, 0.0, 1.0], [0.2, 25.0, 0.0, 0.0])
(216821380, [2.0, 0.7, 0.0, 1.27, 0.0, 3.6, 0.0, 1.13, 0.0, 0.0], [0.0, -0.41, 0.0, 1.19, 157.69, 157.69, 0.0, 1.0], [0.2, 25.0, 0.0, 0.0])
(216921368, [2.0, 0.7, 0.0, 1.26, 0.0, 3.6, 0.0, 1.12, 0.0, 0.0], [0.0, -0.4, 0.0, 1.19, 157.69, 157.69, 0.0, 1.0], [0.2, 25.0, 0.0, 0.0])
(217020952, [2.0, 0.7, 0.0, 1.27, 0.0, 3.6, 0.0, 1.12, 0.0, 0.0], [0.0, -0.4, 0.0, 1.19, 157.69, 157.68, 0.0, 1.0], [0.2, 25.0, 0.0, 0.0])
(217120895, [2.0, 0.7, 0.0, 1.27, 0.0, 3.6, 0.0, 1.12, 0.0, 0.0], [0.0, -0.4, 0.0, 1.19, 157.69, 157.68, 0.0, 1.0], [0.2, 25.0, 0.0, 0.0])
(217221401, [2.0, 0.7, 0.0, 1.27, 0.0, 3.6, 0.0, 1.13, 0.0, 0.0], [0.0, -0.39, 0.0, 1.19, 157.68, 157.68, 0.0, 1.0], [0.2, 25.0, 0.0, 0.0])
(217321246, [2.0, 0.7, 0.0, 1.27, 0.0, 3.6, 0.0, 1.13, 0.0, 0.0], [0.0, -0.39, 0.0, 1.18, 157.68, 157.68, 0.0, 1.0], [0.2, 25.0, 0.0, 0.0])
(217421466, [2.0, 0.7, 0.0, 1.27, 0.0, 3.6, 0.0, 1.12, 0.0, 0.0], [0.0, -0.38, 0.0, 1.18, 157.69, 157.68, 0.0, 1.0], [0.2, 25.0, 0.0, 0.0])
(217520860, [2.0, 0.7, 0.0, 1.27, 0.0, 3.6, 0.0, 1.13, 0.0, 0.0], [0.0, -0.38, 0.0, 1.18, 157.68, 157.67, 0.0, 1.0], [0.2, 25.0, 0.0, 0.0])
(217620954, [2.0, 0.7, 0.0, 1.27, 0.0, 3.6, 0.0, 1.13, 0.0, 0.0], [0.0, -0.38, 0.0, 1.19, 157.68, 157.67, 0.0, 1.0], [0.2, 25.0, 0.0, 0.0])
(217720942, [2.0, 0.7, 0.0, 1.27, 0.0, 3.6, 0.0, 1.12, 0.0, 0.0], [0.0, -0.38, 0.0, 1.19, 157.67, 157.67, 0.0, 1.0], [0.2, 25.0, 0.0, 0.0])
(217820937, [2.0, 0.7, 0.0, 1.27, 0.0, 3.6, 0.0, 1.12, 0.0, 0.0], [0.0, -0.38, 0.0, 1.19, 157.67, 157.67, 0.0, 1.0], [0.2, 25.0, 0.0, 0.0])
(217921401, [2.0, 0.7, 0.0, 1.27, 0.0, 3.6, 0.0, 1.13, 0.0, 0.0], [0.0, -0.38, 0.0, 1.19, 157.66, 157.66, 0.0, 1.0], [0.2, 25.0, 0.0, 0.0])
(218020981, [2.0, 0.7, 0.0, 1.27, 0.0, 3.6, 0.0, 1.13, 0.0, 0.0], [0.0, -0.38, 0.0, 1.19, 157.66, 157.65, 0.0, 1.0], [0.2, 25.0, 0.0, 0.0])
(218120947, [2.0, 0.7, 0.0, 1.27, 0.0, 3.6, 0.0, 1.13, 0.0, 0.0], [0.0, -0.38, 0.0, 1.18, 157.66, 157.66, 0.0, 1.0], [0.2, 25.0, 0.0, 0.0])
(218221241, [2.0, 0.7, 0.0, 1.27, 0.0, 3.6, 0.0, 1.13, 0.0, 0.0], [0.0, -0.38, 0.0, 1.19, 157.66, 157.65, 0.0, 1.0], [0.2, 25.0, 0.0, 0.0])
(218321007, [2.0, 0.7, 0.0, 1.27, 0.0, 3.6, 0.0, 1.13, 0.0, 0.0], [0.0, -0.37, 0.0, 1.19, 157.65, 157.65, 0.0, 1.0], [0.2, 25.0, 0.0, 0.0])
(218421370, [2.0, 0.7, 0.0, 1.27, 0.0, 3.6, 0.0, 1.13, 0.0, 0.0], [0.0, -0.37, 0.0, 1.19, 157.65, 157.65, 0.0, 1.0], [0.2, 25.0, 0.0, 0.0])
(218520995, [2.0, 0.7, 0.0, 1.27, 0.0, 3.6, 0.0, 1.13, 0.0, 0.0], [0.0, -0.36, 0.0, 1.18, 157.65, 157.64, 0.0, 1.0], [0.2, 25.0, 0.0, 0.0])
(218621148, [2.0, 0.7, 0.0, 1.27, 0.0, 3.6, 0.0, 1.13, 0.0, 0.0], [0.0, -0.37, 0.0, 1.18, 157.64, 157.64, 0.0, 1.0], [0.2, 25.0, 0.0, 0.0])
(218721155, [2.0, 0.7, 0.0, 1.27, 0.0, 3.6, 0.0, 1.12, 0.0, 0.0], [0.0, -0.36, 0.0, 1.18, 157.64, 157.64, 0.0, 1.0], [0.2, 25.0, 0.0, 0.0])
(218820904, [2.0, 0.7, 0.0, 1.27, 0.0, 3.6, 0.0, 1.13, 0.0, 0.0], [0.0, -0.36, 0.0, 1.19, 157.64, 157.64, 0.0, 1.0], [0.2, 25.0, 0.0, 0.0])
(218921151, [2.0, 0.7, 0.0, 1.27, 0.0, 3.6, 0.0, 1.12, 0.0, 0.0], [0.0, -0.36, 0.0, 1.19, 157.64, 157.63, 0.0, 1.0], [0.2, 25.0, 0.0, 0.0])
(219021317, [2.0, 0.7, 0.0, 1.27, 0.0, 3.6, 0.0, 1.13, 0.0, 0.0], [0.0, -0.35, 0.0, 1.19, 157.64, 157.64, 0.0, 1.0], [0.2, 25.0, 0.0, 0.0])
(219121437, [2.0, 0.7, 0.0, 1.27, 0.0, 3.6, 0.0, 1.13, 0.0, 0.0], [0.0, -0.35, 0.0, 1.19, 157.63, 157.63, 0.0, 1.0], [0.2, 25.0, 0.0, 0.0])
(219220881, [2.0, 0.7, 0.0, 1.27, 0.0, 3.6, 0.0, 1.13, 0.0, 0.0], [0.0, -0.35, 0.0, 1.19, 157.63, 157.63, 0.0, 1.0], [0.2, 25.0, 0.0, 0.0])
(219321006, [2.0, 0.7, 0.0, 1.27, 0.0, 3.6, 0.0, 1.13, 0.0, 0.0], [0.0, -0.35, 0.0, 1.19, 157.64, 157.63, 0.0, 1.0], [0.2, 25.0, 0.0, 0.0])
(219421207, [2.0, 0.7, 0.0, 1.27, 0.0, 3.6, 0.0, 1.13, 0.0, 0.0], [0.0, -0.35, 0.0, 1.19, 157.64, 157.63, 0.0, 1.0], [0.2, 25.0, 0.0, 0.0])
(219520896, [2.0, 0.7, 0.0, 1.27, 0.0, 3.6, 0.0, 1.13, 0.0, 0.0], [0.0, -0.35, 0.0, 1.18, 157.64, 157.64, 0.0, 1.0], [0.2, 25.0, 0.0, 0.0])
(219621372, [2.0, 0.71, 0.0, 1.27, 0.0, 3.6, 0.0, 1.13, 0.0, 0.0], [0.0, -0.34, 0.0, 1.19, 157.64, 157.64, 0.0, 1.0], [0.2, 25.0, 0.0, 0.0])
(219721955, [2.0, 0.7, 0.0, 1.27, 0.0, 3.6, 0.0, 1.13, 0.0, 0.0], [0.0, -0.34, 0.0, 1.18, 157.64, 157.64, 0.0, 1.0], [0.2, 25.0, 0.0, 0.0])
(219821351, [2.0, 0.7, 0.0, 1.27, 0.0, 3.6, 0.0, 1.13, 0.0, 0.0], [0.0, -0.34, 0.0, 1.18, 157.64, 157.63, 0.0, 1.0], [0.2, 25.0, 0.0, 0.0])
(219921190, [2.0, 0.7, 0.0, 1.27, 0.0, 3.6, 0.0, 1.13, 0.0, 0.0], [0.0, -0.34, 0.0, 1.18, 157.64, 157.64, 0.0, 1.0], [0.2, 25.0, 0.0, 0.0])
(220021797, [2.0, 0.7, 0.0, 1.27, 0.0, 3.6, 0.0, 1.12, 0.0, 0.0], [0.0, -0.34, 0.0, 1.18, 157.64, 157.64, 0.0, 1.0], [0.2, 25.0, 0.0, 0.0])
(220121195, [2.0, 0.7, 0.0, 1.27, 0.0, 3.6, 0.0, 1.13, 0.0, 0.0], [0.0, -0.33, 0.0, 1.18, 157.64, 157.64, 0.0, 1.0], [0.2, 25.0, 0.0, 0.0])
(220221473, [2.0, 0.7, 0.0, 1.28, 0.0, 3.6, 0.0, 1.13, 0.0, 0.0], [0.0, -0.33, 0.0, 1.18, 157.64, 157.64, 0.0, 1.0], [0.2, 25.0, 0.0, 0.0])
(220321215, [2.0, 0.7, 0.0, 1.27, 0.0, 3.6, 0.0, 1.13, 0.0, 0.0], [0.0, -0.34, 0.0, 1.18, 157.64, 157.64, 0.0, 1.0], [0.2, 25.0, 0.0, 0.0])
(220421219, [2.0, 0.7, 0.0, 1.27, 0.0, 3.6, 0.0, 1.13, 0.0, 0.0], [0.0, -0.33, 0.0, 1.18, 157.64, 157.64, 0.0, 1.0], [0.2, 25.0, 0.0, 0.0])
(220520940, [2.0, 0.7, 0.0, 1.27, 0.0, 3.6, 0.0, 1.12, 0.0, 0.0], [0.0, -0.33, 0.0, 1.18, 157.64, 157.63, 0.0, 1.0], [0.2, 25.0, 0.0, 0.0])
(220621201, [2.0, 0.7, 0.0, 1.27, 0.0, 3.6, 0.0, 1.13, 0.0, 0.0], [0.0, -0.33, 0.0, 1.18, 157.64, 157.64, 0.0, 1.0], [0.2, 25.0, 0.0, 0.0])
(220720932, [2.0, 0.7, 0.0, 1.27, 0.0, 3.6, 0.0, 1.13, 0.0, 0.0], [0.0, -0.33, 0.0, 1.18, 157.64, 157.63, 0.0, 1.0], [0.2, 25.0, 0.0, 0.0])
(220820937, [2.0, 0.7, 0.0, 1.27, 0.0, 3.6, 0.0, 1.13, 0.0, 0.0], [0.0, -0.33, 0.0, 1.18, 157.64, 157.64, 0.0, 1.0], [0.2, 25.0, 0.0, 0.0])
(220920884, [2.0, 0.7, 0.0, 1.27, 0.0, 3.6, 0.0, 1.13, 0.0, 0.0], [0.0, -0.33, 0.0, 1.19, 157.64, 157.63, 0.0, 1.0], [0.2, 25.0, 0.0, 0.0])
(221021241, [2.0, 0.7, 0.0, 1.27, 0.0, 3.6, 0.0, 1.13, 0.0, 0.0], [0.0, -0.33, 0.0, 1.18, 157.63, 157.63, 0.0, 1.0], [0.2, 25.0, 0.0, 0.0])
(223120977, [2.0, 0.7, 0.0, 1.27, 0.0, 3.6, 0.0, 1.12, 0.0, 0.0], [0.0, -0.44, 0.0, 1.1, 157.65, 157.64, 0.0, 1.0], [0.2, 25.0, 0.0, 0.0])
(223220867, [2.0, 0.7, 0.0, 1.27, 0.0, 3.6, 0.0, 1.13, 0.0, 0.0], [0.0, -0.44, 0.0, 1.1, 157.65, 157.64, 0.0, 1.0], [0.2, 25.0, 0.0, 0.0])
(223320992, [2.0, 0.7, 0.0, 1.27, 0.0, 3.6, 0.0, 1.13, 0.0, 0.0], [0.0, -0.44, 0.0, 1.1, 157.65, 157.64, 0.0, 1.0], [0.2, 25.0, 0.0, 0.0])
(223420958, [2.0, 0.7, 0.0, 1.27, 0.0, 3.6, 0.0, 1.13, 0.0, 0.0], [0.0, -0.44, 0.0, 1.1, 157.65, 157.64, 0.0, 1.0], [0.2, 25.0, 0.0, 0.0])
(223521131, [2.0, 0.7, 0.0, 1.27, 0.0, 3.6, 0.0, 1.13, 0.0, 0.0], [0.0, -0.44, 0.0, 1.1, 157.65, 157.65, 0.0, 1.0], [0.2, 25.0, 0.0, 0.0])
(223621262, [2.0, 0.7, 0.0, 1.27, 0.0, 3.6, 0.0, 1.13, 0.0, 0.0], [0.0, -0.44, 0.0, 1.1, 157.65, 157.64, 0.0, 1.0], [0.2, 25.0, 0.0, 0.0])
(223721219, [2.0, 0.7, 0.0, 1.27, 0.0, 3.6, 0.0, 1.13, 0.0, 0.0], [0.0, -0.44, 0.0, 1.1, 157.65, 157.64, 0.0, 1.0], [0.2, 25.0, 0.0, 0.0])
(223821207, [2.0, 0.71, 0.0, 1.27, 0.0, 3.6, 0.0, 1.13, 0.0, 0.0], [0.0, -0.43, 0.0, 1.11, 157.65, 157.65, 0.0, 1.0], [0.2, 25.0, 0.0, 0.0])
(223921258, [2.0, 0.71, 0.0, 1.27, 0.0, 3.6, 0.0, 1.13, 0.0, 0.0], [0.0, -0.43, 0.0, 1.11, 157.65, 157.65, 0.0, 1.0], [0.2, 25.0, 0.0, 0.0])
(224020933, [2.0, 0.7, 0.0, 1.27, 0.0, 3.6, 0.0, 1.13, 0.0, 0.0], [0.0, -0.43, 0.0, 1.11, 157.65, 157.65, 0.0, 1.0], [0.2, 25.0, 0.0, 0.0])
(224121229, [2.0, 0.7, 0.0, 1.26, 0.0, 3.6, 0.0, 1.13, 0.0, 0.0], [0.0, -0.43, 0.0, 1.12, 157.65, 157.64, 0.0, 1.0], [0.2, 25.0, 0.0, 0.0])
(224221526, [2.0, 0.7, 0.0, 1.27, 0.0, 3.6, 0.0, 1.13, 0.0, 0.0], [0.0, -0.42, 0.0, 1.12, 157.64, 157.64, 0.0, 1.0], [0.2, 25.0, 0.0, 0.0])
(224320956, [2.0, 0.7, 0.0, 1.27, 0.0, 3.6, 0.0, 1.13, 0.0, 0.0], [0.0, -0.42, 0.0, 1.13, 157.64, 157.64, 0.0, 1.0], [0.2, 25.0, 0.0, 0.0])
(224421165, [2.0, 0.7, 0.0, 1.27, 0.0, 3.6, 0.0, 1.13, 0.0, 0.0], [0.0, -0.42, 0.0, 1.13, 157.64, 157.64, 0.0, 1.0], [0.2, 25.0, 0.0, 0.0])
(224520945, [2.0, 0.7, 0.0, 1.27, 0.0, 3.6, 0.0, 1.13, 0.0, 0.0], [0.0, -0.41, 0.0, 1.13, 157.64, 157.64, 0.0, 1.0], [0.2, 25.0, 0.0, 0.0])
(224620885, [2.0, 0.7, 0.0, 1.27, 0.0, 3.6, 0.0, 1.13, 0.0, 0.0], [0.0, -0.41, 0.0, 1.13, 157.64, 157.63, 0.0, 1.0], [0.2, 25.0, 0.0, 0.0])
(224721431, [2.0, 0.7, 0.0, 1.27, 0.0, 3.6, 0.0, 1.13, 0.0, 0.0], [0.0, -0.41, 0.0, 1.14, 157.64, 157.63, 0.0, 1.0], [0.2, 25.0, 0.0, 0.0])
(224821345, [2.0, 0.7, 0.0, 1.27, 0.0, 3.6, 0.0, 1.13, 0.0, 0.0], [0.0, -0.41, 0.0, 1.14, 157.64, 157.63, 0.0, 1.0], [0.2, 25.0, 0.0, 0.0])
(224920868, [2.0, 0.7, 0.0, 1.27, 0.0, 3.6, 0.0, 1.12, 0.0, 0.0], [0.0, -0.4, 0.0, 1.14, 157.63, 157.63, 0.0, 1.0], [0.2, 25.0, 0.0, 0.0])
(225021165, [2.0, 0.7, 0.0, 1.26, 0.0, 3.6, 0.0, 1.13, 0.0, 0.0], [0.0, -0.4, 0.0, 1.15, 157.63, 157.63, 0.0, 1.0], [0.2, 25.0, 0.0, 0.0])
(225120941, [2.0, 0.7, 0.0, 1.27, 0.0, 3.6, 0.0, 1.13, 0.0, 0.0], [0.0, -0.4, 0.0, 1.15, 157.63, 157.62, 0.0, 1.0], [0.2, 25.0, 0.0, 0.0])
(225220911, [2.0, 0.7, 0.0, 1.27, 0.0, 3.6, 0.0, 1.13, 0.0, 0.0], [0.0, -0.39, 0.0, 1.15, 157.62, 157.62, 0.0, 1.0], [0.2, 25.0, 0.0, 0.0])
(225321398, [2.0, 0.7, 0.0, 1.27, 0.0, 3.6, 0.0, 1.13, 0.0, 0.0], [0.0, -0.39, 0.0, 1.16, 157.62, 157.62, 0.0, 1.0], [0.2, 25.0, 0.0, 0.0])
(225420984, [2.0, 0.7, 0.0, 1.27, 0.0, 3.6, 0.0, 1.13, 0.0, 0.0], [0.0, -0.39, 0.0, 1.16, 157.62, 157.62, 0.0, 1.0], [0.2, 25.0, 0.0, 0.0])
(225520997, [2.0, 0.7, 0.0, 1.27, 0.0, 3.6, 0.0, 1.13, 0.0, 0.0], [0.0, -0.38, 0.0, 1.16, 157.61, 157.61, 0.0, 1.0], [0.2, 25.0, 0.0, 0.0])
(225621233, [2.0, 0.7, 0.0, 1.27, 0.0, 3.6, 0.0, 1.13, 0.0, 0.0], [0.0, -0.38, 0.0, 1.15, 157.62, 157.62, 0.0, 1.0], [0.2, 25.0, 0.0, 0.0])
(225720941, [2.0, 0.7, 0.0, 1.27, 0.0, 3.6, 0.0, 1.13, 0.0, 0.0], [0.0, -0.37, 0.0, 1.16, 157.63, 157.63, 0.0, 1.0], [0.2, 25.0, 0.0, 0.0])
(225820946, [2.0, 0.7, 0.0, 1.27, 0.0, 3.6, 0.0, 1.13, 0.0, 0.0], [0.0, -0.36, 0.0, 1.16, 157.63, 157.63, 0.0, 1.0], [0.2, 25.0, 0.0, 0.0])
(225921222, [2.0, 0.7, 0.0, 1.27, 0.0, 3.6, 0.0, 1.13, 0.0, 0.0], [0.0, -0.36, 0.0, 1.17, 157.64, 157.63, 0.0, 1.0], [0.2, 25.0, 0.0, 0.0])
(226021213, [2.0, 0.71, 0.0, 1.27, 0.0, 3.6, 0.0, 1.13, 0.0, 0.0], [0.0, -0.37, 0.0, 1.17, 157.59, 157.59, 0.0, 1.0], [0.2, 25.0, 0.0, 0.0])
(226120964, [2.0, 0.7, 0.0, 1.27, 0.0, 3.6, 0.0, 1.13, 0.0, 0.0], [0.0, -0.38, 0.0, 1.17, 157.59, 157.58, 0.0, 1.0], [0.2, 25.0, 0.0, 0.0])
(226221193, [2.0, 0.7, 0.0, 1.27, 0.0, 3.6, 0.0, 1.13, 0.0, 0.0], [0.0, -0.38, 0.0, 1.17, 157.59, 157.58, 0.0, 1.0], [0.2, 25.0, 0.0, 0.0])
(226321004, [2.0, 0.7, 0.0, 1.28, 0.0, 3.6, 0.0, 1.12, 0.0, 0.0], [0.0, -0.38, 0.0, 1.17, 157.59, 157.58, 0.0, 1.0], [0.2, 25.0, 0.0, 0.0])
(226421239, [2.0, 0.7, 0.0, 1.27, 0.0, 3.6, 0.0, 1.13, 0.0, 0.0], [0.0, -0.38, 0.0, 1.18, 157.59, 157.58, 0.0, 1.0], [0.2, 25.0, 0.0, 0.0])
(226521239, [2.0, 0.7, 0.0, 1.27, 0.0, 3.6, 0.0, 1.13, 0.0, 0.0], [0.0, -0.38, 0.0, 1.17, 157.59, 157.58, 0.0, 1.0], [0.2, 25.0, 0.0, 0.0])
(226620889, [2.0, 0.7, 0.0, 1.27, 0.0, 3.6, 0.0, 1.13, 0.0, 0.0], [0.0, -0.38, 0.0, 1.17, 157.58, 157.58, 0.0, 1.0], [0.2, 25.0, 0.0, 0.0])
(226721183, [2.0, 0.7, 0.0, 1.27, 0.0, 3.6, 0.0, 1.13, 0.0, 0.0], [0.0, -0.38, 0.0, 1.18, 157.59, 157.59, 0.0, 1.0], [0.2, 25.0, 0.0, 0.0])
(226821243, [2.0, 0.7, 0.0, 1.27, 0.0, 3.6, 0.0, 1.13, 0.0, 0.0], [0.0, -0.38, 0.0, 1.17, 157.59, 157.58, 0.0, 1.0], [0.2, 25.0, 0.0, 0.0])
(226921248, [2.0, 0.7, 0.0, 1.27, 0.0, 3.6, 0.0, 1.13, 0.0, 0.0], [0.0, -0.38, 0.0, 1.18, 157.59, 157.59, 0.0, 1.0], [0.2, 25.0, 0.0, 0.0])
(227021203, [2.0, 0.7, 0.0, 1.27, 0.0, 3.6, 0.0, 1.13, 0.0, 0.0], [0.0, -0.37, 0.0, 1.17, 157.59, 157.58, 0.0, 1.0], [0.2, 25.0, 0.0, 0.0])
(227121243, [2.0, 0.7, 0.0, 1.27, 0.0, 3.6, 0.0, 1.13, 0.0, 0.0], [0.0, -0.37, 0.0, 1.17, 157.59, 157.58, 0.0, 1.0], [0.2, 25.0, 0.0, 0.0])
(227221198, [2.0, 0.7, 0.0, 1.28, 0.0, 3.6, 0.0, 1.13, 0.0, 0.0], [0.0, -0.37, 0.0, 1.17, 157.58, 157.58, 0.0, 1.0], [0.2, 25.0, 0.0, 0.0])
(227321007, [2.0, 0.7, 0.0, 1.27, 0.0, 3.6, 0.0, 1.13, 0.0, 0.0], [0.0, -0.37, 0.0, 1.17, 157.59, 157.58, 0.0, 1.0], [0.2, 25.0, 0.0, 0.0])
(227421207, [2.0, 0.7, 0.0, 1.27, 0.0, 3.6, 0.0, 1.13, 0.0, 0.0], [0.0, -0.36, 0.0, 1.17, 157.58, 157.58, 0.0, 1.0], [0.2, 25.0, 0.0, 0.0])
(227521311, [2.0, 0.7, 0.0, 1.27, 0.0, 3.6, 0.0, 1.13, 0.0, 0.0], [0.0, -0.36, 0.0, 1.17, 157.59, 157.58, 0.0, 1.0], [0.2, 25.0, 0.0, 0.0])
(227621319, [2.0, 0.7, 0.0, 1.27, 0.0, 3.6, 0.0, 1.13, 0.0, 0.0], [0.0, -0.36, 0.0, 1.17, 157.59, 157.58, 0.0, 1.0], [0.2, 25.0, 0.0, 0.0])
(227721230, [2.0, 0.7, 0.0, 1.27, 0.0, 3.6, 0.0, 1.12, 0.0, 0.0], [0.0, -0.36, 0.0, 1.17, 157.58, 157.57, 0.0, 1.0], [0.2, 25.0, 0.0, 0.0])
(227821322, [2.0, 0.7, 0.0, 1.27, 0.0, 3.6, 0.0, 1.13, 0.0, 0.0], [0.0, -0.36, 0.0, 1.16, 157.58, 157.57, 0.0, 1.0], [0.2, 25.0, 0.0, 0.0])
(227921779, [2.0, 0.7, 0.0, 1.27, 0.0, 3.6, 0.0, 1.13, 0.0, 0.0], [0.0, -0.35, 0.0, 1.16, 157.57, 157.57, 0.0, 1.0], [0.2, 25.0, 0.0, 0.0])
(228021440, [2.0, 0.7, 0.0, 1.27, 0.0, 3.6, 0.0, 1.13, 0.0, 0.0], [0.0, -0.36, 0.0, 1.16, 157.57, 157.57, 0.0, 1.0], [0.2, 25.0, 0.0, 0.0])
(228121222, [2.0, 0.7, 0.0, 1.28, 0.0, 3.6, 0.0, 1.13, 0.0, 0.0], [0.0, -0.36, 0.0, 1.16, 157.57, 157.56, 0.0, 1.0], [0.2, 25.0, 0.0, 0.0])
(228221155, [2.0, 0.7, 0.0, 1.27, 0.0, 3.6, 0.0, 1.13, 0.0, 0.0], [0.0, -0.36, 0.0, 1.17, 157.57, 157.56, 0.0, 1.0], [0.2, 25.0, 0.0, 0.0])
(228321302, [2.0, 0.7, 0.0, 1.28, 0.0, 3.6, 0.0, 1.13, 0.0, 0.0], [0.0, -0.36, 0.0, 1.16, 157.57, 157.56, 0.0, 1.0], [0.2, 25.0, 0.0, 0.0])
(228421421, [2.0, 0.7, 0.0, 1.27, 0.0, 3.6, 0.0, 1.13, 0.0, 0.0], [0.0, -0.37, 0.0, 1.14, 157.57, 157.57, 0.0, 1.0], [0.2, 25.0, 0.0, 0.0])
(228521370, [2.0, 0.7, 0.0, 1.27, 0.0, 3.6, 0.0, 1.12, 0.0, 0.0], [0.0, -0.36, 0.0, 1.15, 157.57, 157.57, 0.0, 1.0], [0.2, 25.0, 0.0, 0.0])
(228621186, [2.0, 0.7, 0.0, 1.27, 0.0, 3.6, 0.0, 1.12, 0.0, 0.0], [0.0, -0.39, 0.0, 1.02, 157.57, 157.76, 0.0, 1.0], [0.2, 25.0, 0.0, 0.0])
(228721218, [2.0, 0.7, 0.0, 1.27, 0.0, 3.6, 0.0, 1.13, 0.0, 0.0], [0.0, -0.79, 0.71, -0.49, 157.57, 158.42, 0.0, 1.0], [0.2, 25.0, 0.0, 0.0])
(228821237, [2.0, 0.7, 0.0, 1.28, 0.0, 3.6, 0.0, 1.1, 0.0, 0.0], [0.17, -1.33, 1.66, -1.13, 157.57, 159.34, 0.0, 1.0], [0.2, 25.0, 0.0, 0.0])
(228921671, [2.0, 0.7, 0.0, 1.29, 0.0, 3.6, 0.0, 1.09, 0.0, 0.0], [0.27, -1.54, 2.14, -1.27, 157.57, 160.19, 0.01, 1.0], [0.2, 25.0, 0.0, 0.0])
(229021733, [2.0, 0.69, 0.0, 1.31, 0.0, 3.6, 0.0, 1.06, 0.0, 0.0], [0.35, -1.37, 2.38, -1.13, 157.57, 160.77, 0.01, 1.0], [0.2, 25.0, 0.0, 0.0])
(229121714, [2.0, 0.68, 0.0, 1.32, 0.0, 3.6, 0.0, 1.05, 0.0, 0.0], [0.44, -1.38, 2.5, -1.23, 157.57, 161.16, 0.01, 1.0], [0.2, 25.0, 0.0, 0.0])
(229221775, [2.0, 0.65, 0.0, 1.34, 0.0, 3.6, 0.0, 1.02, 0.0, 0.0], [0.5, -1.49, 2.58, -1.5, 157.57, 161.49, 0.01, 1.0], [0.2, 25.0, 0.0, 0.0])
(229321761, [2.0, 0.64, 0.0, 1.33, 0.0, 3.6, 0.0, 0.98, 0.0, 0.0], [0.57, -1.17, 2.64, -1.53, 157.57, 161.67, 0.02, 1.0], [0.2, 25.0, 0.0, 0.0])
(229421718, [2.0, 0.61, 0.0, 1.32, 0.0, 3.6, 0.0, 0.96, 0.0, 0.0], [0.74, -1.64, 2.7, -1.71, 157.57, 161.82, 0.02, 1.0], [0.2, 25.0, 0.0, 0.0])
(229521786, [2.0, 0.56, 0.0, 1.31, 0.0, 3.6, 0.0, 0.9, 0.0, 0.0], [0.97, -1.64, 2.74, -1.25, 157.57, 161.95, 0.03, 1.0], [0.2, 25.0, 0.0, 0.0])
(229622143, [2.0, 0.53, 0.0, 1.31, 0.0, 2.16, 0.0, 0.87, 0.0, 0.0], [1.27, 0.19, 2.77, -0.42, 157.57, 161.75, 0.03, 1.0], [0.2, 25.0, 0.0, 0.0])
(229721870, [2.0, 0.48, 0.0, 1.3, 0.0, 2.16, 0.0, 0.82, 0.0, 0.0], [1.54, 0.95, 2.8, -0.21, 157.57, 161.41, 0.03, 1.0], [0.2, 25.0, 0.0, 0.0])
(229821692, [2.0, 0.45, 0.0, 1.26, 0.0, 2.19, 0.0, 0.78, 0.0, 0.0], [1.76, 0.68, 2.83, 0.24, 157.57, 161.34, 0.03, 1.0], [0.24, 25.0, 0.0, 0.0])
(229921660, [2.0, 0.38, 0.0, 1.23, 0.0, 2.25, 0.0, 0.72, 0.0, 0.0], [1.94, 0.1, 2.88, 0.32, 157.57, 161.93, 0.03, 1.0], [0.27, 25.0, 0.0, 0.0])
(230021443, [2.0, 0.35, 0.0, 1.22, 0.0, 2.29, 0.0, 0.68, 0.0, 0.0], [2.13, 0.57, 2.92, -0.11, 157.57, 163.33, 0.03, 1.0], [0.3, 25.0, 0.0, 0.0])
(230121819, [2.0, 0.28, 0.0, 1.23, 0.0, 2.36, 0.0, 0.61, 0.0, 0.0], [2.31, 1.99, 2.98, -1.86, 157.57, 167.13, 0.03, 1.0], [0.33, 25.0, 0.0, 0.0])
(230221661, [2.0, 0.25, 0.0, 1.23, 0.0, 2.41, 0.0, 0.56, 0.0, 0.0], [2.53, 5.1, 3.02, -9.35, 157.57, 183.47, 0.03, 1.0], [0.35, 25.0, 0.0, 0.0])
(230321860, [2.0, 0.28, 0.0, 3.6, 0.0, 2.41, 0.0, 0.51, 0.0, 0.0], [3.3, 1.23, 2.45, -12.88, 172.98, 199.25, 0.08, 1.0], [0.36, 25.0, 0.0, 0.0])
(230421702, [2.0, 0.31, 0.0, 3.6, 0.0, 3.6, 0.0, 0.33, 0.0, 0.0], [5.83, -1.78, 1.94, -11.51, 184.5, 210.99, 0.08, 1.0], [0.37, 25.0, 0.0, 0.0])
(230521750, [2.0, 0.41, 0.0, 3.6, 0.0, 3.6, 0.0, 0.27, 0.0, 0.0], [7.5, -1.2, 1.52, -8.71, 191.94, 218.11, 0.09, 1.0], [0.38, 25.0, 0.0, 0.0])
(230621718, [2.0, 0.47, 0.0, 3.6, 0.0, 1.14, 0.0, 0.27, 0.0, 0.0], [8.34, -0.37, 1.42, -6.69, 195.17, 221.3, 0.09, 1.0], [0.38, 25.0, 0.0, 0.0])
(230721812, [2.0, 0.57, 0.0, 3.6, 0.0, 1.14, 0.0, 0.26, 0.0, 0.0], [8.78, -0.7, 1.45, -4.99, 195.78, 221.95, 0.09, 1.0], [0.39, 25.0, 0.0, 0.0])
(230821665, [2.0, 0.6, 0.0, 3.6, 0.0, 1.18, 0.0, 0.28, 0.0, 0.0], [9.03, 0.01, 1.38, -4.24, 195.78, 221.01, 0.09, 1.0], [0.4, 25.0, 0.0, 0.0])
(230921701, [2.0, 0.65, 0.0, 3.6, 0.0, 1.33, 0.0, 0.31, 0.0, 0.0], [9.15, 1.49, 1.26, -3.93, 195.78, 219.23, 0.09, 1.0], [0.43, 25.0, 0.0, 0.0])
(231021556, [2.0, 0.66, 0.0, 3.6, 0.0, 1.42, 0.0, 0.34, 0.0, 0.0], [9.18, 3.08, 1.15, -3.55, 195.78, 217.53, 0.09, 1.0], [0.45, 25.0, 0.0, 0.0])
(231121695, [2.0, 0.67, 0.0, 3.6, 0.0, 1.42, 0.0, 0.41, 0.0, 0.0], [9.13, 4.16, 1.11, -2.98, 195.78, 216.17, 0.09, 1.0], [0.47, 25.0, 0.0, 0.0])
(231221902, [2.0, 0.68, 0.0, 3.6, 0.0, 3.6, 0.0, 0.45, 0.0, 0.0], [9.03, 5.31, 1.13, -2.32, 195.78, 214.93, 0.09, 1.0], [0.5, 25.0, 0.0, 0.0])
(231321736, [2.0, 0.66, 0.0, 3.6, 0.0, 3.6, 0.0, 0.54, 0.0, 0.0], [8.85, 6.29, 1.23, -1.84, 195.78, 214.12, 0.09, 1.0], [0.53, 25.0, 0.0, 0.0])
(231421821, [2.0, 0.65, 0.0, 3.6, 0.0, 3.6, 0.0, 0.65, 0.0, 0.0], [8.6, 7.7, 1.42, -1.8, 195.78, 214.37, 0.09, 1.0], [0.55, 25.0, 0.0, 0.0])
(231521656, [2.0, 0.62, 0.0, 2.17, 0.0, 3.6, 0.0, 0.71, 0.0, 0.0], [7.05, 8.03, 1.7, -2.85, 195.78, 215.98, 0.09, 1.0], [0.57, 25.0, 0.0, 0.0])
(231621653, [2.0, 0.62, 0.0, 2.01, 0.0, 3.6, 0.0, 0.82, 0.0, 0.0], [5.63, 7.52, 2.0, -4.65, 195.78, 220.6, 0.09, 1.0], [0.59, 25.0, 0.0, 0.0])
(231721469, [2.0, 0.63, 0.0, 1.92, 0.0, 3.6, 0.0, 0.87, 0.0, 0.0], [4.7, 7.23, 1.82, -5.57, 202.2, 228.49, 0.09, 1.0], [0.6, 25.0, 0.0, 0.0])
(231821822, [2.0, 0.71, 0.0, 2.18, 0.0, 3.6, 0.0, 0.98, 0.0, 0.0], [3.92, 5.55, 1.61, -6.19, 213.27, 239.56, 0.11, 1.0], [0.6, 25.0, 0.0, 0.0])
(231921717, [2.0, 0.71, 0.0, 2.18, 0.0, 3.6, 0.0, 1.06, 0.0, 0.0], [3.42, 3.06, 1.47, -6.45, 226.8, 253.22, 0.11, 1.0], [0.6, 25.0, 0.0, 0.0])
(232021841, [2.0, 3.6, 0.0, 3.6, 0.0, 1.96, 0.0, 0.95, 0.0, 0.0], [3.09, 0.29, 1.47, -5.07, 239.78, 266.51, 0.12, 1.0], [0.59, 25.0, 0.0, 0.0])
(232121721, [2.0, 3.6, 0.0, 3.6, 0.0, 1.96, 0.0, 0.91, 0.0, 0.0], [5.2, 0.55, -2.43, -3.74, 252.07, 278.86, 0.12, 1.0], [0.57, 25.0, 0.0, 0.0])
(232221803, [2.0, 3.6, 0.0, 3.6, 0.0, 2.02, 0.0, 0.91, 0.0, 0.0], [6.1, 2.29, -4.99, -4.51, 262.86, 289.96, 0.13, 1.0], [0.53, 25.0, 0.0, 0.0])
(232321683, [2.0, 1.12, 0.0, 3.6, 0.0, 2.07, 0.0, 0.96, 0.0, 0.0], [6.02, 1.92, -5.69, -6.13, 274.02, 301.11, 0.13, 1.0], [0.49, 25.0, 0.0, 0.0])
(232421802, [2.0, 1.14, 0.0, 3.6, 0.0, 2.06, 0.0, 0.96, 0.0, 0.0], [6.01, -0.94, -4.12, -4.11, 283.1, 310.0, 0.14, 1.0], [0.46, 25.0, 0.0, 0.0])
(232521674, [2.0, 1.14, 0.0, 3.6, 0.0, 2.04, 0.0, 1.26, 0.0, 0.0], [5.59, -2.28, -3.27, -3.21, 291.04, 317.94, 0.14, 1.0], [0.43, 25.0, 0.0, 0.0])
(232621763, [2.0, 1.29, 0.0, 3.6, 0.0, 2.05, 0.0, 1.32, 0.0, 0.0], [4.79, -2.94, -4.41, -4.39, 297.46, 324.34, 0.15, 1.0], [0.4, 25.0, 0.0, 0.0])
(232721692, [2.0, 1.29, 0.0, 3.6, 0.0, 2.08, 0.0, 1.74, 0.0, 0.0], [4.21, -2.63, -3.44, -5.83, 302.55, 329.38, 0.15, 1.0], [0.37, 25.0, 0.0, 0.0])
(232821735, [2.0, 2.16, 0.0, 3.6, 0.0, 2.16, 0.0, 1.42, 0.0, 0.0], [3.82, -2.99, -2.87, -5.86, 307.53, 334.37, 0.14, 1.0], [0.36, 25.0, 0.0, 0.0])
(232921707, [2.0, 2.09, 0.0, 3.6, 0.0, 2.18, 0.0, 1.37, 0.0, 0.0], [3.9, -1.92, -3.32, -7.18, 313.02, 339.85, 0.14, 1.0], [0.36, 25.0, 0.0, 0.0])
(233021758, [2.0, 0.44, 0.0, 3.6, 0.0, 2.26, 0.0, 1.31, 0.0, 0.0], [4.02, -0.39, -3.28, -7.32, 317.59, 344.3, 0.13, 1.0], [0.36, 25.0, 0.0, 0.0])
(233121774, [2.0, 0.44, 0.0, 3.01, 0.0, 2.32, 0.0, 1.35, 0.0, 0.0], [3.92, 0.1, -0.4, -5.53, 322.56, 349.22, 0.13, 1.0], [0.37, 25.0, 0.0, 0.0])
(233221738, [2.0, 0.38, 0.0, 3.01, 0.0, 2.35, 0.0, 1.43, 0.0, 0.0], [3.62, -0.64, 1.21, -3.63, 326.98, 353.62, 0.13, 1.0], [0.39, 25.0, 0.0, 0.0])
(233321731, [2.0, 0.38, 0.0, 3.6, 0.0, 2.38, 0.0, 1.5, 0.0, 0.0], [3.71, -0.37, 2.06, -3.02, 330.86, 357.43, 0.13, 1.0], [0.41, 25.0, 0.0, 0.0])
(233421664, [2.0, 0.38, 0.0, 3.6, 0.0, 2.41, 0.0, 3.6, 0.0, 0.0], [3.64, 0.37, 2.47, -2.62, 334.69, 1.28, 0.12, 1.0], [0.44, 25.0, 0.0, 0.0])
(233521681, [2.0, 0.34, 0.0, 3.6, 0.0, 2.42, 0.0, 3.6, 0.0, 0.0], [1.93, -0.06, 2.76, -2.22, 338.53, 5.21, 0.12, 1.0], [0.46, 25.0, 0.0, 0.0])
(233621818, [2.0, 3.6, 0.0, 3.6, 0.0, 2.44, 0.0, 3.6, 0.0, 0.0], [1.09, -0.57, 2.52, -1.58, 342.49, 9.28, 0.12, 1.0], [0.48, 25.0, 0.0, 0.0])
(233721655, [2.0, 1.97, 0.0, 3.6, 0.0, 2.47, 0.0, 0.87, 0.0, 0.0], [3.6, 1.48, -0.8, -2.86, 346.7, 13.45, 0.12, 1.0], [0.5, 25.0, 0.0, 0.0])
(233821846, [2.0, 2.07, 0.0, 3.6, 0.0, 2.47, 0.0, 0.87, 0.0, 0.0], [6.0, 5.14, -2.12, -3.35, 349.91, 16.78, 0.12, 1.0], [0.52, 25.0, 0.0, 0.0])
(233923422, [2.0, 2.07, 0.0, 3.6, 0.0, 2.47, 0.0, 1.8, 0.0, 0.0], [6.66, 7.75, -3.03, -4.08, 354.42, 21.53, 0.12, 1.0], [0.54, 25.0, 0.0, 0.0])
(234023864, [2.0, 3.6, 0.0, 1.58, 0.0, 2.48, 0.0, 0.99, 0.0, 0.0], [3.63, 6.91, -4.44, -5.26, 1.71, 28.73, 0.13, 1.0], [0.55, 25.0, 0.0, 0.0])
(234123144, [2.0, 3.6, 0.0, 1.58, 0.0, 2.49, 0.0, 1.07, 0.0, 0.0], [1.69, 5.53, -5.66, -6.94, 12.22, 39.15, 0.13, 1.0], [0.56, 25.0, 0.0, 0.0])
(234223148, [2.0, 3.6, 0.0, 3.6, 0.0, 2.51, 0.0, 1.07, 0.0, 0.0], [1.67, 3.95, -6.16, -6.98, 25.5, 52.5, 0.15, 1.0], [0.56, 25.0, 0.0, 0.0])
(234323400, [2.0, 3.6, 0.0, 0.8, 0.0, 2.51, 0.0, 2.46, 0.0, 0.0], [0.99, 2.17, -6.49, -6.27, 39.62, 66.76, 0.15, 1.0], [0.55, 25.0, 0.0, 0.0])
(234423217, [2.0, 1.0, 0.0, 0.76, 0.0, 3.6, 0.0, 2.46, 0.0, 0.0], [-3.67, -2.68, -4.11, -7.17, 54.6, 82.06, 0.16, 1.0], [0.52, 25.0, 0.0, 0.0])
(234523901, [2.0, 3.6, 0.0, 0.81, 0.0, 3.6, 0.0, 2.46, 0.0, 0.0], [-5.56, -7.96, -1.52, -2.54, 71.02, 98.23, 0.16, 1.0], [0.48, 25.0, 0.0, 0.0])
(234623787, [2.0, 3.6, 0.0, 1.5, 0.0, 3.6, 0.0, 3.6, 0.0, 0.0], [-5.45, -13.37, -2.47, 7.22, 85.79, 111.4, 0.23, 1.0], [0.43, 25.0, 0.0, 0.0])
(234723165, [2.0, 0.16, 0.0, 1.5, 0.0, 3.6, 0.0, 3.6, 0.0, 0.0], [-5.11, -13.31, -3.85, 0.45, 93.91, 120.34, 0.23, 1.0], [0.39, 25.0, 0.0, 0.0])
(234823310, [2.0, 0.15, 0.0, 1.73, 0.0, 3.6, 0.0, 1.08, 0.0, 0.0], [-2.76, -25.57, -1.09, -6.31, 97.23, 125.35, 0.24, 1.0], [0.33, 25.0, 0.0, 0.0])
(234923398, [2.0, 0.12, 0.0, 3.6, 0.0, 3.6, 0.0, 1.08, 0.0, 0.0], [-0.57, -30.03, 1.56, -7.15, 110.0, 139.11, 0.24, 1.0], [0.28, 25.0, 0.0, 0.0])
(235023154, [2.0, 0.12, 0.0, 3.6, 0.0, 3.6, 0.0, 3.6, 0.0, 0.0], [0.72, -31.61, 2.56, -14.28, 134.38, 165.61, 0.26, 1.0], [0.2, 25.0, 0.0, 0.0])
