(22056020, [1.0, 0.0, 0.0, 0.0, 0.0, 0.0, 0.0, 0.0, 0.0, 0.0], [0.0, 0.15, 0.0, 0.62, 358.73, 358.74, 0.0, 1.0], [0.2, 25.0, 0.0, 0.0])
(22155849, [1.0, 0.0, 0.0, 0.0, 0.0, 0.0, 0.0, 0.0, 0.0, 0.0], [0.0, 0.16, 0.0, 0.61, 358.71, 358.72, 0.0, 1.0], [0.2, 25.0, 0.0, 0.0])
(22255819, [1.0, 0.0, 0.0, 0.0, 0.0, 0.0, 0.0, 0.0, 0.0, 0.0], [0.0, 0.16, 0.0, 0.61, 358.7, 358.71, 0.0, 1.0], [0.2, 25.0, 0.0, 0.0])
(22355823, [1.0, 0.0, 0.0, 0.0, 0.0, 0.0, 0.0, 0.0, 0.0, 0.0], [0.0, 0.16, 0.0, 0.61, 358.69, 358.7, 0.0, 1.0], [0.2, 25.0, 0.0, 0.0])
(22455964, [1.0, 0.0, 0.0, 0.0, 0.0, 0.0, 0.0, 0.0, 0.0, 0.0], [0.0, 0.16, 0.0, 0.61, 358.68, 358.69, 0.0, 1.0], [0.2, 25.0, 0.0, 0.0])
(22555831, [1.0, 0.0, 0.0, 0.0, 0.0, 0.0, 0.0, 0.0, 0.0, 0.0], [0.0, 0.16, 0.0, 0.61, 358.67, 358.68, 0.0, 1.0], [0.2, 25.0, 0.0, 0.0])
(22655830, [1.0, 0.0, 0.0, 0.0, 0.0, 0.0, 0.0, 0.0, 0.0, 0.0], [0.0, 0.16, 0.0, 0.61, 358.66, 358.67, 0.0, 1.0], [0.2, 25.0, 0.0, 0.0])
(22755817, [1.0, 0.0, 0.0, 0.0, 0.0, 0.0, 0.0, 0.0, 0.0, 0.0], [0.0, 0.16, 0.0, 0.61, 358.65, 358.66, 0.0, 1.0], [0.2, 25.0, 0.0, 0.0])
(22855798, [1.0, 0.0, 0.0, 0.0, 0.0, 0.0, 0.0, 0.0, 0.0, 0.0], [0.0, 0.16, 0.0, 0.61, 358.63, 358.65, 0.0, 1.0], [0.2, 25.0, 0.0, 0.0])
(22956831, [1.0, 0.0, 0.0, 0.0, 0.0, 0.0, 0.0, 0.0, 0.0, 0.0], [0.0, 0.15, 0.0, 0.6, 358.62, 358.63, 0.0, 1.0], [0.2, 25.0, 0.0, 0.0])
(23057748, [1.0, 0.0, 0.0, 0.0, 0.0, 0.0, 0.0, 0.0, 0.0, 0.0], [0.0, 0.15, 0.0, 0.6, 358.61, 358.62, 0.0, 1.0], [0.2, 25.0, 0.0, 0.0])
(23157927, [1.0, 0.0, 0.0, 0.0, 0.0, 0.0, 0.0, 0.0, 0.0, 0.0], [0.0, 0.16, 0.0, 0.61, 358.6, 358.61, 0.0, 1.0], [0.2, 25.0, 0.0, 0.0])
(23258023, [1.0, 0.0, 0.0, 0.0, 0.0, 0.0, 0.0, 0.0, 0.0, 0.0], [0.0, 0.15, 0.0, 0.6, 358.59, 358.6, 0.0, 1.0], [0.2, 25.0, 0.0, 0.0])
(23357697, [1.0, 0.0, 0.0, 0.0, 0.0, 0.0, 0.0, 0.0, 0.0, 0.0], [0.0, 0.15, 0.0, 0.6, 358.58, 358.59, 0.0, 1.0], [0.2, 25.0, 0.0, 0.0])
(23457727, [1.0, 0.0, 0.0, 0.0, 0.0, 0.0, 0.0, 0.0, 0.0, 0.0], [0.0, 0.15, 0.0, 0.6, 358.57, 358.58, 0.0, 1.0], [0.2, 25.0, 0.0, 0.0])
(23557703, [1.0, 0.0, 0.0, 0.0, 0.0, 0.0, 0.0, 0.0, 0.0, 0.0], [0.0, 0.15, 0.0, 0.6, 358.55, 358.57, 0.0, 1.0], [0.2, 25.0, 0.0, 0.0])
(23657723, [1.0, 0.0, 0.0, 0.0, 0.0, 0.0, 0.0, 0.0, 0.0, 0.0], [0.0, 0.15, 0.0, 0.6, 358.54, 358.55, 0.0, 1.0], [0.2, 25.0, 0.0, 0.0])
(23757676, [1.0, 0.0, 0.0, 0.0, 0.0, 0.0, 0.0, 0.0, 0.0, 0.0], [0.0, 0.15, 0.0, 0.6, 358.53, 358.54, 0.0, 1.0], [0.2, 25.0, 0.0, 0.0])
(23858147, [1.0, 0.0, 0.0, 0.0, 0.0, 0.0, 0.0, 0.0, 0.0, 0.0], [0.0, 0.15, 0.0, 0.6, 358.52, 358.53, 0.0, 1.0], [0.2, 25.0, 0.0, 0.0])
(23957670, [1.0, 0.0, 0.0, 0.0, 0.0, 0.0, 0.0, 0.0, 0.0, 0.0], [0.0, 0.15, 0.0, 0.6, 358.5, 358.52, 0.0, 1.0], [0.2, 25.0, 0.0, 0.0])
(24057667, [1.0, 0.0, 0.0, 0.0, 0.0, 0.0, 0.0, 0.0, 0.0, 0.0], [0.0, 0.15, 0.0, 0.6, 358.49, 358.5, 0.0, 1.0], [0.2, 25.0, 0.0, 0.0])
(24157670, [1.0, 0.0, 0.0, 0.0, 0.0, 0.0, 0.0, 0.0, 0.0, 0.0], [0.0, 0.15, 0.0, 0.6, 358.48, 358.49, 0.0, 1.0], [0.2, 25.0, 0.0, 0.0])
(24257669, [1.0, 0.0, 0.0, 0.0, 0.0, 0.0, 0.0, 0.0, 0.0, 0.0], [0.0, 0.15, 0.0, 0.6, 358.47, 358.48, 0.0, 1.0], [0.2, 25.0, 0.0, 0.0])
(24358769, [1.0, 0.0, 0.0, 0.0, 0.0, 0.0, 0.0, 0.0, 0.0, 0.0], [0.0, 0.15, 0.0, 0.6, 358.46, 358.47, 0.0, 1.0], [0.2, 25.0, 0.0, 0.0])
(24457749, [1.0, 0.0, 0.0, 0.0, 0.0, 0.0, 0.0, 0.0, 0.0, 0.0], [0.0, 0.15, 0.0, 0.6, 358.44, 358.45, 0.0, 1.0], [0.2, 25.0, 0.0, 0.0])
(24557707, [1.0, 0.0, 0.0, 0.0, 0.0, 0.0, 0.0, 0.0, 0.0, 0.0], [0.0, 0.15, 0.0, 0.6, 358.43, 358.44, 0.0, 1.0], [0.2, 25.0, 0.0, 0.0])
(24657696, [1.0, 0.0, 0.0, 0.0, 0.0, 0.0, 0.0, 0.0, 0.0, 0.0], [0.0, 0.14, 0.0, 0.61, 358.41, 358.42, 0.0, 1.0], [0.2, 25.0, 0.0, 0.0])
(24757671, [1.0, 0.0, 0.0, 0.0, 0.0, 0.0, 0.0, 0.0, 0.0, 0.0], [0.0, 0.14, 0.0, 0.61, 358.4, 358.41, 0.0, 1.0], [0.2, 25.0, 0.0, 0.0])
(24857731, [1.0, 0.0, 0.0, 0.0, 0.0, 0.0, 0.0, 0.0, 0.0, 0.0], [0.0, 0.14, 0.0, 0.61, 358.39, 358.4, 0.0, 1.0], [0.2, 25.0, 0.0, 0.0])
(24958115, [1.0, 0.0, 0.0, 0.0, 0.0, 0.0, 0.0, 0.0, 0.0, 0.0], [0.0, 0.13, 0.0, 0.61, 358.38, 358.39, 0.0, 1.0], [0.2, 25.0, 0.0, 0.0])
(25057777, [1.0, 0.0, 0.0, 0.0, 0.0, 0.0, 0.0, 0.0, 0.0, 0.0], [0.0, 0.13, 0.0, 0.61, 358.37, 358.38, 0.0, 1.0], [0.2, 25.0, 0.0, 0.0])
(25157744, [1.0, 0.0, 0.0, 0.0, 0.0, 0.0, 0.0, 0.0, 0.0, 0.0], [0.0, 0.13, 0.0, 0.62, 358.36, 358.37, 0.0, 1.0], [0.2, 25.0, 0.0, 0.0])
(25257684, [1.0, 0.0, 0.0, 0.0, 0.0, 0.0, 0.0, 0.0, 0.0, 0.0], [0.0, 0.13, 0.0, 0.62, 358.34, 358.36, 0.0, 1.0], [0.2, 25.0, 0.0, 0.0])
(25357669, [1.0, 0.0, 0.0, 0.0, 0.0, 0.0, 0.0, 0.0, 0.0, 0.0], [0.0, 0.13, 0.0, 0.62, 358.34, 358.35, 0.0, 1.0], [0.2, 25.0, 0.0, 0.0])
(25457755, [1.0, 0.0, 0.0, 0.0, 0.0, 0.0, 0.0, 0.0, 0.0, 0.0], [0.0, 0.13, 0.0, 0.62, 358.32, 358.33, 0.0, 1.0], [0.2, 25.0, 0.0, 0.0])
(25557728, [1.0, 0.0, 0.0, 0.0, 0.0, 0.0, 0.0, 0.0, 0.0, 0.0], [0.0, 0.12, 0.0, 0.62, 358.31, 358.32, 0.0, 1.0], [0.2, 25.0, 0.0, 0.0])
(25657719, [1.0, 0.0, 0.0, 0.0, 0.0, 0.0, 0.0, 0.0, 0.0, 0.0], [0.0, 0.12, 0.0, 0.62, 358.3, 358.31, 0.0, 1.0], [0.2, 25.0, 0.0, 0.0])
(25757696, [1.0, 0.0, 0.0, 0.0, 0.0, 0.0, 0.0, 0.0, 0.0, 0.0], [0.0, 0.13, 0.0, 0.62, 358.29, 358.3, 0.0, 1.0], [0.2, 25.0, 0.0, 0.0])
(25858054, [1.0, 0.0, 0.0, 0.0, 0.0, 0.0, 0.0, 0.0, 0.0, 0.0], [0.0, 0.16, 0.0, 0.45, 356.48, 356.49, 0.0, 1.0], [0.2, 25.0, 0.0, 0.0])
(25957819, [1.0, 0.0, 0.0, 0.0, 0.0, 0.0, 0.0, 0.0, 0.0, 0.0], [0.0, 0.17, 0.0, 0.59, 356.47, 356.49, 0.0, 1.0], [0.2, 25.0, 0.0, 0.0])
(26057736, [1.0, 0.0, 0.0, 0.0, 0.0, 0.0, 0.0, 0.0, 0.0, 0.0], [0.0, 0.14, 0.0, 0.61, 356.46, 356.47, 0.0, 1.0], [0.2, 25.0, 0.0, 0.0])
(26157674, [1.0, 0.0, 0.0, 0.0, 0.0, 0.0, 0.0, 0.0, 0.0, 0.0], [0.0, 0.14, 0.0, 0.62, 356.45, 356.46, 0.0, 1.0], [0.2, 25.0, 0.0, 0.0])
(26257735, [1.0, 0.0, 0.0, 0.0, 0.0, 0.0, 0.0, 0.0, 0.0, 0.0], [0.0, 0.13, 0.0, 0.63, 356.44, 356.45, 0.0, 1.0], [0.2, 25.0, 0.0, 0.0])
(26359237, [1.0, 0.0, 0.0, 0.0, 0.0, 0.0, 0.0, 0.0, 0.0, 0.0], [0.0, 0.13, 0.0, 0.63, 356.43, 356.44, 0.0, 1.0], [0.2, 25.0, 0.0, 0.0])
(26457762, [1.0, 0.0, 0.0, 0.0, 0.0, 0.0, 0.0, 0.0, 0.0, 0.0], [0.0, 0.12, 0.0, 0.64, 356.4, 356.41, 0.0, 1.0], [0.2, 25.0, 0.0, 0.0])
(26557742, [1.0, 0.0, 0.0, 0.0, 0.0, 0.0, 0.0, 0.0, 0.0, 0.0], [0.0, 0.12, 0.0, 0.64, 356.39, 356.4, 0.0, 1.0], [0.2, 25.0, 0.0, 0.0])
(26657686, [1.0, 0.0, 0.0, 0.0, 0.0, 0.0, 0.0, 0.0, 0.0, 0.0], [0.0, 0.1, 0.0, 0.69, 356.43, 356.44, 0.0, 1.0], [0.2, 25.0, 0.0, 0.0])
(26757722, [1.0, 0.0, 0.0, 0.0, 0.0, 0.0, 0.0, 0.0, 0.0, 0.0], [0.0, 0.1, 0.0, 0.7, 356.45, 356.46, 0.0, 1.0], [0.2, 25.0, 0.0, 0.0])
(26858312, [1.0, 0.0, 0.0, 0.0, 0.0, 0.0, 0.0, 0.0, 0.0, 0.0], [0.0, 0.08, 0.0, 0.69, 356.4, 356.41, 0.0, 1.0], [0.2, 25.0, 0.0, 0.0])
(26957721, [1.0, 0.0, 0.0, 0.0, 0.0, 0.0, 0.0, 0.0, 0.0, 0.0], [0.0, 0.1, 0.0, 0.67, 356.35, 356.36, 0.0, 1.0], [0.2, 25.0, 0.0, 0.0])
(27057689, [1.0, 0.0, 0.0, 0.0, 0.0, 0.0, 0.0, 0.0, 0.0, 0.0], [0.0, 0.11, 0.0, 0.64, 356.37, 356.38, 0.0, 1.0], [0.2, 25.0, 0.0, 0.0])
(27157717, [1.0, 0.0, 0.0, 0.0, 0.0, 0.0, 0.0, 0.0, 0.0, 0.0], [0.0, 0.11, 0.0, 0.64, 356.37, 356.38, 0.0, 1.0], [0.2, 25.0, 0.0, 0.0])
(27258642, [1.0, 0.0, 0.0, 0.0, 0.0, 0.0, 0.0, 0.0, 0.0, 0.0], [0.0, 0.06, 0.0, 0.72, 356.45, 356.46, 0.0, 1.0], [0.2, 25.0, 0.0, 0.0])
(27357845, [1.0, 0.0, 0.0, 0.0, 0.0, 0.0, 0.0, 0.0, 0.0, 0.0], [0.0, 0.05, 0.0, 0.71, 356.39, 356.4, 0.0, 1.0], [0.2, 25.0, 0.0, 0.0])
(27458162, [1.0, 0.0, 0.0, 0.0, 0.0, 0.0, 0.0, 0.0, 0.0, 0.0], [0.0, 0.07, 0.0, 0.69, 356.39, 356.4, 0.0, 1.0], [0.2, 25.0, 0.0, 0.0])
(27557800, [1.0, 0.0, 0.0, 0.0, 0.0, 0.0, 0.0, 0.0, 0.0, 0.0], [0.0, 0.09, 0.0, 0.65, 356.38, 356.39, 0.0, 1.0], [0.2, 25.0, 0.0, 0.0])
(27657695, [1.0, 0.0, 0.0, 0.0, 0.0, 0.0, 0.0, 0.0, 0.0, 0.0], [0.0, 0.09, 0.0, 0.67, 356.47, 356.48, 0.0, 1.0], [0.2, 25.0, 0.0, 0.0])
(27757679, [1.0, 0.0, 0.0, 0.0, 0.0, 0.0, 0.0, 0.0, 0.0, 0.0], [0.0, 0.09, 0.0, 0.65, 356.45, 356.46, 0.0, 1.0], [0.2, 25.0, 0.0, 0.0])
(27857666, [1.0, 0.0, 0.0, 0.0, 0.0, 0.0, 0.0, 0.0, 0.0, 0.0], [0.0, 0.1, 0.0, 0.64, 356.44, 356.45, 0.0, 1.0], [0.2, 25.0, 0.0, 0.0])
(27958485, [1.0, 0.0, 0.0, 0.0, 0.0, 0.0, 0.0, 0.0, 0.0, 0.0], [0.0, 0.1, 0.0, 0.63, 356.44, 356.45, 0.0, 1.0], [0.2, 25.0, 0.0, 0.0])
(28057711, [1.0, 0.0, 0.0, 0.0, 0.0, 0.0, 0.0, 0.0, 0.0, 0.0], [0.0, 0.1, 0.0, 0.62, 356.43, 356.44, 0.0, 1.0], [0.2, 25.0, 0.0, 0.0])
(28157979, [1.0, 0.0, 0.0, 0.0, 0.0, 0.0, 0.0, 0.0, 0.0, 0.0], [0.0, 0.1, 0.0, 0.61, 356.46, 356.47, 0.0, 1.0], [0.2, 25.0, 0.0, 0.0])
(28257848, [1.0, 0.0, 0.0, 0.0, 0.0, 0.0, 0.0, 0.0, 0.0, 0.0], [0.0, 0.11, 0.0, 0.65, 356.67, 356.68, 0.0, 1.0], [0.2, 25.0, 0.0, 0.0])
(28358004, [1.0, 0.0, 0.0, 0.0, 0.0, 0.0, 0.0, 0.0, 0.0, 0.0], [0.0, 0.12, 0.0, 0.65, 356.73, 356.75, 0.0, 1.0], [0.2, 25.0, 0.0, 0.0])
(28457829, [1.0, 0.0, 0.0, 0.0, 0.0, 0.0, 0.0, 0.0, 0.0, 0.0], [0.0, 0.11, 0.0, 0.66, 356.61, 356.62, 0.0, 1.0], [0.2, 25.0, 0.0, 0.0])
(28557883, [1.0, 0.0, 0.0, 0.0, 0.0, 0.0, 0.0, 0.0, 0.0, 0.0], [0.0, 0.11, 0.0, 0.64, 356.55, 356.56, 0.0, 1.0], [0.2, 25.0, 0.0, 0.0])
(28658457, [1.0, 0.0, 0.0, 0.0, 0.0, 0.0, 0.0, 0.0, 0.0, 0.0], [0.0, 0.11, 0.0, 0.62, 356.56, 356.57, 0.0, 1.0], [0.2, 25.0, 0.0, 0.0])
(28758141, [1.0, 0.0, 0.0, 0.0, 0.0, 0.0, 0.0, 0.0, 0.0, 0.0], [0.0, 0.12, 0.0, 0.62, 356.55, 356.56, 0.0, 1.0], [0.2, 25.0, 0.0, 0.0])
(28857892, [1.0, 0.0, 0.0, 0.0, 0.0, 0.0, 0.0, 0.0, 0.0, 0.0], [0.0, 0.12, 0.0, 0.63, 356.53, 356.54, 0.0, 1.0], [0.2, 25.0, 0.0, 0.0])
(28957684, [1.0, 0.0, 0.0, 0.0, 0.0, 0.0, 0.0, 0.0, 0.0, 0.0], [0.0, 0.12, 0.0, 0.63, 356.52, 356.53, 0.0, 1.0], [0.2, 25.0, 0.0, 0.0])
(29057704, [1.0, 0.0, 0.0, 0.0, 0.0, 0.0, 0.0, 0.0, 0.0, 0.0], [0.0, 0.13, 0.0, 0.62, 356.51, 356.52, 0.0, 1.0], [0.2, 25.0, 0.0, 0.0])
(29157669, [1.0, 0.0, 0.0, 0.0, 0.0, 0.0, 0.0, 0.0, 0.0, 0.0], [0.0, 0.13, 0.0, 0.63, 356.48, 356.49, 0.0, 1.0], [0.2, 25.0, 0.0, 0.0])
(29257750, [1.0, 0.0, 0.0, 0.0, 0.0, 0.0, 0.0, 0.0, 0.0, 0.0], [0.0, 0.12, 0.0, 0.63, 356.45, 356.46, 0.0, 1.0], [0.2, 25.0, 0.0, 0.0])
(29357690, [1.0, 0.0, 0.0, 0.0, 0.0, 0.0, 0.0, 0.0, 0.0, 0.0], [0.0, 0.05, 0.0, 0.83, 357.38, 357.39, 0.0, 1.0], [0.2, 25.0, 0.0, 0.0])
(29457742, [1.0, 0.0, 0.0, 0.0, 0.0, 0.0, 0.0, 0.0, 0.0, 0.0], [0.0, 0.1, 0.0, 0.68, 358.83, 358.84, 0.01, 1.0], [0.2, 25.0, 0.0, 0.0])
(29557681, [1.0, 0.0, 0.0, 0.0, 0.0, 0.0, 0.0, 0.0, 0.0, 0.0], [0.0, 0.11, 0.0, 0.76, 358.65, 358.66, 0.01, 1.0], [0.2, 25.0, 0.0, 0.0])
(29657848, [1.0, 0.0, 0.0, 0.0, 0.0, 0.0, 0.0, 0.0, 0.0, 0.0], [0.0, 0.12, 0.0, 0.82, 359.02, 359.03, 0.01, 1.0], [0.2, 25.0, 0.0, 0.0])
(29757677, [1.0, 0.0, 0.0, 0.0, 0.0, 0.0, 0.0, 0.0, 0.0, 0.0], [0.0, 0.14, 0.0, 0.94, 358.61, 358.62, 0.01, 1.0], [0.2, 25.0, 0.0, 0.0])
(29857691, [1.0, 0.0, 0.0, 0.0, 0.0, 0.0, 0.0, 0.0, 0.0, 0.0], [0.0, 0.2, 0.0, 1.47, 358.28, 358.29, 0.01, 1.0], [0.2, 25.0, 0.0, 0.0])
(29957936, [1.0, 0.0, 0.0, 0.0, 0.0, 0.0, 0.0, 0.0, 0.0, 0.0], [0.0, 0.14, 0.0, 2.86, 358.06, 358.07, 0.01, 1.0], [0.2, 25.0, 0.0, 0.0])
(30057691, [1.0, 0.0, 0.0, 0.0, 0.0, 0.0, 0.0, 0.0, 0.0, 0.0], [0.0, 0.33, 0.0, 4.66, 357.47, 357.48, 0.01, 1.0], [0.2, 25.0, 0.0, 0.0])
(30157673, [1.0, 0.0, 0.0, 0.0, 0.0, 0.0, 0.0, 0.0, 0.0, 0.0], [0.0, 0.54, 0.0, 3.69, 357.29, 357.3, 0.01, 1.0], [0.2, 25.0, 0.0, 0.0])
(30257681, [1.0, 0.0, 0.0, 0.0, 0.0, 0.0, 0.0, 0.0, 0.0, 0.0], [0.0, 0.49, 0.0, 1.06, 358.11, 358.12, 0.01, 1.0], [0.2, 25.0, 0.0, 0.0])
(30357688, [1.0, 0.0, 0.0, 0.0, 0.0, 0.0, 0.0, 0.0, 0.0, 0.0], [0.0, 0.24, 0.0, 0.68, 358.58, 358.59, 0.01, 1.0], [0.2, 25.0, 0.0, 0.0])
(30457755, [1.0, 0.0, 0.0, 0.0, 0.0, 0.0, 0.0, 0.0, 0.0, 0.0], [0.0, 0.22, 0.0, 0.66, 358.88, 358.89, 0.01, 1.0], [0.2, 25.0, 0.0, 0.0])
(30557718, [1.0, 0.0, 0.0, 0.0, 0.0, 0.0, 0.0, 0.0, 0.0, 0.0], [0.0, 0.18, 0.0, 0.63, 359.1, 359.11, 0.01, 1.0], [0.2, 25.0, 0.0, 0.0])
(30657697, [1.0, 0.0, 0.0, 0.0, 0.0, 0.0, 0.0, 0.0, 0.0, 0.0], [0.0, 0.16, 0.0, 0.6, 359.29, 359.3, 0.01, 1.0], [0.2, 25.0, 0.0, 0.0])
(30758061, [1.0, 0.0, 0.0, 0.0, 0.0, 0.0, 0.0, 0.0, 0.0, 0.0], [0.0, 0.16, 0.0, 0.6, 359.34, 359.35, 0.01, 1.0], [0.2, 25.0, 0.0, 0.0])
(30857687, [1.0, 0.0, 0.0, 0.0, 0.0, 0.0, 0.0, 0.0, 0.0, 0.0], [0.0, 0.14, 0.0, 0.61, 0.39, 0.39, 0.01, 1.0], [0.2, 25.0, 0.0, 0.0])
(30957680, [1.0, 0.0, 0.0, 0.0, 0.0, 0.0, 0.0, 0.0, 0.0, 0.0], [0.0, 0.27, 0.0, 0.77, 4.33, 4.33, 0.01, 1.0], [0.2, 25.0, 0.0, 0.0])
(31058212, [1.0, 0.0, 0.0, 0.0, 0.0, 0.0, 0.0, 0.0, 0.0, 0.0], [0.0, 0.21, 0.0, 0.63, 7.08, 7.08, 0.02, 1.0], [0.2, 25.0, 0.0, 0.0])
(31157859, [1.0, 0.0, 0.0, 0.0, 0.0, 0.0, 0.0, 0.0, 0.0, 0.0], [0.0, 0.22, 0.0, 0.64, 7.61, 7.61, 0.02, 1.0], [0.2, 25.0, 0.0, 0.0])
(31258666, [1.0, 0.0, 0.0, 0.0, 0.0, 0.0, 0.0, 0.0, 0.0, 0.0], [0.0, 0.22, 0.0, 0.65, 7.65, 7.65, 0.02, 1.0], [0.2, 25.0, 0.0, 0.0])
(31357688, [1.0, 0.0, 0.0, 0.0, 0.0, 0.0, 0.0, 0.0, 0.0, 0.0], [0.0, 0.23, 0.0, 0.64, 7.08, 7.08, 0.02, 1.0], [0.2, 25.0, 0.0, 0.0])
(31457752, [1.0, 0.0, 0.0, 0.0, 0.0, 0.0, 0.0, 0.0, 0.0, 0.0], [0.0, 0.22, 0.0, 0.71, 5.29, 5.29, 0.02, 1.0], [0.2, 25.0, 0.0, 0.0])
(31557693, [1.0, 0.0, 0.0, 0.0, 0.0, 0.0, 0.0, 0.0, 0.0, 0.0], [0.0, 0.18, 0.0, 0.65, 3.88, 3.88, 0.02, 1.0], [0.2, 25.0, 0.0, 0.0])
(31657700, [1.0, 0.0, 0.0, 0.0, 0.0, 0.0, 0.0, 0.0, 0.0, 0.0], [0.0, 0.14, 0.0, 0.64, 3.08, 3.08, 0.02, 1.0], [0.2, 25.0, 0.0, 0.0])
(31757706, [1.0, 0.0, 0.0, 0.0, 0.0, 0.0, 0.0, 0.0, 0.0, 0.0], [0.0, 0.14, 0.0, 0.63, 2.91, 2.91, 0.02, 1.0], [0.2, 25.0, 0.0, 0.0])
(41257798, [1.0, 0.0, 0.0, 0.0, 0.0, 0.0, 0.0, 0.0, 0.0, 0.0], [0.0, 0.19, 0.0, 0.6, 3.41, 3.41, 0.0, 1.0], [0.2, 25.0, 0.0, 0.0])
(41357999, [1.0, 0.0, 0.0, 0.0, 0.0, 0.0, 0.0, 0.0, 0.0, 0.0], [0.0, 0.19, 0.0, 0.6, 3.4, 3.4, 0.0, 1.0], [0.2, 25.0, 0.0, 0.0])
(41457767, [1.0, 0.0, 0.0, 0.0, 0.0, 0.0, 0.0, 0.0, 0.0, 0.0], [0.0, 0.19, 0.0, 0.6, 3.38, 3.38, 0.0, 1.0], [0.2, 25.0, 0.0, 0.0])
(41557711, [1.0, 0.0, 0.0, 0.0, 0.0, 0.0, 0.0, 0.0, 0.0, 0.0], [0.0, 0.19, 0.0, 0.6, 3.37, 3.37, 0.0, 1.0], [0.2, 25.0, 0.0, 0.0])
(41657709, [1.0, 0.0, 0.0, 0.0, 0.0, 0.0, 0.0, 0.0, 0.0, 0.0], [0.0, 0.19, 0.0, 0.6, 3.36, 3.37, 0.0, 1.0], [0.2, 25.0, 0.0, 0.0])
(41760121, [1.0, 0.0, 0.0, 0.0, 0.0, 0.0, 0.0, 0.0, 0.0, 0.0], [0.0, 0.19, 0.0, 0.6, 3.36, 3.36, 0.0, 1.0], [0.2, 25.0, 0.0, 0.0])
(41859319, [1.0, 0.0, 0.0, 0.0, 0.0, 0.0, 0.0, 0.0, 0.0, 0.0], [0.0, 0.19, 0.0, 0.6, 3.34, 3.35, 0.0, 1.0], [0.2, 25.0, 0.0, 0.0])
(41960149, [1.0, 0.0, 0.0, 0.0, 0.0, 0.0, 0.0, 0.0, 0.0, 0.0], [0.0, 0.19, 0.0, 0.59, 3.33, 3.34, 0.0, 1.0], [0.2, 25.0, 0.0, 0.0])
(42059489, [1.0, 0.0, 0.0, 0.0, 0.0, 0.0, 0.0, 0.0, 0.0, 0.0], [0.0, 0.19, 0.0, 0.6, 3.33, 3.33, 0.0, 1.0], [0.2, 25.0, 0.0, 0.0])
(42159427, [1.0, 0.0, 0.0, 0.0, 0.0, 0.0, 0.0, 0.0, 0.0, 0.0], [0.0, 0.18, 0.0, 0.6, 3.32, 3.32, 0.0, 1.0], [0.2, 25.0, 0.0, 0.0])
(42259432, [1.0, 0.0, 0.0, 0.0, 0.0, 0.0, 0.0, 0.0, 0.0, 0.0], [0.0, 0.18, 0.0, 0.61, 3.31, 3.31, 0.0, 1.0], [0.2, 25.0, 0.0, 0.0])
(42359471, [1.0, 0.0, 0.0, 0.0, 0.0, 0.0, 0.0, 0.0, 0.0, 0.0], [0.0, 0.18, 0.0, 0.61, 3.3, 3.3, 0.0, 1.0], [0.2, 25.0, 0.0, 0.0])
(42460232, [1.0, 0.0, 0.0, 0.0, 0.0, 0.0, 0.0, 0.0, 0.0, 0.0], [0.0, 0.18, 0.0, 0.61, 3.28, 3.28, 0.0, 1.0], [0.2, 25.0, 0.0, 0.0])
(42559319, [1.0, 0.0, 0.0, 0.0, 0.0, 0.0, 0.0, 0.0, 0.0, 0.0], [0.0, 0.18, 0.0, 0.6, 3.27, 3.27, 0.0, 1.0], [0.2, 25.0, 0.0, 0.0])
(42659472, [1.0, 0.0, 0.0, 0.0, 0.0, 0.0, 0.0, 0.0, 0.0, 0.0], [0.0, 0.18, 0.0, 0.61, 3.26, 3.26, 0.0, 1.0], [0.2, 25.0, 0.0, 0.0])
(42759311, [1.0, 0.0, 0.0, 0.0, 0.0, 0.0, 0.0, 0.0, 0.0, 0.0], [0.0, 0.18, 0.0, 0.61, 3.25, 3.25, 0.0, 1.0], [0.2, 25.0, 0.0, 0.0])
(42859487, [1.0, 0.0, 0.0, 0.0, 0.0, 0.0, 0.0, 0.0, 0.0, 0.0], [0.0, 0.18, 0.0, 0.61, 3.24, 3.24, 0.0, 1.0], [0.2, 25.0, 0.0, 0.0])
(42959423, [1.0, 0.0, 0.0, 0.0, 0.0, 0.0, 0.0, 0.0, 0.0, 0.0], [0.0, 0.18, 0.0, 0.61, 3.22, 3.22, 0.0, 1.0], [0.2, 25.0, 0.0, 0.0])
(43059791, [1.0, 0.0, 0.0, 0.0, 0.0, 0.0, 0.0, 0.0, 0.0, 0.0], [0.0, 0.18, 0.0, 0.62, 3.21, 3.21, 0.0, 1.0], [0.2, 25.0, 0.0, 0.0])
(43159295, [1.0, 0.0, 0.0, 0.0, 0.0, 0.0, 0.0, 0.0, 0.0, 0.0], [0.0, 0.19, 0.0, 0.62, 3.2, 3.2, 0.0, 1.0], [0.2, 25.0, 0.0, 0.0])
(43259769, [1.0, 0.0, 0.0, 0.0, 0.0, 0.0, 0.0, 0.0, 0.0, 0.0], [0.0, 0.19, 0.0, 0.62, 3.19, 3.19, 0.0, 1.0], [0.2, 25.0, 0.0, 0.0])
(43359416, [1.0, 0.0, 0.0, 0.0, 0.0, 0.0, 0.0, 0.0, 0.0, 0.0], [0.0, 0.19, 0.0, 0.61, 3.17, 3.18, 0.0, 1.0], [0.2, 25.0, 0.0, 0.0])
(43459696, [1.0, 0.0, 0.0, 0.0, 0.0, 0.0, 0.0, 0.0, 0.0, 0.0], [0.0, 0.19, 0.0, 0.61, 3.16, 3.16, 0.0, 1.0], [0.2, 25.0, 0.0, 0.0])
(43559446, [1.0, 0.0, 0.0, 0.0, 0.0, 0.0, 0.0, 0.0, 0.0, 0.0], [0.0, 0.19, 0.0, 0.61, 3.15, 3.15, 0.0, 1.0], [0.2, 25.0, 0.0, 0.0])
(43659414, [1.0, 0.0, 0.0, 0.0, 0.0, 0.0, 0.0, 0.0, 0.0, 0.0], [0.0, 0.19, 0.0, 0.62, 3.14, 3.14, 0.0, 1.0], [0.2, 25.0, 0.0, 0.0])
(43759305, [1.0, 0.0, 0.0, 0.0, 0.0, 0.0, 0.0, 0.0, 0.0, 0.0], [0.0, 0.19, 0.0, 0.62, 3.13, 3.13, 0.0, 1.0], [0.2, 25.0, 0.0, 0.0])
(43859448, [1.0, 0.0, 0.0, 0.0, 0.0, 0.0, 0.0, 0.0, 0.0, 0.0], [0.0, 0.18, 0.0, 0.62, 3.11, 3.12, 0.0, 1.0], [0.2, 25.0, 0.0, 0.0])
(43959525, [1.0, 0.0, 0.0, 0.0, 0.0, 0.0, 0.0, 0.0, 0.0, 0.0], [0.0, 0.2, 0.0, 0.58, 3.09, 3.1, 0.0, 1.0], [0.2, 25.0, 0.0, 0.0])
(44059470, [1.0, 0.0, 0.0, 0.0, 0.0, 0.0, 0.0, 0.0, 0.0, 0.0], [0.0, 0.2, 0.0, 0.59, 3.08, 3.08, 0.0, 1.0], [0.2, 25.0, 0.0, 0.0])
(44159437, [1.0, 0.0, 0.0, 0.0, 0.0, 0.0, 0.0, 0.0, 0.0, 0.0], [0.0, 0.2, 0.0, 0.59, 3.07, 3.08, 0.0, 1.0], [0.2, 25.0, 0.0, 0.0])
(44259316, [1.0, 0.0, 0.0, 0.0, 0.0, 0.0, 0.0, 0.0, 0.0, 0.0], [0.0, 0.2, 0.0, 0.6, 3.06, 3.06, 0.0, 1.0], [0.2, 25.0, 0.0, 0.0])
(44359762, [1.0, 0.0, 0.0, 0.0, 0.0, 0.0, 0.0, 0.0, 0.0, 0.0], [0.0, 0.2, 0.0, 0.59, 3.05, 3.05, 0.0, 1.0], [0.2, 25.0, 0.0, 0.0])
(44459509, [1.0, 0.0, 0.0, 0.0, 0.0, 0.0, 0.0, 0.0, 0.0, 0.0], [0.0, 0.2, 0.0, 0.59, 3.04, 3.04, 0.0, 1.0], [0.2, 25.0, 0.0, 0.0])
(44559303, [1.0, 0.0, 0.0, 0.0, 0.0, 0.0, 0.0, 0.0, 0.0, 0.0], [0.0, 0.2, 0.0, 0.59, 3.03, 3.03, 0.0, 1.0], [0.2, 25.0, 0.0, 0.0])
(44659309, [1.0, 0.0, 0.0, 0.0, 0.0, 0.0, 0.0, 0.0, 0.0, 0.0], [0.0, 0.2, 0.0, 0.6, 3.01, 3.02, 0.0, 1.0], [0.2, 25.0, 0.0, 0.0])
(44759425, [1.0, 0.0, 0.0, 0.0, 0.0, 0.0, 0.0, 0.0, 0.0, 0.0], [0.0, 0.2, 0.0, 0.6, 3.0, 3.0, 0.0, 1.0], [0.2, 25.0, 0.0, 0.0])
(44859545, [1.0, 0.0, 0.0, 0.0, 0.0, 0.0, 0.0, 0.0, 0.0, 0.0], [0.0, 0.21, 0.0, 0.6, 2.99, 2.99, 0.0, 1.0], [0.2, 25.0, 0.0, 0.0])
(44959669, [1.0, 0.0, 0.0, 0.0, 0.0, 0.0, 0.0, 0.0, 0.0, 0.0], [0.0, 0.2, 0.0, 0.6, 2.98, 2.98, 0.0, 1.0], [0.2, 25.0, 0.0, 0.0])
(45059436, [1.0, 0.0, 0.0, 0.0, 0.0, 0.0, 0.0, 0.0, 0.0, 0.0], [0.0, 0.2, 0.0, 0.6, 2.97, 2.97, 0.0, 1.0], [0.2, 25.0, 0.0, 0.0])
(45159301, [1.0, 0.0, 0.0, 0.0, 0.0, 0.0, 0.0, 0.0, 0.0, 0.0], [0.0, 0.2, 0.0, 0.6, 2.96, 2.96, 0.0, 1.0], [0.2, 25.0, 0.0, 0.0])
(45259544, [1.0, 0.0, 0.0, 0.0, 0.0, 0.0, 0.0, 0.0, 0.0, 0.0], [0.0, 0.2, 0.0, 0.6, 2.94, 2.94, 0.0, 1.0], [0.2, 25.0, 0.0, 0.0])
(45359319, [1.0, 0.0, 0.0, 0.0, 0.0, 0.0, 0.0, 0.0, 0.0, 0.0], [0.0, 0.2, 0.0, 0.6, 2.93, 2.93, 0.0, 1.0], [0.2, 25.0, 0.0, 0.0])
(45459497, [1.0, 0.0, 0.0, 0.0, 0.0, 0.0, 0.0, 0.0, 0.0, 0.0], [0.0, 0.2, 0.0, 0.59, 2.91, 2.92, 0.0, 1.0], [0.2, 25.0, 0.0, 0.0])
(45559288, [1.0, 0.0, 0.0, 0.0, 0.0, 0.0, 0.0, 0.0, 0.0, 0.0], [0.0, 0.21, 0.0, 0.59, 2.9, 2.9, 0.0, 1.0], [0.2, 25.0, 0.0, 0.0])
(45659298, [1.0, 0.0, 0.0, 0.0, 0.0, 0.0, 0.0, 0.0, 0.0, 0.0], [0.0, 0.2, 0.0, 0.59, 2.89, 2.89, 0.0, 1.0], [0.2, 25.0, 0.0, 0.0])
(45759576, [1.0, 0.0, 0.0, 0.0, 0.0, 0.0, 0.0, 0.0, 0.0, 0.0], [0.0, 0.21, 0.0, 0.59, 2.87, 2.87, 0.0, 1.0], [0.2, 25.0, 0.0, 0.0])
(45859438, [1.0, 0.0, 0.0, 0.0, 0.0, 0.0, 0.0, 0.0, 0.0, 0.0], [0.0, 0.21, 0.0, 0.59, 2.87, 2.87, 0.0, 1.0], [0.2, 25.0, 0.0, 0.0])
(45959473, [1.0, 0.0, 0.0, 0.0, 0.0, 0.0, 0.0, 0.0, 0.0, 0.0], [0.0, 0.2, 0.0, 0.59, 2.85, 2.85, 0.0, 1.0], [0.2, 25.0, 0.0, 0.0])
(46059457, [1.0, 0.0, 0.0, 0.0, 0.0, 0.0, 0.0, 0.0, 0.0, 0.0], [0.0, 0.2, 0.0, 0.59, 2.84, 2.85, 0.0, 1.0], [0.2, 25.0, 0.0, 0.0])
(46159513, [1.0, 0.0, 0.0, 0.0, 0.0, 0.0, 0.0, 0.0, 0.0, 0.0], [0.0, 0.2, 0.0, 0.58, 2.83, 2.83, 0.0, 1.0], [0.2, 25.0, 0.0, 0.0])
(46259417, [1.0, 0.0, 0.0, 0.0, 0.0, 0.0, 0.0, 0.0, 0.0, 0.0], [0.0, 0.21, 0.0, 0.59, 2.82, 2.82, 0.0, 1.0], [0.2, 25.0, 0.0, 0.0])
(46359425, [1.0, 0.0, 0.0, 0.0, 0.0, 0.0, 0.0, 0.0, 0.0, 0.0], [0.0, 0.2, 0.0, 0.59, 2.8, 2.81, 0.0, 1.0], [0.2, 25.0, 0.0, 0.0])
(46459763, [1.0, 0.0, 0.0, 0.0, 0.0, 0.0, 0.0, 0.0, 0.0, 0.0], [0.0, 0.2, 0.0, 0.58, 2.8, 2.8, 0.0, 1.0], [0.2, 25.0, 0.0, 0.0])
(46559430, [1.0, 0.0, 0.0, 0.0, 0.0, 0.0, 0.0, 0.0, 0.0, 0.0], [0.0, 0.2, 0.0, 0.59, 2.78, 2.79, 0.0, 1.0], [0.2, 25.0, 0.0, 0.0])
(46659317, [1.0, 0.0, 0.0, 0.0, 0.0, 0.0, 0.0, 0.0, 0.0, 0.0], [0.0, 0.2, 0.0, 0.58, 2.77, 2.77, 0.0, 1.0], [0.2, 25.0, 0.0, 0.0])
(46759316, [1.0, 0.0, 0.0, 0.0, 0.0, 0.0, 0.0, 0.0, 0.0, 0.0], [0.0, 0.2, 0.0, 0.59, 2.76, 2.76, 0.0, 1.0], [0.2, 25.0, 0.0, 0.0])
(46859417, [1.0, 0.0, 0.0, 0.0, 0.0, 0.0, 0.0, 0.0, 0.0, 0.0], [0.0, 0.19, 0.0, 0.58, 2.75, 2.75, 0.0, 1.0], [0.2, 25.0, 0.0, 0.0])
(46959462, [1.0, 0.0, 0.0, 0.0, 0.0, 0.0, 0.0, 0.0, 0.0, 0.0], [0.0, 0.2, 0.0, 0.58, 2.74, 2.74, 0.0, 1.0], [0.2, 25.0, 0.0, 0.0])
(47059444, [1.0, 0.0, 0.0, 0.0, 0.0, 0.0, 0.0, 0.0, 0.0, 0.0], [0.0, 0.19, 0.0, 0.59, 2.73, 2.73, 0.0, 1.0], [0.2, 25.0, 0.0, 0.0])
(47159919, [1.0, 0.0, 0.0, 0.0, 0.0, 0.0, 0.0, 0.0, 0.0, 0.0], [0.0, 0.2, 0.0, 0.59, 2.72, 2.72, 0.0, 1.0], [0.2, 25.0, 0.0, 0.0])
(47259293, [1.0, 0.0, 0.0, 0.0, 0.0, 0.0, 0.0, 0.0, 0.0, 0.0], [0.0, 0.19, 0.0, 0.59, 2.71, 2.71, 0.0, 1.0], [0.2, 25.0, 0.0, 0.0])
(47359308, [1.0, 0.0, 0.0, 0.0, 0.0, 0.0, 0.0, 0.0, 0.0, 0.0], [0.0, 0.19, 0.0, 0.59, 2.69, 2.69, 0.0, 1.0], [0.2, 25.0, 0.0, 0.0])
(47459560, [1.0, 0.0, 0.0, 0.0, 0.0, 0.0, 0.0, 0.0, 0.0, 0.0], [0.0, 0.2, 0.0, 0.6, 2.68, 2.68, 0.0, 1.0], [0.2, 25.0, 0.0, 0.0])
(47559416, [1.0, 0.0, 0.0, 0.0, 0.0, 0.0, 0.0, 0.0, 0.0, 0.0], [0.0, 0.19, 0.0, 0.59, 2.67, 2.67, 0.0, 1.0], [0.2, 25.0, 0.0, 0.0])
(47659468, [1.0, 0.0, 0.0, 0.0, 0.0, 0.0, 0.0, 0.0, 0.0, 0.0], [0.0, 0.2, 0.0, 0.59, 2.65, 2.65, 0.0, 1.0], [0.2, 25.0, 0.0, 0.0])
(47759316, [1.0, 0.0, 0.0, 0.0, 0.0, 0.0, 0.0, 0.0, 0.0, 0.0], [0.0, 0.2, 0.0, 0.59, 2.64, 2.64, 0.0, 1.0], [0.2, 25.0, 0.0, 0.0])
(47859455, [1.0, 0.0, 0.0, 0.0, 0.0, 0.0, 0.0, 0.0, 0.0, 0.0], [0.0, 0.2, 0.0, 0.59, 2.63, 2.63, 0.0, 1.0], [0.2, 25.0, 0.0, 0.0])
(47959461, [1.0, 0.0, 0.0, 0.0, 0.0, 0.0, 0.0, 0.0, 0.0, 0.0], [0.0, 0.2, 0.0, 0.59, 2.62, 2.62, 0.0, 1.0], [0.2, 25.0, 0.0, 0.0])
(48059430, [1.0, 0.0, 0.0, 0.0, 0.0, 0.0, 0.0, 0.0, 0.0, 0.0], [0.0, 0.19, 0.0, 0.59, 2.6, 2.6, 0.0, 1.0], [0.2, 25.0, 0.0, 0.0])
(48159494, [1.0, 0.0, 0.0, 0.0, 0.0, 0.0, 0.0, 0.0, 0.0, 0.0], [0.0, 0.2, 0.0, 0.59, 2.59, 2.59, 0.0, 1.0], [0.2, 25.0, 0.0, 0.0])
(48259279, [1.0, 0.0, 0.0, 0.0, 0.0, 0.0, 0.0, 0.0, 0.0, 0.0], [0.0, 0.19, 0.0, 0.59, 2.58, 2.58, 0.0, 1.0], [0.2, 25.0, 0.0, 0.0])
(48359287, [1.0, 0.0, 0.0, 0.0, 0.0, 0.0, 0.0, 0.0, 0.0, 0.0], [0.0, 0.2, 0.0, 0.59, 2.57, 2.57, 0.0, 1.0], [0.2, 25.0, 0.0, 0.0])
(48459983, [1.0, 0.0, 0.0, 0.0, 0.0, 0.0, 0.0, 0.0, 0.0, 0.0], [0.0, 0.19, 0.0, 0.59, 2.56, 2.56, 0.0, 1.0], [0.2, 25.0, 0.0, 0.0])
(48559454, [1.0, 0.0, 0.0, 0.0, 0.0, 0.0, 0.0, 0.0, 0.0, 0.0], [0.0, 0.19, 0.0, 0.59, 2.55, 2.55, 0.0, 1.0], [0.2, 25.0, 0.0, 0.0])
(48659524, [1.0, 0.0, 0.0, 0.0, 0.0, 0.0, 0.0, 0.0, 0.0, 0.0], [0.0, 0.2, 0.0, 0.59, 2.54, 2.54, 0.0, 1.0], [0.2, 25.0, 0.0, 0.0])
(48759430, [1.0, 0.0, 0.0, 0.0, 0.0, 0.0, 0.0, 0.0, 0.0, 0.0], [0.0, 0.19, 0.0, 0.59, 2.52, 2.52, 0.0, 1.0], [0.2, 25.0, 0.0, 0.0])
(48859320, [1.0, 0.0, 0.0, 0.0, 0.0, 0.0, 0.0, 0.0, 0.0, 0.0], [0.0, 0.19, 0.0, 0.59, 2.51, 2.51, 0.0, 1.0], [0.2, 25.0, 0.0, 0.0])
(48959445, [1.0, 0.0, 0.0, 0.0, 0.0, 0.0, 0.0, 0.0, 0.0, 0.0], [0.0, 0.19, 0.0, 0.59, 2.5, 2.5, 0.0, 1.0], [0.2, 25.0, 0.0, 0.0])
(49059507, [1.0, 0.0, 0.0, 0.0, 0.0, 0.0, 0.0, 0.0, 0.0, 0.0], [0.0, 0.19, 0.0, 0.59, 2.49, 2.49, 0.0, 1.0], [0.2, 25.0, 0.0, 0.0])
(49159400, [1.0, 0.0, 0.0, 0.0, 0.0, 0.0, 0.0, 0.0, 0.0, 0.0], [0.0, 0.19, 0.0, 0.59, 2.47, 2.47, 0.0, 1.0], [0.2, 25.0, 0.0, 0.0])
(49259396, [1.0, 0.0, 0.0, 0.0, 0.0, 0.0, 0.0, 0.0, 0.0, 0.0], [0.0, 0.19, 0.0, 0.59, 2.46, 2.46, 0.0, 1.0], [0.2, 25.0, 0.0, 0.0])
(49359445, [1.0, 0.0, 0.0, 0.0, 0.0, 0.0, 0.0, 0.0, 0.0, 0.0], [0.0, 0.19, 0.0, 0.59, 2.45, 2.45, 0.0, 1.0], [0.2, 25.0, 0.0, 0.0])
(49459530, [1.0, 0.0, 0.0, 0.0, 0.0, 0.0, 0.0, 0.0, 0.0, 0.0], [0.0, 0.18, 0.0, 0.59, 2.44, 2.44, 0.0, 1.0], [0.2, 25.0, 0.0, 0.0])
(49559430, [1.0, 0.0, 0.0, 0.0, 0.0, 0.0, 0.0, 0.0, 0.0, 0.0], [0.0, 0.18, 0.0, 0.58, 2.43, 2.43, 0.0, 1.0], [0.2, 25.0, 0.0, 0.0])
(49659315, [1.0, 0.0, 0.0, 0.0, 0.0, 0.0, 0.0, 0.0, 0.0, 0.0], [0.0, 0.18, 0.0, 0.59, 2.41, 2.42, 0.0, 1.0], [0.2, 25.0, 0.0, 0.0])
(49759675, [1.0, 0.0, 0.0, 0.0, 0.0, 0.0, 0.0, 0.0, 0.0, 0.0], [0.0, 0.18, 0.0, 0.58, 2.4, 2.4, 0.0, 1.0], [0.2, 25.0, 0.0, 0.0])
(49859312, [1.0, 0.0, 0.0, 0.0, 0.0, 0.0, 0.0, 0.0, 0.0, 0.0], [0.0, 0.19, 0.0, 0.58, 2.39, 2.39, 0.0, 1.0], [0.2, 25.0, 0.0, 0.0])
(49959476, [1.0, 0.0, 0.0, 0.0, 0.0, 0.0, 0.0, 0.0, 0.0, 0.0], [0.0, 0.18, 0.0, 0.59, 2.38, 2.38, 0.0, 1.0], [0.2, 25.0, 0.0, 0.0])
(50059820, [1.0, 0.0, 0.0, 0.0, 0.0, 0.0, 0.0, 0.0, 0.0, 0.0], [0.0, 0.19, 0.0, 0.58, 2.37, 2.37, 0.0, 1.0], [0.2, 25.0, 0.0, 0.0])
(50159303, [1.0, 0.0, 0.0, 0.0, 0.0, 0.0, 0.0, 0.0, 0.0, 0.0], [0.0, 0.19, 0.0, 0.58, 2.36, 2.36, 0.0, 1.0], [0.2, 25.0, 0.0, 0.0])
(50259447, [1.0, 0.0, 0.0, 0.0, 0.0, 0.0, 0.0, 0.0, 0.0, 0.0], [0.0, 0.19, 0.0, 0.58, 2.34, 2.34, 0.0, 1.0], [0.2, 25.0, 0.0, 0.0])
(50359982, [1.0, 0.0, 0.0, 0.0, 0.0, 0.0, 0.0, 0.0, 0.0, 0.0], [0.0, 0.19, 0.0, 0.57, 2.33, 2.33, 0.0, 1.0], [0.2, 25.0, 0.0, 0.0])
(50459530, [1.0, 0.0, 0.0, 0.0, 0.0, 0.0, 0.0, 0.0, 0.0, 0.0], [0.0, 0.19, 0.0, 0.57, 2.32, 2.32, 0.0, 1.0], [0.2, 25.0, 0.0, 0.0])
(50559667, [1.0, 0.0, 0.0, 0.0, 0.0, 0.0, 0.0, 0.0, 0.0, 0.0], [0.0, 0.2, 0.0, 0.57, 2.3, 2.31, 0.0, 1.0], [0.2, 25.0, 0.0, 0.0])
(50659465, [1.0, 0.0, 0.0, 0.0, 0.0, 0.0, 0.0, 0.0, 0.0, 0.0], [0.0, 0.19, 0.0, 0.58, 2.3, 2.3, 0.0, 1.0], [0.2, 25.0, 0.0, 0.0])
(50759433, [1.0, 0.0, 0.0, 0.0, 0.0, 0.0, 0.0, 0.0, 0.0, 0.0], [0.0, 0.19, 0.0, 0.57, 2.28, 2.29, 0.0, 1.0], [0.2, 25.0, 0.0, 0.0])
(50859440, [1.0, 0.0, 0.0, 0.0, 0.0, 0.0, 0.0, 0.0, 0.0, 0.0], [0.0, 0.2, 0.0, 0.57, 2.28, 2.28, 0.0, 1.0], [0.2, 25.0, 0.0, 0.0])
(50959460, [1.0, 0.0, 0.0, 0.0, 0.0, 0.0, 0.0, 0.0, 0.0, 0.0], [0.0, 0.19, 0.0, 0.58, 2.27, 2.27, 0.0, 1.0], [0.2, 25.0, 0.0, 0.0])
(51059300, [1.0, 0.0, 0.0, 0.0, 0.0, 0.0, 0.0, 0.0, 0.0, 0.0], [0.0, 0.2, 0.0, 0.57, 2.25, 2.25, 0.0, 1.0], [0.2, 25.0, 0.0, 0.0])
(51159861, [1.0, 0.0, 0.0, 0.0, 0.0, 0.0, 0.0, 0.0, 0.0, 0.0], [0.0, 0.19, 0.0, 0.58, 2.24, 2.25, 0.0, 1.0], [0.2, 25.0, 0.0, 0.0])
(51260009, [1.0, 0.0, 0.0, 0.0, 0.0, 0.0, 0.0, 0.0, 0.0, 0.0], [0.0, 0.19, 0.0, 0.57, 2.23, 2.23, 0.0, 1.0], [0.2, 25.0, 0.0, 0.0])
(51359316, [1.0, 0.0, 0.0, 0.0, 0.0, 0.0, 0.0, 0.0, 0.0, 0.0], [0.0, 0.19, 0.0, 0.58, 2.22, 2.22, 0.0, 1.0], [0.2, 25.0, 0.0, 0.0])
(51459726, [1.0, 0.0, 0.0, 0.0, 0.0, 0.0, 0.0, 0.0, 0.0, 0.0], [0.0, 0.18, 0.0, 0.58, 2.21, 2.21, 0.0, 1.0], [0.2, 25.0, 0.0, 0.0])
(51559412, [1.0, 0.0, 0.0, 0.0, 0.0, 0.0, 0.0, 0.0, 0.0, 0.0], [0.0, 0.2, 0.0, 0.57, 2.2, 2.2, 0.0, 1.0], [0.2, 25.0, 0.0, 0.0])
(51659281, [1.0, 0.0, 0.0, 0.0, 0.0, 0.0, 0.0, 0.0, 0.0, 0.0], [0.0, 0.19, 0.0, 0.57, 2.18, 2.19, 0.0, 1.0], [0.2, 25.0, 0.0, 0.0])
(51759488, [1.0, 0.0, 0.0, 0.0, 0.0, 0.0, 0.0, 0.0, 0.0, 0.0], [0.0, 0.19, 0.0, 0.56, 2.17, 2.17, 0.0, 1.0], [0.2, 25.0, 0.0, 0.0])
(51859306, [1.0, 0.0, 0.0, 0.0, 0.0, 0.0, 0.0, 0.0, 0.0, 0.0], [0.0, 0.19, 0.0, 0.57, 2.16, 2.17, 0.0, 1.0], [0.2, 25.0, 0.0, 0.0])
(51959483, [1.0, 0.0, 0.0, 0.0, 0.0, 0.0, 0.0, 0.0, 0.0, 0.0], [0.0, 0.18, 0.0, 0.57, 2.15, 2.16, 0.0, 1.0], [0.2, 25.0, 0.0, 0.0])
(52059427, [1.0, 0.0, 0.0, 0.0, 0.0, 0.0, 0.0, 0.0, 0.0, 0.0], [0.0, 0.18, 0.0, 0.57, 2.14, 2.14, 0.0, 1.0], [0.2, 25.0, 0.0, 0.0])
(52159317, [1.0, 0.0, 0.0, 0.0, 0.0, 0.0, 0.0, 0.0, 0.0, 0.0], [0.0, 0.17, 0.0, 0.57, 2.13, 2.13, 0.0, 1.0], [0.2, 25.0, 0.0, 0.0])
(52259434, [1.0, 0.0, 0.0, 0.0, 0.0, 0.0, 0.0, 0.0, 0.0, 0.0], [0.0, 0.18, 0.0, 0.57, 2.11, 2.12, 0.0, 1.0], [0.2, 25.0, 0.0, 0.0])
(52359563, [1.0, 0.0, 0.0, 0.0, 0.0, 0.0, 0.0, 0.0, 0.0, 0.0], [0.0, 0.18, 0.0, 0.57, 2.11, 2.11, 0.0, 1.0], [0.2, 25.0, 0.0, 0.0])
(52459526, [1.0, 0.0, 0.0, 0.0, 0.0, 0.0, 0.0, 0.0, 0.0, 0.0], [0.0, 0.17, 0.0, 0.57, 2.09, 2.1, 0.0, 1.0], [0.2, 25.0, 0.0, 0.0])
(52559319, [1.0, 0.0, 0.0, 0.0, 0.0, 0.0, 0.0, 0.0, 0.0, 0.0], [0.0, 0.17, 0.0, 0.57, 2.08, 2.08, 0.0, 1.0], [0.2, 25.0, 0.0, 0.0])
(52659444, [1.0, 0.0, 0.0, 0.0, 0.0, 0.0, 0.0, 0.0, 0.0, 0.0], [0.0, 0.18, 0.0, 0.57, 2.07, 2.07, 0.0, 1.0], [0.2, 25.0, 0.0, 0.0])
(52759475, [1.0, 0.0, 0.0, 0.0, 0.0, 0.0, 0.0, 0.0, 0.0, 0.0], [0.0, 0.17, 0.0, 0.57, 2.06, 2.06, 0.0, 1.0], [0.2, 25.0, 0.0, 0.0])
(52859302, [1.0, 0.0, 0.0, 0.0, 0.0, 0.0, 0.0, 0.0, 0.0, 0.0], [0.0, 0.18, 0.0, 0.57, 2.05, 2.05, 0.0, 1.0], [0.2, 25.0, 0.0, 0.0])
(52959526, [1.0, 0.0, 0.0, 0.0, 0.0, 0.0, 0.0, 0.0, 0.0, 0.0], [0.0, 0.17, 0.0, 0.57, 2.04, 2.04, 0.0, 1.0], [0.2, 25.0, 0.0, 0.0])
(53059307, [1.0, 0.0, 0.0, 0.0, 0.0, 0.0, 0.0, 0.0, 0.0, 0.0], [0.0, 0.18, 0.0, 0.57, 2.03, 2.03, 0.0, 1.0], [0.2, 25.0, 0.0, 0.0])
(53159448, [1.0, 0.0, 0.0, 0.0, 0.0, 0.0, 0.0, 0.0, 0.0, 0.0], [0.0, 0.17, 0.0, 0.57, 2.02, 2.02, 0.0, 1.0], [0.2, 25.0, 0.0, 0.0])
(53259493, [1.0, 0.0, 0.0, 0.0, 0.0, 0.0, 0.0, 0.0, 0.0, 0.0], [0.0, 0.18, 0.0, 0.56, 2.0, 2.0, 0.0, 1.0], [0.2, 25.0, 0.0, 0.0])
(53359313, [1.0, 0.0, 0.0, 0.0, 0.0, 0.0, 0.0, 0.0, 0.0, 0.0], [0.0, 0.18, 0.0, 0.56, 1.99, 1.99, 0.0, 1.0], [0.2, 25.0, 0.0, 0.0])
(53459520, [1.0, 0.0, 0.0, 0.0, 0.0, 0.0, 0.0, 0.0, 0.0, 0.0], [0.0, 0.18, 0.0, 0.56, 1.98, 1.98, 0.0, 1.0], [0.2, 25.0, 0.0, 0.0])
(53559432, [1.0, 0.0, 0.0, 0.0, 0.0, 0.0, 0.0, 0.0, 0.0, 0.0], [0.0, 0.18, 0.0, 0.55, 1.96, 1.96, 0.0, 1.0], [0.2, 25.0, 0.0, 0.0])
(53659887, [1.0, 0.0, 0.0, 0.0, 0.0, 0.0, 0.0, 0.0, 0.0, 0.0], [0.0, 0.18, 0.0, 0.55, 1.95, 1.95, 0.0, 1.0], [0.2, 25.0, 0.0, 0.0])
(53759425, [1.0, 0.0, 0.0, 0.0, 0.0, 0.0, 0.0, 0.0, 0.0, 0.0], [0.0, 0.17, 0.0, 0.55, 1.94, 1.94, 0.0, 1.0], [0.2, 25.0, 0.0, 0.0])
(53859302, [1.0, 0.0, 0.0, 0.0, 0.0, 0.0, 0.0, 0.0, 0.0, 0.0], [0.0, 0.18, 0.0, 0.55, 1.92, 1.93, 0.0, 1.0], [0.2, 25.0, 0.0, 0.0])
(53959949, [1.0, 0.0, 0.0, 0.0, 0.0, 0.0, 0.0, 0.0, 0.0, 0.0], [0.0, 0.17, 0.0, 0.55, 1.91, 1.92, 0.0, 1.0], [0.2, 25.0, 0.0, 0.0])
(54059505, [1.0, 0.0, 0.0, 0.0, 0.0, 0.0, 0.0, 0.0, 0.0, 0.0], [0.0, 0.18, 0.0, 0.55, 1.9, 1.9, 0.0, 1.0], [0.2, 25.0, 0.0, 0.0])
(64959483, [1.0, 0.0, 0.0, 0.0, 0.0, 0.0, 0.0, 0.0, 0.0, 0.0], [0.0, 0.15, 0.0, 0.63, 0.71, 0.71, 0.0, 1.0], [0.2, 25.0, 0.0, 0.0])
(65059435, [1.0, 0.0, 0.0, 0.0, 0.0, 0.0, 0.0, 0.0, 0.0, 0.0], [0.0, 0.15, 0.0, 0.63, 0.7, 0.7, 0.0, 1.0], [0.2, 25.0, 0.0, 0.0])
(65160132, [1.0, 0.0, 0.0, 0.0, 0.0, 0.0, 0.0, 0.0, 0.0, 0.0], [0.0, 0.15, 0.0, 0.63, 0.69, 0.69, 0.0, 1.0], [0.2, 25.0, 0.0, 0.0])
(65259303, [1.0, 0.0, 0.0, 0.0, 0.0, 0.0, 0.0, 0.0, 0.0, 0.0], [0.0, 0.16, 0.0, 0.63, 0.67, 0.68, 0.0, 1.0], [0.2, 25.0, 0.0, 0.0])
(65359273, [1.0, 0.0, 0.0, 0.0, 0.0, 0.0, 0.0, 0.0, 0.0, 0.0], [0.0, 0.15, 0.0, 0.63, 0.67, 0.67, 0.0, 1.0], [0.2, 25.0, 0.0, 0.0])
(65459499, [1.0, 0.0, 0.0, 0.0, 0.0, 0.0, 0.0, 0.0, 0.0, 0.0], [0.0, 0.16, 0.0, 0.63, 0.66, 0.66, 0.0, 1.0], [0.2, 25.0, 0.0, 0.0])
(65559451, [1.0, 0.0, 0.0, 0.0, 0.0, 0.0, 0.0, 0.0, 0.0, 0.0], [0.0, 0.16, 0.0, 0.63, 0.65, 0.65, 0.0, 1.0], [0.2, 25.0, 0.0, 0.0])
(65659295, [1.0, 0.0, 0.0, 0.0, 0.0, 0.0, 0.0, 0.0, 0.0, 0.0], [0.0, 0.16, 0.0, 0.63, 0.64, 0.64, 0.0, 1.0], [0.2, 25.0, 0.0, 0.0])
(65759425, [1.0, 0.0, 0.0, 0.0, 0.0, 0.0, 0.0, 0.0, 0.0, 0.0], [0.0, 0.16, 0.0, 0.63, 0.63, 0.63, 0.0, 1.0], [0.2, 25.0, 0.0, 0.0])
(65859317, [1.0, 0.0, 0.0, 0.0, 0.0, 0.0, 0.0, 0.0, 0.0, 0.0], [0.0, 0.15, 0.0, 0.63, 0.62, 0.62, 0.0, 1.0], [0.2, 25.0, 0.0, 0.0])
(65959442, [1.0, 0.0, 0.0, 0.0, 0.0, 0.0, 0.0, 0.0, 0.0, 0.0], [0.0, 0.15, 0.0, 0.64, 0.61, 0.61, 0.0, 1.0], [0.2, 25.0, 0.0, 0.0])
(66059288, [1.0, 0.0, 0.0, 0.0, 0.0, 0.0, 0.0, 0.0, 0.0, 0.0], [0.0, 0.15, 0.0, 0.63, 0.6, 0.6, 0.0, 1.0], [0.2, 25.0, 0.0, 0.0])
(66159561, [1.0, 0.0, 0.0, 0.0, 0.0, 0.0, 0.0, 0.0, 0.0, 0.0], [0.0, 0.15, 0.0, 0.63, 0.58, 0.58, 0.0, 1.0], [0.2, 25.0, 0.0, 0.0])
(66259431, [1.0, 0.0, 0.0, 0.0, 0.0, 0.0, 0.0, 0.0, 0.0, 0.0], [0.0, 0.15, 0.0, 0.63, 0.57, 0.57, 0.0, 1.0], [0.2, 25.0, 0.0, 0.0])
(66359427, [1.0, 0.0, 0.0, 0.0, 0.0, 0.0, 0.0, 0.0, 0.0, 0.0], [0.0, 0.15, 0.0, 0.63, 0.56, 0.56, 0.0, 1.0], [0.2, 25.0, 0.0, 0.0])
(66460028, [1.0, 0.0, 0.0, 0.0, 0.0, 0.0, 0.0, 0.0, 0.0, 0.0], [0.0, 0.15, 0.0, 0.63, 0.55, 0.55, 0.0, 1.0], [0.2, 25.0, 0.0, 0.0])
(66559855, [1.0, 0.0, 0.0, 0.0, 0.0, 0.0, 0.0, 0.0, 0.0, 0.0], [0.0, 0.15, 0.0, 0.63, 0.54, 0.54, 0.0, 1.0], [0.2, 25.0, 0.0, 0.0])
(66660396, [1.0, 0.0, 0.0, 0.0, 0.0, 0.0, 0.0, 0.0, 0.0, 0.0], [0.0, 0.14, 0.0, 0.64, 0.52, 0.52, 0.0, 1.0], [0.2, 25.0, 0.0, 0.0])
(66759836, [1.0, 0.0, 0.0, 0.0, 0.0, 0.0, 0.0, 0.0, 0.0, 0.0], [0.0, 0.14, 0.0, 0.63, 0.51, 0.51, 0.0, 1.0], [0.2, 25.0, 0.0, 0.0])
(66859960, [1.0, 0.0, 0.0, 0.0, 0.0, 0.0, 0.0, 0.0, 0.0, 0.0], [0.0, 0.15, 0.0, 0.63, 0.51, 0.51, 0.0, 1.0], [0.2, 25.0, 0.0, 0.0])
(66959837, [1.0, 0.0, 0.0, 0.0, 0.0, 0.0, 0.0, 0.0, 0.0, 0.0], [0.0, 0.12, 0.0, 0.72, 0.36, 0.36, 0.0, 1.0], [0.2, 25.0, 0.0, 0.0])
(67060028, [1.0, 0.0, 0.0, 0.0, 0.0, 0.0, 0.0, 0.0, 0.0, 0.0], [0.0, 0.08, 0.0, 0.73, 359.98, 359.99, 0.0, 1.0], [0.2, 25.0, 0.0, 0.0])
(67159844, [1.0, 0.0, 0.0, 0.0, 0.0, 0.0, 0.0, 0.0, 0.0, 0.0], [0.0, 0.09, 0.0, 0.71, 359.86, 359.87, 0.0, 1.0], [0.2, 25.0, 0.0, 0.0])
(67259900, [1.0, 0.0, 0.0, 0.0, 0.0, 0.0, 0.0, 0.0, 0.0, 0.0], [0.0, 0.1, 0.0, 0.69, 359.76, 359.77, 0.01, 1.0], [0.2, 25.0, 0.0, 0.0])
(67359958, [1.0, 0.0, 0.0, 0.0, 0.0, 0.0, 0.0, 0.0, 0.0, 0.0], [0.0, 0.11, 0.0, 0.66, 359.72, 359.73, 0.01, 1.0], [0.2, 25.0, 0.0, 0.0])
(67460027, [1.0, 0.0, 0.0, 0.0, 0.0, 0.0, 0.0, 0.0, 0.0, 0.0], [0.0, 0.12, 0.0, 0.65, 359.73, 359.74, 0.01, 1.0], [0.2, 25.0, 0.0, 0.0])
(67559779, [1.0, 0.0, 0.0, 0.0, 0.0, 0.0, 0.0, 0.0, 0.0, 0.0], [0.0, 0.11, 0.0, 0.65, 359.71, 359.72, 0.01, 1.0], [0.2, 25.0, 0.0, 0.0])
(67659806, [1.0, 0.0, 0.0, 0.0, 0.0, 0.0, 0.0, 0.0, 0.0, 0.0], [0.0, 0.13, 0.0, 0.67, 359.68, 359.7, 0.01, 1.0], [0.2, 25.0, 0.0, 0.0])
(67759839, [1.0, 0.0, 0.0, 0.0, 0.0, 0.0, 0.0, 0.0, 0.0, 0.0], [0.0, 0.14, 0.0, 0.65, 359.63, 359.64, 0.0, 1.0], [0.2, 25.0, 0.0, 0.0])
(67859827, [1.0, 0.0, 0.0, 0.0, 0.0, 0.0, 0.0, 0.0, 0.0, 0.0], [0.0, 0.14, 0.0, 0.65, 359.61, 359.62, 0.0, 1.0], [0.2, 25.0, 0.0, 0.0])
(67959864, [1.0, 0.0, 0.0, 0.0, 0.0, 0.0, 0.0, 0.0, 0.0, 0.0], [0.0, 0.14, 0.0, 0.65, 359.58, 359.59, 0.0, 1.0], [0.2, 25.0, 0.0, 0.0])
(68059816, [1.0, 0.0, 0.0, 0.0, 0.0, 0.0, 0.0, 0.0, 0.0, 0.0], [0.0, 0.14, 0.0, 0.65, 359.55, 359.56, 0.0, 1.0], [0.2, 25.0, 0.0, 0.0])
(68159933, [1.0, 0.0, 0.0, 0.0, 0.0, 0.0, 0.0, 0.0, 0.0, 0.0], [0.0, 0.14, 0.0, 0.65, 359.52, 359.53, 0.0, 1.0], [0.2, 25.0, 0.0, 0.0])
(68259930, [1.0, 0.0, 0.0, 0.0, 0.0, 0.0, 0.0, 0.0, 0.0, 0.0], [0.0, 0.14, 0.0, 0.65, 359.5, 359.51, 0.0, 1.0], [0.2, 25.0, 0.0, 0.0])
(68360279, [1.0, 0.0, 0.0, 0.0, 0.0, 0.0, 0.0, 0.0, 0.0, 0.0], [0.0, 0.13, 0.0, 0.66, 359.48, 359.49, 0.0, 1.0], [0.2, 25.0, 0.0, 0.0])
(68460385, [1.0, 0.0, 0.0, 0.0, 0.0, 0.0, 0.0, 0.0, 0.0, 0.0], [0.0, 0.13, 0.0, 0.66, 359.46, 359.47, 0.0, 1.0], [0.2, 25.0, 0.0, 0.0])
(68559906, [1.0, 0.0, 0.0, 0.0, 0.0, 0.0, 0.0, 0.0, 0.0, 0.0], [0.0, 0.12, 0.0, 0.66, 359.45, 359.46, 0.0, 1.0], [0.2, 25.0, 0.0, 0.0])
(68659859, [1.0, 0.0, 0.0, 0.0, 0.0, 0.0, 0.0, 0.0, 0.0, 0.0], [0.0, 0.12, 0.0, 0.66, 359.43, 359.44, 0.0, 1.0], [0.2, 25.0, 0.0, 0.0])
(68759892, [1.0, 0.0, 0.0, 0.0, 0.0, 0.0, 0.0, 0.0, 0.0, 0.0], [0.0, 0.13, 0.0, 0.66, 359.41, 359.42, 0.0, 1.0], [0.2, 25.0, 0.0, 0.0])
(68859868, [1.0, 0.0, 0.0, 0.0, 0.0, 0.0, 0.0, 0.0, 0.0, 0.0], [0.0, 0.13, 0.0, 0.65, 359.39, 359.4, 0.0, 1.0], [0.2, 25.0, 0.0, 0.0])
(68959909, [1.0, 0.0, 0.0, 0.0, 0.0, 0.0, 0.0, 0.0, 0.0, 0.0], [0.0, 0.13, 0.0, 0.64, 359.37, 359.38, 0.0, 1.0], [0.2, 25.0, 0.0, 0.0])
(69059871, [1.0, 0.0, 0.0, 0.0, 0.0, 0.0, 0.0, 0.0, 0.0, 0.0], [0.0, 0.13, 0.0, 0.65, 359.35, 359.36, 0.0, 1.0], [0.2, 25.0, 0.0, 0.0])
(69159888, [1.0, 0.0, 0.0, 0.0, 0.0, 0.0, 0.0, 0.0, 0.0, 0.0], [0.0, 0.13, 0.0, 0.64, 359.33, 359.34, 0.0, 1.0], [0.2, 25.0, 0.0, 0.0])
(69259833, [1.0, 0.0, 0.0, 0.0, 0.0, 0.0, 0.0, 0.0, 0.0, 0.0], [0.0, 0.13, 0.0, 0.64, 359.31, 359.32, 0.0, 1.0], [0.2, 25.0, 0.0, 0.0])
(69359929, [1.0, 0.0, 0.0, 0.0, 0.0, 0.0, 0.0, 0.0, 0.0, 0.0], [0.0, 0.13, 0.0, 0.65, 359.3, 359.31, 0.0, 1.0], [0.2, 25.0, 0.0, 0.0])
(69459784, [1.0, 0.0, 0.0, 0.0, 0.0, 0.0, 0.0, 0.0, 0.0, 0.0], [0.0, 0.13, 0.0, 0.65, 359.28, 359.29, 0.0, 1.0], [0.2, 25.0, 0.0, 0.0])
(69559561, [1.0, 0.0, 0.0, 0.0, 0.0, 0.0, 0.0, 0.0, 0.0, 0.0], [0.0, 0.14, 0.0, 0.65, 359.26, 359.27, 0.0, 1.0], [0.2, 25.0, 0.0, 0.0])
(69659857, [1.0, 0.0, 0.0, 0.0, 0.0, 0.0, 0.0, 0.0, 0.0, 0.0], [0.0, 0.14, 0.0, 0.65, 359.24, 359.26, 0.0, 1.0], [0.2, 25.0, 0.0, 0.0])
(69759926, [1.0, 0.0, 0.0, 0.0, 0.0, 0.0, 0.0, 0.0, 0.0, 0.0], [0.0, 0.13, 0.0, 0.65, 359.23, 359.24, 0.0, 1.0], [0.2, 25.0, 0.0, 0.0])
(69859899, [1.0, 0.0, 0.0, 0.0, 0.0, 0.0, 0.0, 0.0, 0.0, 0.0], [0.0, 0.13, 0.0, 0.65, 359.21, 359.22, 0.0, 1.0], [0.2, 25.0, 0.0, 0.0])
(69959888, [1.0, 0.0, 0.0, 0.0, 0.0, 0.0, 0.0, 0.0, 0.0, 0.0], [0.0, 0.12, 0.0, 0.66, 359.2, 359.21, 0.0, 1.0], [0.2, 25.0, 0.0, 0.0])
(70059905, [1.0, 0.0, 0.0, 0.0, 0.0, 0.0, 0.0, 0.0, 0.0, 0.0], [0.0, 0.12, 0.0, 0.65, 359.18, 359.19, 0.0, 1.0], [0.2, 25.0, 0.0, 0.0])
(70159844, [1.0, 0.0, 0.0, 0.0, 0.0, 0.0, 0.0, 0.0, 0.0, 0.0], [0.0, 0.12, 0.0, 0.65, 359.17, 359.18, 0.0, 1.0], [0.2, 25.0, 0.0, 0.0])
(70259571, [1.0, 0.0, 0.0, 0.0, 0.0, 0.0, 0.0, 0.0, 0.0, 0.0], [0.0, 0.12, 0.0, 0.65, 359.15, 359.16, 0.0, 1.0], [0.2, 25.0, 0.0, 0.0])
(70359549, [1.0, 0.0, 0.0, 0.0, 0.0, 0.0, 0.0, 0.0, 0.0, 0.0], [0.0, 0.12, 0.0, 0.64, 359.13, 359.15, 0.0, 1.0], [0.2, 25.0, 0.0, 0.0])
(70459898, [1.0, 0.0, 0.0, 0.0, 0.0, 0.0, 0.0, 0.0, 0.0, 0.0], [0.0, 0.13, 0.0, 0.65, 359.12, 359.13, 0.0, 1.0], [0.2, 25.0, 0.0, 0.0])
(182767285, [1.0, 0.0, 0.0, 0.0, 0.0, 0.0, 0.0, 0.0, 0.0, 0.0], [0.0, 0.11, 0.0, 0.68, 341.45, 341.46, 0.0, 1.0], [0.2, 25.0, 0.0, 0.0])
(182867427, [1.0, 0.0, 0.0, 0.0, 0.0, 0.0, 0.0, 0.0, 0.0, 0.0], [0.0, 0.12, 0.0, 0.68, 341.46, 341.47, 0.0, 1.0], [0.2, 25.0, 0.0, 0.0])
(182967507, [1.0, 0.0, 0.0, 0.0, 0.0, 0.0, 0.0, 0.0, 0.0, 0.0], [0.0, 0.12, 0.0, 0.68, 341.55, 341.57, 0.0, 1.0], [0.2, 25.0, 0.0, 0.0])
(183067596, [1.0, 0.0, 0.0, 0.0, 0.0, 0.0, 0.0, 0.0, 0.0, 0.0], [0.0, 0.11, 0.0, 0.7, 341.9, 341.91, 0.0, 1.0], [0.2, 25.0, 0.0, 0.0])
(183167475, [1.0, 0.0, 0.0, 0.0, 0.0, 0.0, 0.0, 0.0, 0.0, 0.0], [0.0, 0.11, 0.0, 0.7, 341.86, 341.87, 0.0, 1.0], [0.2, 25.0, 0.0, 0.0])
(183267464, [1.0, 0.0, 0.0, 0.0, 0.0, 0.0, 0.0, 0.0, 0.0, 0.0], [0.0, 0.11, 0.0, 0.7, 341.84, 341.85, 0.0, 1.0], [0.2, 25.0, 0.0, 0.0])
(183367474, [1.0, 0.0, 0.0, 0.0, 0.0, 0.0, 0.0, 0.0, 0.0, 0.0], [0.0, 0.11, 0.0, 0.7, 341.82, 341.83, 0.0, 1.0], [0.2, 25.0, 0.0, 0.0])
(183467513, [1.0, 0.0, 0.0, 0.0, 0.0, 0.0, 0.0, 0.0, 0.0, 0.0], [0.0, 0.11, 0.0, 0.71, 341.76, 341.77, 0.0, 1.0], [0.2, 25.0, 0.0, 0.0])
(183567311, [1.0, 0.0, 0.0, 0.0, 0.0, 0.0, 0.0, 0.0, 0.0, 0.0], [0.0, 0.11, 0.0, 0.7, 341.66, 341.67, 0.0, 1.0], [0.2, 25.0, 0.0, 0.0])
(183667295, [1.0, 0.0, 0.0, 0.0, 0.0, 0.0, 0.0, 0.0, 0.0, 0.0], [0.0, 0.11, 0.0, 0.69, 341.65, 341.66, 0.0, 1.0], [0.2, 25.0, 0.0, 0.0])
(183767468, [1.0, 0.0, 0.0, 0.0, 0.0, 0.0, 0.0, 0.0, 0.0, 0.0], [0.0, 0.11, 0.0, 0.69, 341.64, 341.65, 0.0, 1.0], [0.2, 25.0, 0.0, 0.0])
(183867458, [1.0, 0.0, 0.0, 0.0, 0.0, 0.0, 0.0, 0.0, 0.0, 0.0], [0.0, 0.11, 0.0, 0.69, 341.63, 341.64, 0.0, 1.0], [0.2, 25.0, 0.0, 0.0])
(183967459, [1.0, 0.0, 0.0, 0.0, 0.0, 0.0, 0.0, 0.0, 0.0, 0.0], [0.0, 0.11, 0.0, 0.69, 341.62, 341.63, 0.0, 1.0], [0.2, 25.0, 0.0, 0.0])
(184067271, [1.0, 0.0, 0.0, 0.0, 0.0, 0.0, 0.0, 0.0, 0.0, 0.0], [0.0, 0.1, 0.0, 0.7, 341.6, 341.61, 0.0, 1.0], [0.2, 25.0, 0.0, 0.0])
(184167263, [1.0, 0.0, 0.0, 0.0, 0.0, 0.0, 0.0, 0.0, 0.0, 0.0], [0.0, 0.1, 0.0, 0.73, 341.52, 341.53, 0.0, 1.0], [0.2, 25.0, 0.0, 0.0])
(184268171, [1.0, 0.0, 0.0, 0.0, 0.0, 0.0, 0.0, 0.0, 0.0, 0.0], [0.0, 0.1, 0.0, 0.71, 341.34, 341.34, 0.0, 1.0], [0.2, 25.0, 0.0, 0.0])
(184368740, [1.0, 0.0, 0.0, 0.0, 0.0, 0.0, 0.0, 0.0, 0.0, 0.0], [0.0, 0.1, 0.0, 0.7, 341.23, 341.24, 0.0, 1.0], [0.2, 25.0, 0.0, 0.0])
(184469646, [1.0, 0.0, 0.0, 0.0, 0.0, 0.0, 0.0, 0.0, 0.0, 0.0], [0.0, 0.1, 0.0, 0.7, 341.24, 341.25, 0.0, 1.0], [0.2, 25.0, 0.0, 0.0])
(184568813, [1.0, 0.0, 0.0, 0.0, 0.0, 0.0, 0.0, 0.0, 0.0, 0.0], [0.0, 0.09, 0.0, 0.72, 341.21, 341.22, 0.0, 1.0], [0.2, 25.0, 0.0, 0.0])
(184668690, [1.0, 0.0, 0.0, 0.0, 0.0, 0.0, 0.0, 0.0, 0.0, 0.0], [0.0, 0.1, 0.0, 0.71, 341.19, 341.2, 0.0, 1.0], [0.2, 25.0, 0.0, 0.0])
(184768780, [1.0, 0.0, 0.0, 0.0, 0.0, 0.0, 0.0, 0.0, 0.0, 0.0], [0.0, 0.1, 0.0, 0.69, 341.2, 341.22, 0.0, 1.0], [0.2, 25.0, 0.0, 0.0])
(184868747, [1.0, 0.0, 0.0, 0.0, 0.0, 0.0, 0.0, 0.0, 0.0, 0.0], [0.0, 0.1, 0.0, 0.69, 341.22, 341.23, 0.0, 1.0], [0.2, 25.0, 0.0, 0.0])
(184968760, [1.0, 0.0, 0.0, 0.0, 0.0, 0.0, 0.0, 0.0, 0.0, 0.0], [0.0, 0.09, 0.0, 0.7, 341.34, 341.35, 0.0, 1.0], [0.2, 25.0, 0.0, 0.0])
(185068690, [1.0, 0.0, 0.0, 0.0, 0.0, 0.0, 0.0, 0.0, 0.0, 0.0], [0.0, 0.07, 0.0, 0.73, 341.46, 341.47, 0.0, 1.0], [0.2, 25.0, 0.0, 0.0])
(185168684, [1.0, 0.0, 0.0, 0.0, 0.0, 0.0, 0.0, 0.0, 0.0, 0.0], [0.0, 0.07, 0.0, 0.73, 341.5, 341.51, 0.0, 1.0], [0.2, 25.0, 0.0, 0.0])
(185268683, [1.0, 0.0, 0.0, 0.0, 0.0, 0.0, 0.0, 0.0, 0.0, 0.0], [0.0, 0.06, 0.0, 0.74, 341.52, 341.53, 0.0, 1.0], [0.2, 25.0, 0.0, 0.0])
(185368600, [1.0, 0.0, 0.0, 0.0, 0.0, 0.0, 0.0, 0.0, 0.0, 0.0], [0.0, 0.05, 0.0, 0.75, 341.47, 341.48, 0.0, 1.0], [0.2, 25.0, 0.0, 0.0])
(185468676, [1.0, 0.0, 0.0, 0.0, 0.0, 0.0, 0.0, 0.0, 0.0, 0.0], [0.0, 0.05, 0.0, 0.69, 341.52, 341.53, 0.0, 1.0], [0.2, 25.0, 0.0, 0.0])
(185568604, [1.0, 0.0, 0.0, 0.0, 0.0, 0.0, 0.0, 0.0, 0.0, 0.0], [0.0, 0.07, 0.0, 0.7, 341.74, 341.75, 0.0, 1.0], [0.2, 25.0, 0.0, 0.0])
(185668615, [1.0, 0.0, 0.0, 0.0, 0.0, 0.0, 0.0, 0.0, 0.0, 0.0], [0.0, 0.08, 0.0, 0.69, 342.02, 342.03, 0.0, 1.0], [0.2, 25.0, 0.0, 0.0])
(185768681, [1.0, 0.0, 0.0, 0.0, 0.0, 0.0, 0.0, 0.0, 0.0, 0.0], [0.0, 0.07, 0.0, 0.7, 342.03, 342.04, 0.0, 1.0], [0.2, 25.0, 0.0, 0.0])
(185868804, [1.0, 0.0, 0.0, 0.0, 0.0, 0.0, 0.0, 0.0, 0.0, 0.0], [0.0, 0.08, 0.0, 0.7, 341.96, 341.97, 0.0, 1.0], [0.2, 25.0, 0.0, 0.0])
(185968633, [1.0, 0.0, 0.0, 0.0, 0.0, 0.0, 0.0, 0.0, 0.0, 0.0], [0.0, 0.08, 0.0, 0.69, 341.93, 341.94, 0.0, 1.0], [0.2, 25.0, 0.0, 0.0])
(186068704, [1.0, 0.0, 0.0, 0.0, 0.0, 0.0, 0.0, 0.0, 0.0, 0.0], [0.0, 0.08, 0.0, 0.69, 341.9, 341.91, 0.0, 1.0], [0.2, 25.0, 0.0, 0.0])
(186169542, [1.0, 0.0, 0.0, 0.0, 0.0, 0.0, 0.0, 0.0, 0.0, 0.0], [0.0, 0.08, 0.0, 0.68, 341.87, 341.88, 0.0, 1.0], [0.2, 25.0, 0.0, 0.0])
(186269486, [1.0, 0.0, 0.0, 0.0, 0.0, 0.0, 0.0, 0.0, 0.0, 0.0], [0.0, 0.08, 0.0, 0.67, 341.85, 341.86, 0.0, 1.0], [0.2, 25.0, 0.0, 0.0])
(186369374, [1.0, 0.0, 0.0, 0.0, 0.0, 0.0, 0.0, 0.0, 0.0, 0.0], [0.0, 0.08, 0.0, 0.67, 341.84, 341.85, 0.0, 1.0], [0.2, 25.0, 0.0, 0.0])
(186469444, [1.0, 0.0, 0.0, 0.0, 0.0, 0.0, 0.0, 0.0, 0.0, 0.0], [0.0, 0.09, 0.0, 0.67, 341.83, 341.84, 0.0, 1.0], [0.2, 25.0, 0.0, 0.0])
(186569374, [1.0, 0.0, 0.0, 0.0, 0.0, 0.0, 0.0, 0.0, 0.0, 0.0], [0.0, 0.08, 0.0, 0.67, 341.8, 341.81, 0.0, 1.0], [0.2, 25.0, 0.0, 0.0])
(186669340, [1.0, 0.0, 0.0, 0.0, 0.0, 0.0, 0.0, 0.0, 0.0, 0.0], [0.0, 0.07, 0.0, 0.67, 341.77, 341.78, 0.0, 1.0], [0.2, 25.0, 0.0, 0.0])
(186769368, [1.0, 0.0, 0.0, 0.0, 0.0, 0.0, 0.0, 0.0, 0.0, 0.0], [0.0, 0.07, 0.0, 0.67, 341.75, 341.76, 0.0, 1.0], [0.2, 25.0, 0.0, 0.0])
(186869677, [1.0, 0.0, 0.0, 0.0, 0.0, 0.0, 0.0, 0.0, 0.0, 0.0], [0.0, 0.07, 0.0, 0.67, 341.73, 341.74, 0.0, 1.0], [0.2, 25.0, 0.0, 0.0])
(186969373, [1.0, 0.0, 0.0, 0.0, 0.0, 0.0, 0.0, 0.0, 0.0, 0.0], [0.0, 0.06, 0.0, 0.68, 341.7, 341.71, 0.0, 1.0], [0.2, 25.0, 0.0, 0.0])
(187069351, [1.0, 0.0, 0.0, 0.0, 0.0, 0.0, 0.0, 0.0, 0.0, 0.0], [0.0, 0.06, 0.0, 0.67, 341.67, 341.68, 0.0, 1.0], [0.2, 25.0, 0.0, 0.0])
(187169374, [1.0, 0.0, 0.0, 0.0, 0.0, 0.0, 0.0, 0.0, 0.0, 0.0], [0.0, 0.07, 0.0, 0.67, 341.66, 341.67, 0.0, 1.0], [0.2, 25.0, 0.0, 0.0])
(187269815, [1.0, 0.0, 0.0, 0.0, 0.0, 0.0, 0.0, 0.0, 0.0, 0.0], [0.0, 0.08, 0.0, 0.67, 341.65, 341.66, 0.0, 1.0], [0.2, 25.0, 0.0, 0.0])
(187369554, [1.0, 0.0, 0.0, 0.0, 0.0, 0.0, 0.0, 0.0, 0.0, 0.0], [0.0, 0.08, 0.0, 0.67, 341.64, 341.65, 0.0, 1.0], [0.2, 25.0, 0.0, 0.0])
(187469554, [1.0, 0.0, 0.0, 0.0, 0.0, 0.0, 0.0, 0.0, 0.0, 0.0], [0.0, 0.08, 0.0, 0.67, 341.63, 341.64, 0.0, 1.0], [0.2, 25.0, 0.0, 0.0])
(187569483, [1.0, 0.0, 0.0, 0.0, 0.0, 0.0, 0.0, 0.0, 0.0, 0.0], [0.0, 0.08, 0.0, 0.68, 341.61, 341.62, 0.0, 1.0], [0.2, 25.0, 0.0, 0.0])
(187669535, [1.0, 0.0, 0.0, 0.0, 0.0, 0.0, 0.0, 0.0, 0.0, 0.0], [0.0, 0.09, 0.0, 0.68, 341.59, 341.61, 0.0, 1.0], [0.2, 25.0, 0.0, 0.0])
(187769363, [1.0, 0.0, 0.0, 0.0, 0.0, 0.0, 0.0, 0.0, 0.0, 0.0], [0.0, 0.09, 0.0, 0.7, 341.56, 341.58, 0.0, 1.0], [0.2, 25.0, 0.0, 0.0])
(187869354, [1.0, 0.0, 0.0, 0.0, 0.0, 0.0, 0.0, 0.0, 0.0, 0.0], [0.0, 0.09, 0.0, 0.7, 341.55, 341.54, 0.0, 1.0], [0.2, 25.0, 0.0, 0.0])
(187969346, [1.0, 0.0, 0.0, 0.0, 0.0, 0.0, 0.0, 0.0, 0.0, 0.0], [0.0, 0.08, 0.0, 0.7, 341.55, 341.53, 0.0, 1.0], [0.2, 25.0, 0.0, 0.0])
(188069355, [1.0, 0.0, 0.0, 0.0, 0.0, 0.0, 0.0, 0.0, 0.0, 0.0], [-1.24, 0.08, -1.25, 0.69, 341.23, 341.52, 0.0, 1.0], [0.2, 25.0, 0.0, 0.0])
(188169418, [1.0, 0.0, 0.0, 0.0, 0.0, 0.0, 0.0, 0.0, 0.0, 0.0], [-4.16, 0.08, -4.19, 0.68, 338.56, 341.51, 0.0, 1.0], [0.2, 25.0, 0.0, 0.0])
(188269478, [1.0, 0.0, 0.0, 0.0, 0.0, 0.0, 0.0, 0.0, 0.0, 0.0], [-4.84, 0.08, -4.88, 0.67, 333.6, 341.5, 0.0, 1.0], [0.2, 25.0, 0.0, 0.0])
(188369372, [1.0, 0.0, 0.0, 0.0, 0.0, 0.0, 0.0, 0.0, 0.0, 0.0], [-2.39, 0.08, -1.93, 0.67, 330.32, 341.49, 0.0, 1.0], [0.2, 25.0, 0.0, 0.0])
(188469600, [1.0, 0.0, 0.0, 0.0, 0.0, 0.0, 0.0, 0.0, 0.0, 0.0], [-1.18, 0.08, -0.44, 0.68, 329.64, 341.48, 0.0, 1.0], [0.2, 25.0, 0.0, 0.0])
(188569541, [1.0, 0.0, 0.0, 0.0, 0.0, 0.0, 0.0, 0.0, 0.0, 0.0], [-0.58, 0.08, 0.28, 0.67, 329.64, 341.46, 0.0, 1.0], [0.2, 25.0, 0.0, 0.0])
(188669387, [1.0, 0.0, 0.0, 0.0, 0.0, 0.0, 0.0, 0.0, 0.0, 0.0], [-0.28, 0.08, 0.64, 0.67, 329.64, 341.45, 0.0, 1.0], [0.2, 25.0, 0.0, 0.0])
(188769614, [1.0, 0.0, 0.0, 0.0, 0.0, 0.0, 0.0, 0.0, 0.0, 0.0], [-0.14, 0.07, 0.82, 0.67, 329.64, 341.44, 0.0, 1.0], [0.2, 25.0, 0.0, 0.0])
(188869528, [1.0, 0.0, 0.0, 0.0, 0.0, 0.0, 0.0, 0.0, 0.0, 0.0], [-0.07, 0.07, 0.91, 0.67, 329.64, 341.43, 0.0, 1.0], [0.2, 25.0, 0.0, 0.0])
(188969506, [1.0, 0.0, 0.0, 0.0, 0.0, 0.0, 0.0, 0.0, 0.0, 0.0], [-0.03, 0.07, 0.95, 0.67, 329.64, 341.41, 0.0, 1.0], [0.2, 25.0, 0.0, 0.0])
(189069536, [1.0, 0.0, 0.0, 0.0, 0.0, 0.0, 0.0, 0.0, 0.0, 0.0], [-0.01, 0.08, 0.97, 0.67, 329.64, 341.4, 0.0, 1.0], [0.2, 25.0, 0.0, 0.0])
(189169488, [1.0, 0.0, 0.0, 0.0, 0.0, 0.0, 0.0, 0.0, 0.0, 0.0], [-0.01, 0.08, 0.98, 0.67, 329.64, 341.39, 0.0, 1.0], [0.2, 25.0, 0.0, 0.0])
(189269521, [1.0, 0.0, 0.0, 0.0, 0.0, 0.0, 0.0, 0.0, 0.0, 0.0], [-3.1, 0.08, -2.48, 0.67, 328.19, 341.38, 0.0, 1.0], [0.2, 25.0, 0.0, 0.0])
(189369455, [1.0, 0.0, 0.0, 0.0, 0.0, 0.0, 0.0, 0.0, 0.0, 0.0], [-5.08, 0.08, -4.8, 0.68, 324.03, 341.36, 0.0, 1.0], [0.2, 25.0, 0.0, 0.0])
(189469411, [1.0, 0.0, 0.0, 0.0, 0.0, 0.0, 0.0, 0.0, 0.0, 0.0], [-6.06, 0.08, -5.95, 0.68, 317.17, 341.35, 0.0, 1.0], [0.2, 25.0, 0.0, 0.0])
(189569763, [1.0, 0.0, 0.0, 0.0, 0.0, 0.0, 0.0, 0.0, 0.0, 0.0], [-7.14, 0.09, -5.84, 0.67, 314.8, 341.33, 0.0, 1.0], [0.2, 25.0, 0.0, 0.0])
(189669365, [1.0, 0.0, 0.0, 0.0, 0.0, 0.0, 0.0, 0.0, 0.0, 0.0], [-7.94, 0.09, -5.27, 0.67, 314.72, 341.32, 0.0, 1.0], [0.2, 25.0, 0.0, 0.0])
(189769535, [1.0, 0.0, 0.0, 0.0, 0.0, 0.0, 0.0, 0.0, 0.0, 0.0], [-8.41, 0.09, -4.61, 0.67, 314.61, 341.3, 0.0, 1.0], [0.2, 25.0, 0.0, 0.0])
(189869561, [1.0, 0.0, 0.0, 0.0, 0.0, 0.0, 0.0, 0.0, 0.0, 0.0], [-8.65, 0.09, -3.92, 0.67, 314.48, 341.28, 0.0, 1.0], [0.2, 25.0, 0.0, 0.0])
(189969471, [1.0, 0.0, 0.0, 0.0, 0.0, 0.0, 0.0, 0.0, 0.0, 0.0], [-8.74, 0.08, -3.24, 0.67, 314.35, 341.27, 0.0, 1.0], [0.2, 25.0, 0.0, 0.0])
(190069348, [1.0, 0.0, 0.0, 0.0, 0.0, 0.0, 0.0, 0.0, 0.0, 0.0], [-8.72, 0.09, -2.6, 0.67, 314.19, 341.23, 0.0, 1.0], [0.2, 25.0, 0.0, 0.0])
(190170503, [1.0, 0.0, 0.0, 0.0, 0.0, 0.0, 0.0, 0.0, 0.0, 0.0], [-8.6, 0.09, -2.0, 0.67, 314.03, 341.19, 0.0, 1.0], [0.2, 25.0, 0.0, 0.0])
(190270506, [1.0, 0.0, 0.0, 0.0, 0.0, 0.0, 0.0, 0.0, 0.0, 0.0], [-8.42, 0.09, -1.46, 0.67, 313.88, 341.16, 0.0, 1.0], [0.2, 25.0, 0.0, 0.0])
(190370516, [1.0, 0.0, 0.0, 0.0, 0.0, 0.0, 0.0, 0.0, 0.0, 0.0], [-8.18, 0.09, -0.98, 0.68, 313.76, 341.14, 0.0, 1.0], [0.2, 25.0, 0.0, 0.0])
(190470566, [1.0, 0.0, 0.0, 0.0, 0.0, 0.0, 0.0, 0.0, 0.0, 0.0], [-7.92, 0.09, -0.57, 0.68, 313.64, 341.12, 0.0, 1.0], [0.2, 25.0, 0.0, 0.0])
(190570500, [1.0, 0.0, 0.0, 0.0, 0.0, 0.0, 0.0, 0.0, 0.0, 0.0], [-7.63, 0.1, -0.21, 0.69, 313.53, 341.12, 0.0, 1.0], [0.2, 25.0, 0.0, 0.0])
(190670362, [1.0, 0.0, 0.0, 0.0, 0.0, 0.0, 0.0, 0.0, 0.0, 0.0], [-7.35, 0.09, 0.07, 0.69, 313.43, 341.1, 0.0, 1.0], [0.2, 25.0, 0.0, 0.0])
(190770392, [1.0, 0.0, 0.0, 0.0, 0.0, 0.0, 0.0, 0.0, 0.0, 0.0], [-7.06, 0.1, 0.32, 0.69, 313.34, 341.09, 0.0, 1.0], [0.2, 25.0, 0.0, 0.0])
(190870344, [1.0, 0.0, 0.0, 0.0, 0.0, 0.0, 0.0, 0.0, 0.0, 0.0], [-6.78, 0.1, 0.53, 0.69, 313.24, 341.08, 0.0, 1.0], [0.2, 25.0, 0.0, 0.0])
(190970458, [1.0, 0.0, 0.0, 0.0, 0.0, 0.0, 0.0, 0.0, 0.0, 0.0], [-6.52, 0.1, 0.71, 0.7, 313.15, 341.07, 0.0, 1.0], [0.2, 25.0, 0.0, 0.0])
