(10546919, [2.0, 0.47, 0.0, 0.25, 0.0, 3.6, 0.0, 3.6, 0.0, 0.0], [0.0, 0.06, 0.0, 0.67, 0.92, 0.93, 0.0, 1.0], [0.2, 25.0, 0.0, 0.0])
(10649349, [2.0, 0.47, 0.0, 0.25, 0.0, 3.6, 0.0, 3.6, 0.0, 0.0], [0.0, 0.05, 0.0, 0.66, 0.89, 0.88, 0.0, 1.0], [0.2, 25.0, 0.0, 0.0])
(10748907, [2.0, 0.47, 0.0, 0.25, 0.0, 3.6, 0.0, 3.6, 0.0, 0.0], [0.0, 0.05, 0.0, 0.65, 0.88, 0.88, 0.0, 1.0], [0.2, 25.0, 0.0, 0.0])
(10849248, [2.0, 0.47, 0.0, 0.24, 0.0, 3.6, 0.0, 3.6, 0.0, 0.0], [0.0, 0.05, 0.0, 0.65, 0.88, 0.88, 0.0, 1.0], [0.2, 25.0, 0.0, 0.0])
(10949088, [2.0, 0.48, 0.0, 0.25, 0.0, 3.6, 0.0, 3.6, 0.0, 0.0], [0.0, 0.05, 0.0, 0.65, 0.87, 0.87, 0.0, 1.0], [0.2, 25.0, 0.0, 0.0])
(11049260, [2.0, 0.48, 0.0, 0.24, 0.0, 3.6, 0.0, 3.6, 0.0, 0.0], [0.0, 0.05, 0.0, 0.66, 0.87, 0.87, 0.0, 1.0], [0.2, 25.0, 0.0, 0.0])
(11149398, [2.0, 0.48, 0.0, 0.24, 0.0, 3.6, 0.0, 3.6, 0.0, 0.0], [0.0, 0.05, 0.0, 0.65, 0.87, 0.87, 0.0, 1.0], [0.2, 25.0, 0.0, 0.0])
(11249212, [2.0, 0.48, 0.0, 0.25, 0.0, 3.6, 0.0, 3.6, 0.0, 0.0], [0.0, 0.06, 0.0, 0.66, 0.86, 0.86, 0.0, 1.0], [0.2, 25.0, 0.0, 0.0])
(11349692, [2.0, 0.47, 0.0, 0.25, 0.0, 3.6, 0.0, 3.6, 0.0, 0.0], [0.0, 0.06, 0.0, 0.66, 0.85, 0.85, 0.0, 1.0], [0.2, 25.0, 0.0, 0.0])
(11449323, [2.0, 0.47, 0.0, 0.25, 0.0, 3.6, 0.0, 3.6, 0.0, 0.0], [0.0, 0.07, 0.0, 0.67, 0.84, 0.84, 0.0, 1.0], [0.2, 25.0, 0.0, 0.0])
(11549783, [2.0, 0.42, 0.0, 0.25, 0.0, 3.6, 0.0, 3.6, 0.0, 0.0], [0.0, 0.07, 0.0, 0.66, 0.85, 0.85, 0.0, 1.0], [0.2, 25.0, 0.0, 0.0])
(11649269, [2.0, 0.43, 0.0, 0.25, 0.0, 3.6, 0.0, 3.6, 0.0, 0.0], [0.0, 0.07, 0.0, 0.65, 0.86, 0.86, 0.0, 1.0], [0.2, 25.0, 0.0, 0.0])
(11749526, [2.0, 0.43, 0.0, 0.25, 0.0, 3.6, 0.0, 3.6, 0.0, 0.0], [0.0, 0.07, 0.0, 0.65, 0.86, 0.86, 0.0, 1.0], [0.2, 25.0, 0.0, 0.0])
(11849239, [2.0, 0.42, 0.0, 0.25, 0.0, 3.6, 0.0, 3.6, 0.0, 0.0], [0.0, 0.07, 0.0, 0.65, 0.86, 0.86, 0.0, 1.0], [0.2, 25.0, 0.0, 0.0])
(11949380, [2.0, 0.4, 0.0, 0.25, 0.0, 3.6, 0.0, 3.6, 0.0, 0.0], [0.0, 0.07, 0.0, 0.65, 0.86, 0.86, 0.0, 1.0], [0.2, 25.0, 0.0, 0.0])
(12048964, [2.0, 0.39, 0.0, 0.25, 0.0, 3.6, 0.0, 3.6, 0.0, 0.0], [0.0, 0.06, 0.0, 0.65, 0.86, 0.86, 0.0, 1.0], [0.2, 25.0, 0.0, 0.0])
(12149168, [2.0, 0.36, 0.0, 0.25, 0.0, 3.6, 0.0, 3.6, 0.0, 0.0], [0.0, 0.06, 0.0, 0.62, 0.89, 0.89, 0.0, 1.0], [0.2, 25.0, 0.0, 0.0])
(12249002, [2.0, 0.35, 0.0, 0.25, 0.0, 3.6, 0.0, 3.6, 0.0, 0.0], [0.0, 0.06, 0.0, 0.63, 0.88, 0.88, 0.0, 1.0], [0.2, 25.0, 0.0, 0.0])
(12349919, [2.0, 0.34, 0.0, 0.25, 0.0, 3.6, 0.0, 3.6, 0.0, 0.0], [0.0, 0.06, 0.0, 0.64, 0.87, 0.87, 0.0, 1.0], [0.2, 25.0, 0.0, 0.0])
(12449336, [2.0, 0.36, 0.0, 0.25, 0.0, 3.6, 0.0, 3.6, 0.0, 0.0], [0.0, 0.06, 0.0, 0.65, 0.85, 0.86, 0.0, 1.0], [0.2, 25.0, 0.0, 0.0])
(12549370, [2.0, 0.41, 0.0, 0.25, 0.0, 3.6, 0.0, 3.6, 0.0, 0.0], [0.0, 0.06, 0.0, 0.65, 0.84, 0.84, 0.0, 1.0], [0.2, 25.0, 0.0, 0.0])
(12649336, [2.0, 0.41, 0.0, 0.25, 0.0, 3.6, 0.0, 3.6, 0.0, 0.0], [0.0, 0.06, 0.0, 0.66, 0.84, 0.84, 0.0, 1.0], [0.2, 25.0, 0.0, 0.0])
(12749374, [2.0, 0.39, 0.0, 0.25, 0.0, 3.6, 0.0, 3.6, 0.0, 0.0], [0.0, 0.06, 0.0, 0.66, 0.84, 0.84, 0.0, 1.0], [0.2, 25.0, 0.0, 0.0])
(12849380, [2.0, 0.38, 0.0, 0.25, 0.0, 3.6, 0.0, 3.6, 0.0, 0.0], [0.0, 0.06, 0.0, 0.65, 0.84, 0.84, 0.0, 1.0], [0.2, 25.0, 0.0, 0.0])
(12949872, [2.0, 0.36, 0.0, 0.25, 0.0, 3.6, 0.0, 3.6, 0.0, 0.0], [0.0, 0.06, 0.0, 0.63, 0.85, 0.85, 0.0, 1.0], [0.2, 25.0, 0.0, 0.0])
(13049423, [2.0, 0.36, 0.0, 0.25, 0.0, 3.6, 0.0, 3.6, 0.0, 0.0], [0.0, 0.07, 0.0, 0.63, 0.84, 0.84, 0.0, 1.0], [0.2, 25.0, 0.0, 0.0])
(13149846, [2.0, 0.36, 0.0, 0.25, 0.0, 3.6, 0.0, 3.6, 0.0, 0.0], [0.0, 0.04, 0.0, 0.65, 0.82, 0.82, 0.0, 1.0], [0.2, 25.0, 0.0, 0.0])
(13249703, [2.0, 0.35, 0.0, 0.25, 0.0, 3.6, 0.0, 3.6, 0.0, 0.0], [0.0, 0.03, 0.0, 0.65, 0.82, 0.82, 0.0, 1.0], [0.2, 25.0, 0.0, 0.0])
(13349195, [2.0, 0.35, 0.0, 0.25, 0.0, 3.6, 0.0, 3.6, 0.0, 0.0], [0.0, 0.03, 0.0, 0.65, 0.83, 0.83, 0.0, 1.0], [0.2, 25.0, 0.0, 0.0])
(13449613, [2.0, 0.35, 0.0, 0.25, 0.0, 3.6, 0.0, 3.6, 0.0, 0.0], [0.0, 0.03, 0.0, 0.65, 0.82, 0.83, 0.0, 1.0], [0.2, 25.0, 0.0, 0.0])
(13549136, [2.0, 0.36, 0.0, 0.25, 0.0, 3.6, 0.0, 3.6, 0.0, 0.0], [0.0, 0.03, 0.0, 0.65, 0.82, 0.82, 0.0, 1.0], [0.2, 25.0, 0.0, 0.0])
(13649128, [2.0, 0.36, 0.0, 0.25, 0.0, 3.6, 0.0, 3.6, 0.0, 0.0], [0.0, 0.03, 0.0, 0.65, 0.82, 0.82, 0.0, 1.0], [0.2, 25.0, 0.0, 0.0])
(13749279, [2.0, 0.36, 0.0, 0.25, 0.0, 3.6, 0.0, 3.6, 0.0, 0.0], [0.0, 0.04, 0.0, 0.65, 0.81, 0.81, 0.0, 1.0], [0.2, 25.0, 0.0, 0.0])
(13849151, [2.0, 0.36, 0.0, 0.25, 0.0, 3.6, 0.0, 3.6, 0.0, 0.0], [0.0, 0.04, 0.0, 0.65, 0.82, 0.82, 0.0, 1.0], [0.2, 25.0, 0.0, 0.0])
(13949162, [2.0, 0.36, 0.0, 0.25, 0.0, 3.6, 0.0, 3.6, 0.0, 0.0], [0.0, 0.04, 0.0, 0.65, 0.82, 0.82, 0.0, 1.0], [0.2, 25.0, 0.0, 0.0])
(14049091, [2.0, 0.37, 0.0, 0.25, 0.0, 3.6, 0.0, 3.6, 0.0, 0.0], [0.0, 0.04, 0.0, 0.65, 0.82, 0.82, 0.0, 1.0], [0.2, 25.0, 0.0, 0.0])
(14149385, [2.0, 0.37, 0.0, 0.25, 0.0, 3.6, 0.0, 3.6, 0.0, 0.0], [0.0, 0.04, 0.0, 0.65, 0.82, 0.82, 0.0, 1.0], [0.2, 25.0, 0.0, 0.0])
(14249419, [2.0, 0.38, 0.0, 0.25, 0.0, 3.6, 0.0, 3.6, 0.0, 0.0], [0.0, 0.04, 0.0, 0.66, 0.82, 0.82, 0.0, 1.0], [0.2, 25.0, 0.0, 0.0])
(14349394, [2.0, 0.38, 0.0, 0.25, 0.0, 3.6, 0.0, 3.6, 0.0, 0.0], [0.0, 0.04, 0.0, 0.66, 0.81, 0.82, 0.0, 1.0], [0.2, 25.0, 0.0, 0.0])
(14449413, [2.0, 0.4, 0.0, 0.25, 0.0, 3.6, 0.0, 3.6, 0.0, 0.0], [0.0, 0.04, 0.0, 0.66, 0.82, 0.82, 0.0, 1.0], [0.2, 25.0, 0.0, 0.0])
(14549164, [2.0, 0.42, 0.0, 0.25, 0.0, 3.6, 0.0, 3.6, 0.0, 0.0], [0.0, 0.05, 0.0, 0.64, 0.82, 0.82, 0.0, 1.0], [0.2, 25.0, 0.0, 0.0])
(14649199, [2.0, 0.44, 0.0, 0.25, 0.0, 3.6, 0.0, 3.6, 0.0, 0.0], [0.0, 0.05, 0.0, 0.64, 0.82, 0.82, 0.0, 1.0], [0.2, 25.0, 0.0, 0.0])
(14749422, [2.0, 0.43, 0.0, 0.25, 0.0, 3.6, 0.0, 3.6, 0.0, 0.0], [0.0, 0.06, 0.0, 0.64, 0.82, 0.82, 0.0, 1.0], [0.2, 25.0, 0.0, 0.0])
(14849219, [2.0, 0.44, 0.0, 0.25, 0.0, 3.6, 0.0, 3.6, 0.0, 0.0], [0.0, 0.06, 0.0, 0.64, 0.82, 0.82, 0.0, 1.0], [0.2, 25.0, 0.0, 0.0])
(14949198, [2.0, 0.43, 0.0, 0.25, 0.0, 3.6, 0.0, 3.6, 0.0, 0.0], [0.0, 0.06, 0.0, 0.64, 0.82, 0.82, 0.0, 1.0], [0.2, 25.0, 0.0, 0.0])
(15049712, [2.0, 0.44, 0.0, 0.25, 0.0, 3.6, 0.0, 3.6, 0.0, 0.0], [0.0, 0.06, 0.0, 0.63, 0.81, 0.81, 0.0, 1.0], [0.2, 25.0, 0.0, 0.0])
(15149318, [2.0, 0.43, 0.0, 0.25, 0.0, 3.6, 0.0, 3.6, 0.0, 0.0], [0.0, 0.06, 0.0, 0.64, 0.82, 0.82, 0.0, 1.0], [0.2, 25.0, 0.0, 0.0])
(15249205, [2.0, 0.42, 0.0, 0.25, 0.0, 3.6, 0.0, 3.6, 0.0, 0.0], [0.0, 0.06, 0.0, 0.65, 0.81, 0.81, 0.0, 1.0], [0.2, 25.0, 0.0, 0.0])
(15349107, [2.0, 0.42, 0.0, 0.25, 0.0, 3.6, 0.0, 3.6, 0.0, 0.0], [0.0, 0.06, 0.0, 0.64, 0.81, 0.81, 0.0, 1.0], [0.2, 25.0, 0.0, 0.0])
(15449215, [2.0, 0.43, 0.0, 0.25, 0.0, 3.6, 0.0, 3.6, 0.0, 0.0], [0.0, 0.07, 0.0, 0.64, 0.81, 0.81, 0.0, 1.0], [0.2, 25.0, 0.0, 0.0])
(15549424, [2.0, 0.43, 0.0, 0.25, 0.0, 3.6, 0.0, 3.6, 0.0, 0.0], [0.0, 0.06, 0.0, 0.64, 0.82, 0.82, 0.0, 1.0], [0.2, 25.0, 0.0, 0.0])
(15649338, [2.0, 0.43, 0.0, 0.25, 0.0, 3.6, 0.0, 3.6, 0.0, 0.0], [0.0, 0.07, 0.0, 0.65, 0.82, 0.82, 0.0, 1.0], [0.2, 25.0, 0.0, 0.0])
(15749476, [2.0, 0.45, 0.0, 0.25, 0.0, 3.6, 0.0, 3.6, 0.0, 0.0], [0.0, 0.06, 0.0, 0.64, 0.82, 0.82, 0.0, 1.0], [0.2, 25.0, 0.0, 0.0])
(15849432, [2.0, 0.47, 0.0, 0.25, 0.0, 3.6, 0.0, 3.6, 0.0, 0.0], [0.0, 0.06, 0.0, 0.65, 0.82, 0.82, 0.0, 1.0], [0.2, 25.0, 0.0, 0.0])
(15949310, [2.0, 0.49, 0.0, 0.25, 0.0, 3.6, 0.0, 3.6, 0.0, 0.0], [0.0, 0.06, 0.0, 0.65, 0.82, 0.82, 0.0, 1.0], [0.2, 25.0, 0.0, 0.0])
(16049224, [2.0, 0.5, 0.0, 0.25, 0.0, 3.6, 0.0, 3.6, 0.0, 0.0], [-0.1, 0.06, 0.09, 0.65, 0.82, 0.82, 0.0, 1.0], [0.2, 25.0, 0.0, 0.0])
(16149200, [2.0, 0.51, 0.0, 0.25, 0.0, 3.6, 0.0, 3.6, 0.0, 0.0], [-4.21, 0.06, 0.87, 0.65, 0.82, 0.83, 0.0, 1.0], [0.2, 25.0, 0.0, 0.0])
(16249474, [2.0, 0.51, 0.0, 0.25, 0.0, 3.6, 0.0, 3.6, 0.0, 0.0], [-6.74, 0.07, 1.25, 0.64, 0.82, 0.83, 0.0, 1.0], [0.2, 25.0, 0.0, 0.0])
(16349882, [2.0, 0.52, 0.0, 0.25, 0.0, 3.6, 0.0, 3.6, 0.0, 0.0], [-8.0, 0.06, 1.41, 0.64, 0.82, 0.83, 0.0, 1.0], [0.2, 25.0, 0.0, 0.0])
(16449421, [2.0, 0.52, 0.0, 0.25, 0.0, 3.6, 0.0, 3.6, 0.0, 0.0], [-8.62, 0.06, 1.49, 0.64, 0.82, 0.83, 0.0, 1.0], [0.2, 25.0, 0.0, 0.0])
(16549386, [2.0, 0.52, 0.0, 0.25, 0.0, 2.5, 0.0, 3.6, 0.0, 0.0], [-8.92, 0.06, 1.53, 0.64, 0.82, 0.82, 0.0, 1.0], [0.2, 25.0, 0.0, 0.0])
(16649343, [2.0, 0.51, 0.0, 0.25, 0.0, 2.5, 0.0, 3.6, 0.0, 0.0], [-9.07, 0.06, 1.55, 0.67, 0.82, 0.79, 0.0, 1.0], [0.2, 25.0, 0.0, 0.0])
(16749277, [2.0, 0.51, 0.0, 0.25, 0.0, 3.6, 0.0, 3.6, 0.0, 0.0], [-9.14, 0.06, 1.58, 0.67, 0.82, 0.8, 0.0, 1.0], [0.2, 25.0, 0.0, 0.0])
(16849126, [2.0, 0.5, 0.0, 0.25, 0.0, 3.6, 0.0, 3.6, 0.0, 0.0], [-9.17, 0.06, 1.61, 0.67, 0.82, 0.8, 0.0, 1.0], [0.2, 25.0, 0.0, 0.0])
(16949350, [2.0, 0.46, 0.0, 0.26, 0.0, 3.6, 0.0, 3.6, 0.0, 0.0], [-9.16, 0.06, 1.69, 0.67, 0.82, 0.79, 0.0, 1.0], [0.2, 25.0, 0.0, 0.0])
(17049842, [2.0, 0.42, 0.0, 0.25, 0.0, 3.6, 0.0, 3.6, 0.0, 0.0], [-9.12, 0.06, 1.79, 0.66, 0.82, 0.81, 0.0, 1.0], [0.2, 25.0, 0.0, 0.0])
(17149586, [2.0, 0.4, 0.0, 0.25, 0.0, 3.6, 0.0, 3.6, 0.0, 0.0], [-9.09, 0.06, 1.91, 0.65, 0.82, 0.81, 0.0, 1.0], [0.2, 25.0, 0.0, 0.0])
(17249611, [2.0, 0.37, 0.0, 0.26, 0.0, 3.6, 0.0, 3.6, 0.0, 0.0], [-9.04, 0.07, 2.01, 0.65, 0.82, 0.81, 0.0, 1.0], [0.2, 25.0, 0.0, 0.0])
(17349471, [2.0, 0.37, 0.0, 0.25, 0.0, 3.6, 0.0, 3.6, 0.0, 0.0], [-9.02, 0.07, 2.1, 0.65, 0.82, 0.82, 0.0, 1.0], [0.2, 25.0, 0.0, 0.0])
(17449420, [2.0, 0.35, 0.0, 0.25, 0.0, 3.6, 0.0, 3.6, 0.0, 0.0], [-9.0, 0.07, 2.16, 0.65, 0.82, 0.82, 0.0, 1.0], [0.2, 25.0, 0.0, 0.0])
(17549865, [2.0, 0.33, 0.0, 0.25, 0.0, 3.6, 0.0, 3.6, 0.0, 0.0], [-8.97, 0.07, 2.22, 0.64, 0.82, 0.82, 0.0, 1.0], [0.2, 25.0, 0.0, 0.0])
(17649363, [2.0, 0.29, 0.0, 0.25, 0.0, 3.6, 0.0, 3.6, 0.0, 0.0], [-8.94, 0.07, 2.31, 0.64, 0.82, 0.83, 0.0, 1.0], [0.2, 25.0, 0.0, 0.0])
(17749416, [2.0, 0.27, 0.0, 0.25, 0.0, 3.6, 0.0, 3.6, 0.0, 0.0], [-8.9, 0.07, 2.41, 0.65, 0.82, 0.81, 0.0, 1.0], [0.2, 25.0, 0.0, 0.0])
(17849366, [2.0, 0.23, 0.0, 0.25, 0.0, 3.6, 0.0, 3.6, 0.0, 0.0], [-8.86, 0.07, 2.51, 0.65, 0.82, 0.81, 0.0, 1.0], [0.2, 25.0, 0.0, 0.0])
(17949350, [2.0, 0.23, 0.0, 0.25, 0.0, 3.6, 0.0, 3.6, 0.0, 0.0], [-8.82, 0.07, 2.6, 0.65, 0.82, 0.82, 0.0, 1.0], [0.2, 25.0, 0.0, 0.0])
(18049131, [2.0, 0.3, 0.0, 0.25, 0.0, 3.6, 0.0, 3.6, 0.0, 0.0], [-8.83, 0.07, 2.59, 0.65, 0.82, 0.82, 0.0, 1.0], [0.2, 25.0, 0.0, 0.0])
(18149196, [2.0, 0.32, 0.0, 0.25, 0.0, 3.6, 0.0, 3.6, 0.0, 0.0], [-8.87, 0.06, 2.49, 0.65, 0.82, 0.81, 0.0, 1.0], [0.2, 25.0, 0.0, 0.0])
(18249200, [2.0, 0.32, 0.0, 0.25, 0.0, 3.6, 0.0, 0.11, 0.0, 0.0], [-8.52, 0.07, 2.57, 0.67, 0.82, 0.68, 0.0, 1.0], [0.2, 25.0, 0.0, 0.0])
(18349375, [2.0, 0.32, 0.0, 0.25, 0.0, 3.6, 0.0, 0.13, 0.0, 0.0], [-4.03, 0.07, 2.94, 0.66, 0.82, 0.67, 0.0, 1.0], [0.2, 25.0, 0.0, 0.0])
(18449390, [2.0, 0.31, 0.0, 0.26, 0.0, 3.6, 0.0, 0.13, 0.0, 0.0], [-1.59, 0.07, 3.13, 0.66, 0.82, 0.68, 0.0, 1.0], [0.2, 25.0, 0.0, 0.0])
(18549385, [2.0, 0.31, 0.0, 0.27, 0.0, 3.6, 0.0, 0.19, 0.0, 0.0], [-0.4, 0.07, 3.23, 0.66, 0.82, 0.68, 0.0, 1.0], [0.2, 25.0, 0.0, 0.0])
(18649275, [2.0, 0.31, 0.0, 0.27, 0.0, 3.6, 0.0, 0.22, 0.0, 0.0], [0.02, 0.06, 3.3, 0.66, 0.82, 0.69, 0.0, 1.0], [0.2, 25.0, 0.0, 0.0])
(18749625, [2.0, 0.31, 0.0, 0.27, 0.0, 3.6, 0.0, 0.29, 0.0, 0.0], [0.01, 0.07, 3.34, 0.65, 0.82, 0.69, 0.0, 1.0], [0.2, 25.0, 0.0, 0.0])
(18849363, [2.0, 0.31, 0.0, 0.26, 0.0, 3.6, 0.0, 0.29, 0.0, 0.0], [-0.06, 0.07, 3.35, 0.63, 0.82, 0.74, 0.0, 1.0], [0.2, 25.0, 0.0, 0.0])
(18949275, [2.0, 0.32, 0.0, 0.27, 0.0, 3.6, 0.0, 0.26, 0.0, 0.0], [-0.02, 0.08, 3.36, 0.65, 0.82, 0.73, 0.0, 1.0], [0.2, 25.0, 0.0, 0.0])
(19049531, [2.0, 0.32, 0.0, 0.27, 0.0, 3.6, 0.0, 0.28, 0.0, 0.0], [0.0, 0.07, 3.36, 0.65, 0.82, 0.71, 0.0, 1.0], [0.2, 25.0, 0.0, 0.0])
(19149429, [2.0, 0.32, 0.0, 0.27, 0.0, 3.6, 0.0, 0.28, 0.0, 0.0], [-0.03, 0.07, 3.36, 0.66, 0.82, 0.7, 0.0, 1.0], [0.2, 25.0, 0.0, 0.0])
(19249349, [2.0, 0.31, 0.0, 0.29, 0.0, 3.6, 0.0, 3.6, 0.0, 0.0], [-1.32, 0.07, 3.11, 0.65, 0.82, 0.71, 0.0, 1.0], [0.2, 25.0, 0.0, 0.0])
(19349213, [2.0, 0.31, 0.0, 0.3, 0.0, 3.6, 0.0, 3.6, 0.0, 0.0], [-5.09, 0.07, 2.78, 0.65, 0.82, 0.7, 0.0, 1.0], [0.2, 25.0, 0.0, 0.0])
(19449267, [2.0, 0.31, 0.0, 0.3, 0.0, 3.6, 0.0, 0.25, 0.0, 0.0], [-5.76, 0.07, 2.87, 0.65, 0.82, 0.7, 0.0, 1.0], [0.2, 25.0, 0.0, 0.0])
(19549228, [2.0, 0.3, 0.0, 0.31, 0.0, 3.6, 0.0, 0.24, 0.0, 0.0], [-2.64, 0.07, 3.12, 0.65, 0.82, 0.68, 0.0, 1.0], [0.2, 25.0, 0.0, 0.0])
(19649411, [2.0, 0.29, 0.0, 0.32, 0.0, 3.6, 0.0, 0.24, 0.0, 0.0], [-1.06, 0.07, 3.26, 0.66, 0.82, 0.68, 0.0, 1.0], [0.2, 25.0, 0.0, 0.0])
(19749582, [2.0, 0.29, 0.0, 0.33, 0.0, 3.6, 0.0, 0.26, 0.0, 0.0], [-0.3, 0.07, 3.33, 0.66, 0.82, 0.69, 0.0, 1.0], [0.2, 25.0, 0.0, 0.0])
(19849387, [2.0, 0.28, 0.0, 0.34, 0.0, 3.6, 0.0, 0.26, 0.0, 0.0], [0.08, 0.07, 3.37, 0.66, 0.82, 0.68, 0.0, 1.0], [0.2, 25.0, 0.0, 0.0])
(19949538, [2.0, 0.26, 0.0, 0.35, 0.0, 0.07, 0.0, 0.26, 0.0, 0.0], [0.32, 0.08, 3.36, 0.66, 0.82, 0.68, 0.0, 1.0], [0.2, 25.0, 0.0, 0.0])
(20049286, [2.0, 0.25, 0.0, 0.36, 0.0, 0.1, 0.0, 0.22, 0.0, 0.0], [1.09, 0.07, 0.83, 0.66, 0.82, 0.67, 0.0, 1.0], [0.2, 25.0, 0.0, 0.0])
(20149671, [2.0, 0.25, 0.0, 0.44, 0.0, 0.05, 0.0, 0.2, 0.0, 0.0], [1.78, 0.07, -0.41, 0.66, 0.82, 0.68, 0.0, 1.0], [0.2, 25.0, 0.0, 0.0])
(20249297, [2.0, 0.26, 0.0, 0.48, 0.0, 0.06, 0.0, 0.19, 0.0, 0.0], [2.37, 0.08, -0.84, 0.67, 0.82, 0.68, 0.0, 1.0], [0.2, 25.0, 0.0, 0.0])
(20349380, [2.0, 0.25, 0.0, 0.54, 0.0, 0.05, 0.0, 0.17, 0.0, 0.0], [2.8, 0.07, -0.94, 0.66, 0.82, 0.7, 0.0, 1.0], [0.2, 25.0, 0.0, 0.0])
(20449516, [2.0, 0.25, 0.0, 0.56, 0.0, 0.04, 0.0, 0.1, 0.0, 0.0], [3.14, 0.06, -0.9, 0.64, 0.82, 0.67, 0.0, 1.0], [0.2, 25.0, 0.0, 0.0])
(20549349, [2.0, 0.25, 0.0, 0.56, 0.0, 0.05, 0.0, 0.1, 0.0, 0.0], [3.39, 0.06, -0.82, 0.65, 0.82, 0.68, 0.0, 1.0], [0.2, 25.0, 0.0, 0.0])
(20650885, [2.0, 0.25, 0.0, 3.6, 0.0, 0.05, 0.0, 0.1, 0.0, 0.0], [5.0, 0.06, -0.57, 0.66, 0.82, 0.65, 0.0, 1.0], [0.2, 25.0, 0.0, 0.0])
(20749867, [2.0, 0.25, 0.0, 3.6, 0.0, 0.06, 0.0, 0.12, 0.0, 0.0], [7.49, 0.07, -0.35, 0.67, 0.82, 0.67, 0.0, 1.0], [0.2, 25.0, 0.0, 0.0])
(20849860, [2.0, 0.25, 0.0, 3.6, 0.0, 0.07, 0.0, 0.35, 0.0, 0.0], [8.66, 0.08, -0.26, 0.68, 0.82, 0.67, 0.0, 1.0], [0.2, 25.0, 0.0, 0.0])
(20949743, [2.0, 0.25, 0.0, 3.6, 0.0, 0.07, 0.0, 0.35, 0.0, 0.0], [9.03, 0.07, -0.28, 0.68, 0.82, 0.68, 0.0, 1.0], [0.2, 25.0, 0.0, 0.0])
(21049867, [2.0, 0.25, 0.0, 3.6, 0.0, 3.6, 0.0, 3.6, 0.0, 0.0], [9.02, 0.08, -0.46, 0.67, 0.82, 0.68, 0.0, 1.0], [0.2, 25.0, 0.0, 0.0])
(21149727, [2.0, 0.25, 0.0, 3.6, 0.0, 3.6, 0.0, 3.6, 0.0, 0.0], [4.85, 0.08, 1.07, 0.67, 0.82, 0.68, 0.0, 1.0], [0.2, 25.0, 0.0, 0.0])
(21249801, [2.0, 0.27, 0.0, 3.6, 0.0, 3.6, 0.0, 3.6, 0.0, 0.0], [2.39, 0.09, 2.29, 0.67, 0.82, 0.68, 0.0, 1.0], [0.2, 25.0, 0.0, 0.0])
(21349626, [2.0, 0.27, 0.0, 3.6, 0.0, 3.6, 0.0, 3.6, 0.0, 0.0], [1.18, 0.09, 2.88, 0.67, 0.82, 0.68, 0.0, 1.0], [0.2, 25.0, 0.0, 0.0])
(21449765, [2.0, 0.29, 0.0, 3.6, 0.0, 3.6, 0.0, 3.6, 0.0, 0.0], [0.58, 0.09, 3.16, 0.67, 0.82, 0.68, 0.0, 1.0], [0.2, 25.0, 0.0, 0.0])
(21549530, [2.0, 0.3, 0.0, 3.6, 0.0, 3.6, 0.0, 3.6, 0.0, 0.0], [0.28, 0.1, 3.29, 0.67, 0.82, 0.68, 0.0, 1.0], [0.2, 25.0, 0.0, 0.0])
(21649587, [2.0, 0.31, 0.0, 3.6, 0.0, 3.6, 0.0, 3.6, 0.0, 0.0], [0.14, 0.1, 3.33, 0.67, 0.82, 0.68, 0.0, 1.0], [0.2, 25.0, 0.0, 0.0])
(21749993, [2.0, 0.31, 0.0, 3.6, 0.0, 3.6, 0.0, 3.6, 0.0, 0.0], [0.07, 0.1, 3.35, 0.67, 0.82, 0.68, 0.0, 1.0], [0.2, 25.0, 0.0, 0.0])
(21849707, [2.0, 0.3, 0.0, 3.6, 0.0, 3.6, 0.0, 3.6, 0.0, 0.0], [0.03, 0.1, 3.37, 0.67, 0.82, 0.68, 0.0, 1.0], [0.2, 25.0, 0.0, 0.0])
(21949952, [2.0, 0.28, 0.0, 3.6, 0.0, 3.6, 0.0, 3.6, 0.0, 0.0], [0.01, 0.1, 3.39, 0.67, 0.82, 0.68, 0.0, 1.0], [0.2, 25.0, 0.0, 0.0])
(22050304, [2.0, 0.27, 0.0, 3.6, 0.0, 3.6, 0.0, 3.6, 0.0, 0.0], [0.0, 0.1, 3.42, 0.67, 0.82, 0.68, 0.0, 1.0], [0.2, 25.0, 0.0, 0.0])
(22150294, [2.0, 0.3, 0.0, 3.6, 0.0, 3.6, 0.0, 3.6, 0.0, 0.0], [0.0, 0.1, 3.43, 0.67, 0.82, 0.68, 0.0, 1.0], [0.2, 25.0, 0.0, 0.0])
(22249792, [2.0, 0.32, 0.0, 3.6, 0.0, 3.6, 0.0, 3.6, 0.0, 0.0], [0.0, 0.1, 3.41, 0.67, 0.82, 0.68, 0.0, 1.0], [0.2, 25.0, 0.0, 0.0])
(22350809, [2.0, 0.34, 0.0, 3.6, 0.0, 3.6, 0.0, 3.6, 0.0, 0.0], [0.0, 0.1, 3.37, 0.67, 0.82, 0.68, 0.0, 1.0], [0.2, 25.0, 0.0, 0.0])
(22449724, [2.0, 0.33, 0.0, 3.6, 0.0, 3.6, 0.0, 3.6, 0.0, 0.0], [0.0, 0.1, 3.35, 0.67, 0.82, 0.69, 0.0, 1.0], [0.2, 25.0, 0.0, 0.0])
(22549841, [2.0, 0.33, 0.0, 3.6, 0.0, 3.6, 0.0, 3.6, 0.0, 0.0], [0.0, 0.1, 3.34, 0.67, 0.82, 0.69, 0.0, 1.0], [0.2, 25.0, 0.0, 0.0])
(22650276, [2.0, 0.33, 0.0, 3.6, 0.0, 3.6, 0.0, 3.6, 0.0, 0.0], [0.0, 0.09, 3.34, 0.66, 0.82, 0.73, 0.0, 1.0], [0.2, 25.0, 0.0, 0.0])
(22749983, [2.0, 0.33, 0.0, 3.6, 0.0, 3.6, 0.0, 3.6, 0.0, 0.0], [0.0, 0.09, 3.34, 0.68, 0.82, 0.82, 0.0, 1.0], [0.2, 25.0, 0.0, 0.0])
(22849586, [2.0, 0.33, 0.0, 3.6, 0.0, 3.6, 0.0, 3.6, 0.0, 0.0], [0.0, 0.12, 3.34, 0.75, 0.82, 1.34, 0.0, 1.0], [0.2, 25.0, 0.0, 0.0])
(22949799, [2.0, 0.34, 0.0, 3.6, 0.0, 3.6, 0.0, 3.6, 0.0, 0.0], [0.0, 0.09, 3.33, 1.12, 0.82, 2.75, 0.0, 1.0], [0.2, 25.0, 0.0, 0.0])
(23049726, [2.0, 0.34, 0.0, 3.6, 0.0, 3.6, 0.0, 0.8, 0.0, 0.0], [1.2, 0.12, 3.29, 2.4, 0.82, 3.65, 0.0, 1.0], [0.2, 25.0, 0.0, 0.0])
(23149818, [2.0, 0.35, 0.0, 3.6, 0.0, 3.6, 0.0, 0.91, 0.0, 0.0], [3.8, 0.16, 3.25, 2.96, 0.81, 4.2, 0.0, 1.0], [0.2, 25.0, 0.0, 0.0])
(23249788, [2.0, 0.35, 0.0, 3.6, 0.0, 3.6, 0.0, 0.95, 0.0, 0.0], [4.73, 0.17, 3.26, 3.92, 0.81, 4.69, 0.0, 1.0], [0.2, 25.0, 0.0, 0.0])
(23349737, [2.0, 0.36, 0.0, 3.6, 0.0, 3.6, 0.0, 0.94, 0.0, 0.0], [5.16, 0.19, 3.26, 3.37, 0.81, 4.73, 0.0, 1.0], [0.2, 25.0, 0.0, 0.0])
(23449501, [2.0, 0.36, 0.0, 3.6, 0.0, 3.6, 0.0, 0.94, 0.0, 0.0], [5.38, 0.18, 3.26, 0.78, 0.81, 4.6, 0.0, 1.0], [0.2, 25.0, 0.0, 0.0])
(23549675, [2.0, 0.35, 0.0, 3.6, 0.0, 3.6, 0.0, 3.6, 0.0, 0.0], [3.27, 0.16, 3.28, 0.66, 0.81, 4.61, 0.0, 1.0], [0.2, 25.0, 0.0, 0.0])
(23649760, [2.0, 0.35, 0.0, 3.6, 0.0, 3.6, 0.0, 3.6, 0.0, 0.0], [1.61, 0.16, 3.29, 0.66, 0.81, 4.56, 0.0, 1.0], [0.2, 25.0, 0.0, 0.0])
(23750392, [2.0, 0.35, 0.0, 3.6, 0.0, 3.6, 0.0, 3.6, 0.0, 0.0], [0.79, 0.15, 3.29, 0.65, 0.81, 4.57, 0.0, 1.0], [0.2, 25.0, 0.0, 0.0])
(23849710, [2.0, 0.35, 0.0, 3.6, 0.0, 3.6, 0.0, 3.6, 0.0, 0.0], [0.39, 0.14, 3.29, 0.65, 0.81, 4.56, 0.0, 1.0], [0.2, 25.0, 0.0, 0.0])
(23949769, [2.0, 0.35, 0.0, 3.6, 0.0, 3.6, 0.0, 0.22, 0.0, 0.0], [2.38, 0.15, 2.9, 0.65, 0.81, 4.56, 0.0, 1.0], [0.2, 25.0, 0.0, 0.0])
(24049817, [2.0, 0.35, 0.0, 3.6, 0.0, 3.6, 0.0, 0.2, 0.0, 0.0], [5.78, 0.16, 2.55, 0.65, 0.81, 4.57, 0.0, 1.0], [0.2, 25.0, 0.0, 0.0])
(24149509, [2.0, 0.35, 0.0, 0.17, 0.0, 3.6, 0.0, 0.19, 0.0, 0.0], [4.36, 0.18, 2.87, 0.57, 0.81, 4.64, 0.0, 1.0], [0.2, 25.0, 0.0, 0.0])
(24249637, [2.0, 0.34, 0.0, 0.16, 0.0, 3.6, 0.0, 0.19, 0.0, 0.0], [2.08, 0.01, 3.08, 0.0, 0.81, 5.4, 0.0, 1.0], [0.2, 25.0, 0.0, 0.0])
(24349542, [2.0, 0.33, 0.0, 0.16, 0.0, 3.6, 0.0, 0.19, 0.0, 0.0], [0.93, -0.03, 3.2, -2.8, 0.81, 4.59, 0.01, 1.0], [0.2, 25.0, 0.0, 0.0])
(24449823, [2.0, 0.31, 0.0, 0.17, 0.0, 3.6, 0.0, 0.2, 0.0, 0.0], [0.34, 0.1, 3.28, -5.97, 0.81, 4.07, 0.01, 1.0], [0.2, 25.0, 0.0, 0.0])
(24549725, [2.0, 0.3, 0.0, 0.17, 0.0, 3.6, 0.0, 0.19, 0.0, 0.0], [0.07, 0.12, 3.33, -6.46, 0.81, 4.2, 0.01, 1.0], [0.2, 25.0, 0.0, 0.0])
(24650137, [2.0, 0.31, 0.0, 0.18, 0.0, 3.6, 0.0, 0.19, 0.0, 0.0], [0.0, 0.07, 3.36, -3.98, 0.81, 4.36, 0.01, 1.0], [0.2, 25.0, 0.0, 0.0])
(24749595, [2.0, 0.31, 0.0, 0.17, 0.0, 3.6, 0.0, 0.2, 0.0, 0.0], [-0.07, 0.05, 3.37, -0.93, 0.81, 4.36, 0.01, 1.0], [0.2, 25.0, 0.0, 0.0])
(24849794, [2.0, 0.31, 0.0, 0.17, 0.0, 3.6, 0.0, 0.19, 0.0, 0.0], [-0.11, 0.11, 3.37, 0.53, 0.81, 4.82, 0.01, 1.0], [0.2, 25.0, 0.0, 0.0])
(24949618, [2.0, 0.32, 0.0, 0.17, 0.0, 3.6, 0.0, 0.2, 0.0, 0.0], [-0.15, 0.14, 3.37, 0.67, 0.81, 4.9, 0.02, 1.0], [0.2, 25.0, 0.0, 0.0])
(25050280, [2.0, 0.31, 0.0, 0.18, 0.0, 3.6, 0.0, 0.2, 0.0, 0.0], [-0.16, 0.14, 3.36, 0.67, 0.81, 4.95, 0.02, 1.0], [0.2, 25.0, 0.0, 0.0])
(25149937, [2.0, 0.31, 0.0, 0.19, 0.0, 3.6, 0.0, 0.24, 0.0, 0.0], [-0.19, 0.13, 3.36, 0.67, 0.81, 4.95, 0.01, 1.0], [0.2, 25.0, 0.0, 0.0])
(25249738, [2.0, 0.31, 0.0, 0.21, 0.0, 3.6, 0.0, 0.24, 0.0, 0.0], [-0.2, 0.12, 3.37, 0.66, 0.81, 4.95, 0.01, 1.0], [0.2, 25.0, 0.0, 0.0])
(25349795, [2.0, 0.31, 0.0, 3.6, 0.0, 3.6, 0.0, 0.24, 0.0, 0.0], [-0.19, 0.13, 3.37, 0.66, 0.81, 4.95, 0.01, 1.0], [0.2, 25.0, 0.0, 0.0])
(25449813, [2.0, 0.32, 0.0, 3.6, 0.0, 3.6, 0.0, 3.6, 0.0, 0.0], [1.42, 0.13, 3.2, 0.65, 0.81, 4.95, 0.01, 1.0], [0.2, 25.0, 0.0, 0.0])
(25550121, [2.0, 0.35, 0.0, 3.6, 0.0, 3.6, 0.0, 3.6, 0.0, 0.0], [0.7, 0.13, 3.26, 0.64, 0.81, 4.95, 0.01, 1.0], [0.2, 25.0, 0.0, 0.0])
(25649515, [2.0, 0.35, 0.0, 3.6, 0.0, 3.6, 0.0, 3.6, 0.0, 0.0], [0.34, 0.13, 3.28, 0.65, 0.81, 4.94, 0.01, 1.0], [0.2, 25.0, 0.0, 0.0])
(25749691, [2.0, 0.36, 0.0, 3.6, 0.0, 3.6, 0.0, 3.6, 0.0, 0.0], [0.17, 0.13, 3.28, 0.64, 0.81, 4.95, 0.01, 1.0], [0.2, 25.0, 0.0, 0.0])
(25849527, [2.0, 0.37, 0.0, 3.6, 0.0, 3.6, 0.0, 3.6, 0.0, 0.0], [0.08, 0.13, 3.27, 0.63, 0.81, 4.95, 0.01, 1.0], [0.2, 25.0, 0.0, 0.0])
(25950573, [2.0, 0.38, 0.0, 3.6, 0.0, 3.6, 0.0, 3.6, 0.0, 0.0], [0.04, 0.14, 3.26, 0.62, 0.81, 4.94, 0.0, 1.0], [0.2, 25.0, 0.0, 0.0])
(26049658, [2.0, 0.38, 0.0, 3.6, 0.0, 3.6, 0.0, 3.6, 0.0, 0.0], [0.02, 0.14, 3.25, 0.63, 0.81, 4.95, 0.0, 1.0], [0.2, 25.0, 0.0, 0.0])
(26149391, [2.0, 0.37, 0.0, 3.6, 0.0, 3.6, 0.0, 3.6, 0.0, 0.0], [0.01, 0.15, 3.24, 0.63, 0.81, 4.95, 0.0, 1.0], [0.2, 25.0, 0.0, 0.0])
(26249652, [2.0, 0.37, 0.0, 3.6, 0.0, 3.6, 0.0, 3.6, 0.0, 0.0], [0.0, 0.15, 3.25, 0.62, 0.81, 4.95, 0.0, 1.0], [0.2, 25.0, 0.0, 0.0])
(26349410, [2.0, 0.37, 0.0, 3.6, 0.0, 3.6, 0.0, 3.6, 0.0, 0.0], [0.0, 0.15, 3.25, 0.62, 0.81, 4.94, 0.0, 1.0], [0.2, 25.0, 0.0, 0.0])
(26449840, [2.0, 0.37, 0.0, 3.6, 0.0, 3.6, 0.0, 3.6, 0.0, 0.0], [0.0, 0.14, 3.25, 0.62, 0.81, 4.94, 0.0, 1.0], [0.2, 25.0, 0.0, 0.0])
(26549590, [2.0, 0.37, 0.0, 3.6, 0.0, 3.6, 0.0, 3.6, 0.0, 0.0], [0.0, 0.14, 3.25, 0.63, 0.81, 4.95, 0.0, 1.0], [0.2, 25.0, 0.0, 0.0])
(26649600, [2.0, 0.37, 0.0, 3.6, 0.0, 3.6, 0.0, 3.6, 0.0, 0.0], [0.0, 0.15, 3.25, 0.63, 0.81, 4.95, 0.0, 1.0], [0.2, 25.0, 0.0, 0.0])
(26749460, [2.0, 0.37, 0.0, 3.6, 0.0, 3.6, 0.0, 3.6, 0.0, 0.0], [0.0, 0.14, 3.25, 0.62, 0.81, 4.95, 0.0, 1.0], [0.2, 25.0, 0.0, 0.0])
(26849504, [2.0, 0.33, 0.0, 3.6, 0.0, 3.6, 0.0, 3.6, 0.0, 0.0], [0.0, 0.14, 3.27, 0.63, 0.81, 4.95, 0.0, 1.0], [0.2, 25.0, 0.0, 0.0])
(26949639, [2.0, 0.32, 0.0, 3.6, 0.0, 3.6, 0.0, 3.6, 0.0, 0.0], [0.0, 0.16, 3.31, 0.66, 0.81, 4.96, 0.0, 1.0], [0.2, 25.0, 0.0, 0.0])
(27049578, [2.0, 0.32, 0.0, 3.6, 0.0, 3.6, 0.0, 3.6, 0.0, 0.0], [0.0, 0.17, 3.33, 0.71, 0.81, 5.05, 0.0, 1.0], [0.2, 25.0, 0.0, 0.0])
(27149668, [2.0, 0.32, 0.0, 3.6, 0.0, 3.6, 0.0, 3.6, 0.0, 0.0], [0.0, 0.16, 3.34, 0.66, 0.81, 5.78, 0.0, 1.0], [0.2, 25.0, 0.0, 0.0])
(27250355, [2.0, 0.33, 0.0, 3.6, 0.0, 3.6, 0.0, 3.6, 0.0, 0.0], [0.0, 0.18, 3.35, 0.68, 0.81, 7.32, 0.0, 1.0], [0.2, 25.0, 0.0, 0.0])
(27349695, [2.0, 0.34, 0.0, 3.6, 0.0, 3.6, 0.0, 3.6, 0.0, 0.0], [0.0, 0.2, 3.33, 0.65, 0.81, 9.07, 0.0, 1.0], [0.2, 25.0, 0.0, 0.0])
(27449570, [2.0, 0.35, 0.0, 3.6, 0.0, 3.6, 0.0, 3.6, 0.0, 0.0], [0.0, 0.21, 3.32, 0.62, 0.81, 10.96, 0.0, 1.0], [0.2, 25.0, 0.0, 0.0])
(27549729, [2.0, 0.37, 0.0, 3.6, 0.0, 2.61, 0.0, 3.6, 0.0, 0.0], [0.0, 0.21, 3.3, 0.62, 0.81, 12.29, 0.0, 1.0], [0.2, 25.0, 0.0, 0.0])
(27649431, [2.0, 0.37, 0.0, 3.6, 0.0, 2.61, 0.0, 3.6, 0.0, 0.0], [0.0, 0.22, 3.28, 0.63, 0.81, 13.66, 0.0, 1.0], [0.2, 25.0, 0.0, 0.0])
(27749520, [2.0, 0.39, 0.0, 3.6, 0.0, 2.44, 0.0, 2.79, 0.0, 0.0], [0.6, 0.24, 3.26, 0.65, 0.81, 15.67, 0.0, 1.0], [0.2, 25.0, 0.0, 0.0])
(27849578, [2.0, 0.4, 0.0, 3.6, 0.0, 2.44, 0.0, 2.73, 0.0, 0.0], [1.14, 0.26, 3.23, 0.63, 0.81, 18.1, 0.0, 1.0], [0.2, 25.0, 0.0, 0.0])
(27949591, [2.0, 0.43, 0.0, 3.6, 0.0, 3.6, 0.0, 2.7, 0.0, 0.0], [1.47, 0.26, 3.19, 0.63, 0.81, 20.73, 0.0, 1.0], [0.2, 25.0, 0.0, 0.0])
(28049633, [2.0, 0.46, 0.0, 3.6, 0.0, 3.6, 0.0, 2.71, 0.0, 0.0], [1.63, 0.29, 3.15, 0.64, 0.81, 23.52, 0.0, 1.0], [0.2, 25.0, 0.0, 0.0])
(28149632, [2.0, 3.6, 0.0, 3.6, 0.0, 0.71, 0.0, 2.69, 0.0, 0.0], [1.7, 0.3, 3.07, 0.62, 0.81, 26.02, 0.0, 1.0], [0.2, 25.0, 0.0, 0.0])
(28249528, [2.0, 3.6, 0.0, 3.6, 0.0, 0.72, 0.0, 2.71, 0.0, 0.0], [1.74, 0.29, -1.89, 0.62, 1.51, 28.26, 0.0, 1.0], [0.2, 25.0, 0.0, 0.0])
(28349685, [2.0, 3.6, 0.0, 3.6, 0.0, 0.72, 0.0, 2.74, 0.0, 0.0], [1.6, 0.32, -5.64, 0.61, 4.03, 30.85, 0.0, 1.0], [0.2, 25.0, 0.0, 0.0])
(28449647, [2.0, 3.6, 0.0, 3.6, 0.0, 0.72, 0.0, 2.72, 0.0, 0.0], [1.4, 0.36, -7.5, 0.59, 7.12, 33.99, 0.0, 1.0], [0.2, 25.0, 0.0, 0.0])
(28549601, [2.0, 3.6, 0.0, 3.6, 0.0, 0.73, 0.0, 2.71, 0.0, 0.0], [1.3, 0.36, -8.41, 0.59, 10.09, 36.93, 0.0, 1.0], [0.2, 25.0, 0.0, 0.0])
(28649570, [2.0, 3.6, 0.0, 3.6, 0.0, 0.73, 0.0, 2.7, 0.0, 0.0], [1.34, 0.36, -8.84, 0.58, 11.99, 38.81, 0.0, 1.0], [0.2, 25.0, 0.0, 0.0])
(28749704, [2.0, 3.6, 0.0, 3.6, 0.0, 0.74, 0.0, 2.68, 0.0, 0.0], [1.46, 0.36, -9.04, 0.55, 13.09, 39.91, 0.0, 1.0], [0.2, 25.0, 0.0, 0.0])
(28849520, [2.0, 3.6, 0.0, 3.6, 0.0, 0.74, 0.0, 2.66, 0.0, 0.0], [1.55, 0.37, -9.14, 0.54, 14.12, 40.94, 0.0, 1.0], [0.2, 25.0, 0.0, 0.0])
(28949718, [2.0, 3.6, 0.0, 3.6, 0.0, 0.74, 0.0, 2.63, 0.0, 0.0], [1.68, 0.36, -9.18, 0.52, 14.67, 41.5, 0.0, 1.0], [0.2, 25.0, 0.0, 0.0])
(29049670, [2.0, 3.6, 0.0, 3.6, 0.0, 0.74, 0.0, 2.59, 0.0, 0.0], [1.82, 0.36, -9.19, 0.55, 14.71, 41.55, 0.0, 1.0], [0.2, 25.0, 0.0, 0.0])
(29149698, [2.0, 3.6, 0.0, 3.6, 0.0, 0.74, 0.0, 2.59, 0.0, 0.0], [1.92, 0.35, -9.19, 0.57, 14.71, 41.5, 0.0, 1.0], [0.2, 25.0, 0.0, 0.0])
(29249736, [2.0, 3.6, 0.0, 3.6, 0.0, 0.74, 0.0, 2.59, 0.0, 0.0], [1.98, 0.35, -9.19, 0.57, 14.71, 41.5, 0.0, 1.0], [0.2, 25.0, 0.0, 0.0])
(29349584, [2.0, 3.6, 0.0, 3.6, 0.0, 0.74, 0.0, 2.59, 0.0, 0.0], [2.0, 0.34, -9.19, 0.58, 14.71, 41.5, 0.0, 1.0], [0.2, 25.0, 0.0, 0.0])
(29449650, [2.0, 3.6, 0.0, 3.6, 0.0, 0.74, 0.0, 2.61, 0.0, 0.0], [2.01, 0.35, -9.19, 0.58, 14.71, 41.5, 0.0, 1.0], [0.2, 25.0, 0.0, 0.0])
(29549392, [2.0, 3.6, 0.0, 3.6, 0.0, 0.74, 0.0, 2.59, 0.0, 0.0], [2.0, 0.35, -9.19, 0.59, 14.71, 41.51, 0.0, 1.0], [0.2, 25.0, 0.0, 0.0])
(29649689, [2.0, 3.6, 0.0, 3.6, 0.0, 0.74, 0.0, 2.56, 0.0, 0.0], [2.03, 0.35, -9.19, 0.59, 14.71, 41.51, 0.0, 1.0], [0.2, 25.0, 0.0, 0.0])
(29749411, [2.0, 3.6, 0.0, 3.6, 0.0, 0.74, 0.0, 2.56, 0.0, 0.0], [2.05, 0.35, -9.19, 0.59, 14.71, 41.51, 0.0, 1.0], [0.2, 25.0, 0.0, 0.0])
(29849702, [2.0, 0.6, 0.0, 3.6, 0.0, 0.74, 0.0, 0.36, 0.0, 0.0], [1.34, 0.35, -6.32, 0.59, 14.74, 41.5, 0.0, 1.0], [0.2, 25.0, 0.0, 0.0])
(29950267, [2.0, 0.6, 0.0, 3.6, 0.0, 0.74, 0.0, 0.37, 0.0, 0.0], [4.68, 0.36, -2.85, 0.59, 14.74, 41.51, 0.0, 1.0], [0.2, 25.0, 0.0, 0.0])
(30049952, [2.0, 0.6, 0.0, 3.6, 0.0, 0.74, 0.0, 0.44, 0.0, 0.0], [7.03, 0.36, -1.15, 0.59, 14.75, 41.51, 0.0, 1.0], [0.2, 25.0, 0.0, 0.0])
(30149371, [2.0, 0.59, 0.0, 3.6, 0.0, 0.74, 0.0, 0.44, 0.0, 0.0], [8.14, 0.36, -0.29, 0.59, 14.78, 41.52, 0.0, 1.0], [0.2, 25.0, 0.0, 0.0])
(30249802, [2.0, 0.56, 0.0, 3.6, 0.0, 0.74, 0.0, 0.43, 0.0, 0.0], [8.67, 0.35, 0.21, 0.58, 14.81, 41.52, 0.0, 1.0], [0.2, 25.0, 0.0, 0.0])
(30349565, [2.0, 0.54, 0.0, 3.6, 0.0, 0.74, 0.0, 0.42, 0.0, 0.0], [8.94, 0.36, 0.52, 0.59, 14.84, 41.53, 0.0, 1.0], [0.2, 25.0, 0.0, 0.0])
(30449627, [2.0, 0.52, 0.0, 3.6, 0.0, 0.74, 0.0, 0.39, 0.0, 0.0], [9.07, 0.35, 0.73, 0.59, 14.86, 41.52, 0.0, 1.0], [0.2, 25.0, 0.0, 0.0])
(30549528, [2.0, 0.51, 0.0, 3.6, 0.0, 0.08, 0.0, 0.38, 0.0, 0.0], [9.08, 0.36, 0.33, 0.59, 14.87, 41.53, 0.0, 1.0], [0.2, 25.0, 0.0, 0.0])
(30649614, [2.0, 0.51, 0.0, 3.6, 0.0, 0.05, 0.0, 0.38, 0.0, 0.0], [8.98, 0.36, -0.72, 0.59, 14.87, 41.54, 0.0, 1.0], [0.2, 25.0, 0.0, 0.0])
(30749643, [2.0, 0.52, 0.0, 3.6, 0.0, 0.06, 0.0, 0.38, 0.0, 0.0], [8.91, 0.36, -1.27, 0.59, 14.87, 41.54, 0.0, 1.0], [0.2, 25.0, 0.0, 0.0])
(30849636, [2.0, 0.52, 0.0, 3.6, 0.0, 0.12, 0.0, 0.39, 0.0, 0.0], [8.89, 0.35, -1.52, 0.59, 14.87, 41.55, 0.0, 1.0], [0.2, 25.0, 0.0, 0.0])
(30949513, [2.0, 0.52, 0.0, 3.6, 0.0, 0.1, 0.0, 0.39, 0.0, 0.0], [8.9, 0.35, -1.62, 0.59, 14.87, 41.55, 0.0, 1.0], [0.2, 25.0, 0.0, 0.0])
(31049509, [2.0, 0.52, 0.0, 3.6, 0.0, 0.74, 0.0, 0.39, 0.0, 0.0], [8.93, 0.35, -1.49, 0.59, 14.87, 41.55, 0.0, 1.0], [0.2, 25.0, 0.0, 0.0])
(31150932, [2.0, 0.53, 0.0, 3.6, 0.0, 0.74, 0.0, 0.46, 0.0, 0.0], [9.08, 0.35, -0.25, 0.59, 14.87, 41.56, 0.0, 1.0], [0.2, 25.0, 0.0, 0.0])
(31249442, [2.0, 0.53, 0.0, 3.6, 0.0, 0.74, 0.0, 0.54, 0.0, 0.0], [9.05, 0.36, 0.42, 0.59, 14.87, 41.57, 0.0, 1.0], [0.2, 25.0, 0.0, 0.0])
(31349540, [2.0, 0.53, 0.0, 3.6, 0.0, 0.74, 0.0, 0.64, 0.0, 0.0], [8.83, 0.35, 0.9, 0.58, 14.91, 41.57, 0.0, 1.0], [0.2, 25.0, 0.0, 0.0])
(31449446, [2.0, 0.53, 0.0, 3.6, 0.0, 0.74, 0.0, 2.37, 0.0, 0.0], [7.85, 0.35, 1.49, 0.58, 14.96, 41.57, 0.0, 1.0], [0.2, 25.0, 0.0, 0.0])
(31549915, [2.0, 0.53, 0.0, 3.6, 0.0, 0.74, 0.0, 2.37, 0.0, 0.0], [5.12, 0.35, 2.22, 0.57, 14.98, 41.57, 0.0, 1.0], [0.2, 25.0, 0.0, 0.0])
(31649926, [2.0, 0.53, 0.0, 3.6, 0.0, 0.74, 0.0, 2.57, 0.0, 0.0], [3.69, 0.35, 2.58, 0.58, 14.98, 41.58, 0.0, 1.0], [0.2, 25.0, 0.0, 0.0])
(31749800, [2.0, 0.53, 0.0, 3.6, 0.0, 0.74, 0.0, 2.55, 0.0, 0.0], [2.9, 0.34, 2.76, 0.58, 14.98, 41.58, 0.0, 1.0], [0.2, 25.0, 0.0, 0.0])
(31849644, [2.0, 0.53, 0.0, 3.6, 0.0, 0.74, 0.0, 2.52, 0.0, 0.0], [2.51, 0.34, 2.85, 0.57, 14.98, 41.59, 0.0, 1.0], [0.2, 25.0, 0.0, 0.0])
(31949675, [2.0, 0.53, 0.0, 3.6, 0.0, 0.74, 0.0, 2.52, 0.0, 0.0], [2.33, 0.34, 2.89, 0.57, 14.98, 41.6, 0.0, 1.0], [0.2, 25.0, 0.0, 0.0])
(32049602, [2.0, 0.53, 0.0, 3.6, 0.0, 0.74, 0.0, 2.57, 0.0, 0.0], [2.22, 0.34, 2.91, 0.57, 14.98, 41.61, 0.0, 1.0], [0.2, 25.0, 0.0, 0.0])
(32150299, [2.0, 0.53, 0.0, 3.6, 0.0, 0.74, 0.0, 2.6, 0.0, 0.0], [2.12, 0.33, 2.92, 0.57, 14.99, 41.61, 0.0, 1.0], [0.2, 25.0, 0.0, 0.0])
(32249705, [2.0, 0.53, 0.0, 3.6, 0.0, 0.74, 0.0, 2.6, 0.0, 0.0], [2.06, 0.33, 2.93, 0.58, 14.99, 41.62, 0.0, 1.0], [0.2, 25.0, 0.0, 0.0])
(32349717, [2.0, 0.52, 0.0, 3.6, 0.0, 0.74, 0.0, 2.61, 0.0, 0.0], [2.03, 0.33, 2.93, 0.58, 15.0, 41.62, 0.0, 1.0], [0.2, 25.0, 0.0, 0.0])
(32449526, [2.0, 0.53, 0.0, 3.6, 0.0, 0.73, 0.0, 2.59, 0.0, 0.0], [2.02, 0.33, 2.94, 0.58, 15.0, 41.63, 0.0, 1.0], [0.2, 25.0, 0.0, 0.0])
(32549613, [2.0, 0.52, 0.0, 3.6, 0.0, 0.74, 0.0, 2.6, 0.0, 0.0], [2.02, 0.32, 2.95, 0.58, 15.01, 41.64, 0.0, 1.0], [0.2, 25.0, 0.0, 0.0])
(32649472, [2.0, 0.52, 0.0, 3.6, 0.0, 0.74, 0.0, 2.59, 0.0, 0.0], [2.01, 0.32, 2.95, 0.58, 15.01, 41.64, 0.0, 1.0], [0.2, 25.0, 0.0, 0.0])
(32749527, [2.0, 0.51, 0.0, 3.6, 0.0, 0.74, 0.0, 2.56, 0.0, 0.0], [2.03, 0.32, 2.96, 0.57, 15.02, 41.64, 0.0, 1.0], [0.2, 25.0, 0.0, 0.0])
(32849786, [2.0, 0.51, 0.0, 3.6, 0.0, 0.74, 0.0, 2.59, 0.0, 0.0], [2.04, 0.32, 2.97, 0.57, 15.02, 41.65, 0.0, 1.0], [0.2, 25.0, 0.0, 0.0])
(32949606, [2.0, 0.51, 0.0, 3.6, 0.0, 0.74, 0.0, 2.57, 0.0, 0.0], [2.03, 0.31, 2.97, 0.57, 15.03, 41.66, 0.0, 1.0], [0.2, 25.0, 0.0, 0.0])
(33049849, [2.0, 0.5, 0.0, 3.6, 0.0, 0.74, 0.0, 2.57, 0.0, 0.0], [2.04, 0.31, 2.97, 0.57, 15.03, 41.66, 0.0, 1.0], [0.2, 25.0, 0.0, 0.0])
(33149470, [2.0, 0.51, 0.0, 3.6, 0.0, 0.74, 0.0, 2.58, 0.0, 0.0], [2.05, 0.31, 2.98, 0.57, 15.04, 41.67, 0.0, 1.0], [0.2, 25.0, 0.0, 0.0])
(33249692, [2.0, 0.5, 0.0, 3.6, 0.0, 0.74, 0.0, 2.43, 0.0, 0.0], [2.07, 0.31, 2.98, 0.57, 15.05, 41.68, 0.0, 1.0], [0.2, 25.0, 0.0, 0.0])
(33349569, [2.0, 0.51, 0.0, 3.6, 0.0, 0.74, 0.0, 2.43, 0.0, 0.0], [2.2, 0.31, 2.98, 0.58, 15.06, 41.68, 0.0, 1.0], [0.2, 25.0, 0.0, 0.0])
(33449855, [2.0, 0.5, 0.0, 3.6, 0.0, 0.74, 0.0, 2.64, 0.0, 0.0], [2.12, 0.31, 2.98, 0.58, 15.06, 41.69, 0.0, 1.0], [0.2, 25.0, 0.0, 0.0])
(33549587, [2.0, 0.5, 0.0, 3.6, 0.0, 0.74, 0.0, 2.64, 0.0, 0.0], [2.02, 0.3, 2.99, 0.58, 15.07, 41.69, 0.0, 1.0], [0.2, 25.0, 0.0, 0.0])
(33649838, [2.0, 0.5, 0.0, 3.6, 0.0, 0.74, 0.0, 2.4, 0.0, 0.0], [1.98, 0.31, 2.99, 0.58, 15.07, 41.7, 0.0, 1.0], [0.2, 25.0, 0.0, 0.0])
(33749633, [2.0, 0.5, 0.0, 3.6, 0.0, 0.74, 0.0, 2.14, 0.0, 0.0], [2.31, 0.31, 2.99, 0.57, 15.09, 41.71, 0.0, 1.0], [0.2, 25.0, 0.0, 0.0])
(33850288, [2.0, 0.51, 0.0, 3.6, 0.0, 0.74, 0.0, 2.14, 0.0, 0.0], [2.62, 0.31, 2.99, 0.57, 15.1, 41.72, 0.0, 1.0], [0.2, 25.0, 0.0, 0.0])
(33949984, [2.0, 0.51, 0.0, 3.6, 0.0, 0.74, 0.0, 3.6, 0.0, 0.0], [2.08, 0.31, 2.98, 0.57, 15.1, 41.72, 0.0, 1.0], [0.2, 25.0, 0.0, 0.0])
(34049499, [2.0, 0.5, 0.0, 3.6, 0.0, 0.74, 0.0, 2.34, 0.0, 0.0], [1.19, 0.3, 2.99, 0.57, 15.1, 41.73, 0.0, 1.0], [0.2, 25.0, 0.0, 0.0])
(34149469, [2.0, 0.5, 0.0, 3.6, 0.0, 0.74, 0.0, 2.41, 0.0, 0.0], [1.82, 0.31, 2.99, 0.57, 15.1, 41.74, 0.0, 1.0], [0.2, 25.0, 0.0, 0.0])
(34249593, [2.0, 0.49, 0.0, 3.6, 0.0, 0.74, 0.0, 2.41, 0.0, 0.0], [2.1, 0.31, 3.0, 0.57, 15.12, 41.74, 0.0, 1.0], [0.2, 25.0, 0.0, 0.0])
(34349637, [2.0, 0.5, 0.0, 3.6, 0.0, 0.73, 0.0, 2.41, 0.0, 0.0], [2.24, 0.3, 3.0, 0.57, 15.13, 41.75, 0.0, 1.0], [0.2, 25.0, 0.0, 0.0])
(34449814, [2.0, 0.5, 0.0, 3.6, 0.0, 0.74, 0.0, 3.6, 0.0, 0.0], [1.29, 0.31, 3.01, 0.57, 15.13, 41.76, 0.0, 1.0], [0.2, 25.0, 0.0, 0.0])
(34549492, [2.0, 0.49, 0.0, 3.6, 0.0, 0.73, 0.0, 0.69, 0.0, 0.0], [2.36, 0.3, 2.63, 0.56, 15.13, 41.76, 0.0, 1.0], [0.2, 25.0, 0.0, 0.0])
(34649568, [2.0, 0.49, 0.0, 3.6, 0.0, 0.74, 0.0, 0.65, 0.0, 0.0], [5.33, 0.3, 2.23, 0.56, 15.17, 41.76, 0.0, 1.0], [0.2, 25.0, 0.0, 0.0])
(34749585, [2.0, 0.48, 0.0, 3.6, 0.0, 0.74, 0.0, 0.64, 0.0, 0.0], [6.86, 0.3, 2.0, 0.57, 15.18, 41.77, 0.0, 1.0], [0.2, 25.0, 0.0, 0.0])
(34849388, [2.0, 0.47, 0.0, 3.6, 0.0, 0.74, 0.0, 0.63, 0.0, 0.0], [7.61, 0.29, 1.9, 0.57, 15.19, 41.78, 0.0, 1.0], [0.2, 25.0, 0.0, 0.0])
(34949758, [2.0, 0.46, 0.0, 3.6, 0.0, 0.74, 0.0, 0.62, 0.0, 0.0], [7.99, 0.29, 1.87, 0.57, 15.21, 41.79, 0.0, 1.0], [0.2, 25.0, 0.0, 0.0])
(35050285, [2.0, 0.46, 0.0, 3.6, 0.0, 0.74, 0.0, 0.62, 0.0, 0.0], [8.18, 0.29, 1.86, 0.57, 15.22, 41.8, 0.0, 1.0], [0.2, 25.0, 0.0, 0.0])
(35149769, [2.0, 0.46, 0.0, 3.6, 0.0, 0.73, 0.0, 0.61, 0.0, 0.0], [8.28, 0.3, 1.86, 0.57, 15.23, 41.81, 0.0, 1.0], [0.2, 25.0, 0.0, 0.0])
(35249531, [2.0, 0.47, 0.0, 3.6, 0.0, 0.73, 0.0, 0.62, 0.0, 0.0], [8.35, 0.3, 1.83, 0.56, 15.23, 41.82, 0.0, 1.0], [0.2, 25.0, 0.0, 0.0])
(35349769, [2.0, 0.51, 0.0, 3.6, 0.0, 0.73, 0.0, 0.62, 0.0, 0.0], [8.41, 0.29, 1.76, 0.56, 15.24, 41.83, 0.0, 1.0], [0.2, 25.0, 0.0, 0.0])
(35449572, [2.0, 0.55, 0.0, 3.6, 0.0, 0.74, 0.0, 0.63, 0.0, 0.0], [8.5, 0.29, 1.57, 0.57, 15.24, 41.83, 0.0, 1.0], [0.2, 25.0, 0.0, 0.0])
(35549680, [2.0, 0.69, 0.0, 3.6, 0.0, 0.74, 0.0, 0.65, 0.0, 0.0], [8.59, 0.29, 1.24, 0.56, 15.24, 41.85, 0.0, 1.0], [0.2, 25.0, 0.0, 0.0])
(35649616, [2.0, 0.86, 0.0, 3.6, 0.0, 0.73, 0.0, 0.66, 0.0, 0.0], [8.69, 0.3, 0.28, 0.56, 15.24, 41.86, 0.0, 1.0], [0.2, 25.0, 0.0, 0.0])
(35749708, [2.0, 0.94, 0.0, 3.6, 0.0, 0.74, 0.0, 0.68, 0.0, 0.0], [8.58, 0.3, -1.02, 0.56, 15.24, 41.87, 0.0, 1.0], [0.2, 25.0, 0.0, 0.0])
(35849578, [2.0, 0.92, 0.0, 3.6, 0.0, 0.74, 0.0, 0.7, 0.0, 0.0], [8.48, 0.29, -1.73, 0.56, 15.24, 41.88, 0.0, 1.0], [0.2, 25.0, 0.0, 0.0])
(35949674, [2.0, 0.86, 0.0, 3.6, 0.0, 0.73, 0.0, 0.73, 0.0, 0.0], [8.46, 0.29, -1.95, 0.57, 15.24, 41.89, 0.0, 1.0], [0.2, 25.0, 0.0, 0.0])
(36049350, [2.0, 0.82, 0.0, 3.6, 0.0, 0.74, 0.0, 0.74, 0.0, 0.0], [8.49, 0.29, -1.85, 0.56, 15.24, 41.9, 0.0, 1.0], [0.2, 25.0, 0.0, 0.0])
(36149515, [2.0, 0.76, 0.0, 3.6, 0.0, 0.73, 0.0, 0.75, 0.0, 0.0], [8.57, 0.28, -1.48, 0.57, 15.24, 41.91, 0.0, 1.0], [0.2, 25.0, 0.0, 0.0])
(36249784, [2.0, 0.73, 0.0, 3.6, 0.0, 0.74, 0.0, 0.75, 0.0, 0.0], [8.63, 0.28, -1.0, 0.56, 15.24, 41.92, 0.0, 1.0], [0.2, 25.0, 0.0, 0.0])
(36349588, [2.0, 0.65, 0.0, 3.6, 0.0, 0.74, 0.0, 3.6, 0.0, 0.0], [8.19, 0.28, -0.13, 0.57, 15.24, 41.93, 0.0, 1.0], [0.2, 25.0, 0.0, 0.0])
(36449693, [2.0, 0.61, 0.0, 3.6, 0.0, 0.74, 0.0, 3.6, 0.0, 0.0], [4.17, 0.28, 1.31, 0.56, 15.3, 41.94, 0.0, 1.0], [0.2, 25.0, 0.0, 0.0])
(36549422, [2.0, 0.53, 0.0, 3.6, 0.0, 0.74, 0.0, 3.6, 0.0, 0.0], [2.06, 0.28, 2.1, 0.56, 15.31, 41.96, 0.0, 1.0], [0.2, 25.0, 0.0, 0.0])
(36649471, [2.0, 0.45, 0.0, 0.43, 0.0, 0.74, 0.0, 2.08, 0.0, 0.0], [-0.89, 0.28, 1.98, 0.57, 15.32, 41.97, 0.0, 1.0], [0.2, 25.0, 0.0, 0.0])
(36750767, [2.0, 0.42, 0.0, 0.42, 0.0, 0.74, 0.0, 2.47, 0.0, 0.0], [-3.8, 0.28, 1.72, 0.56, 15.32, 41.98, 0.0, 1.0], [0.2, 25.0, 0.0, 0.0])
(36849693, [2.0, 0.37, 0.0, 0.42, 0.0, 0.74, 0.0, 2.62, 0.0, 0.0], [-5.32, 0.28, 1.71, 0.56, 15.32, 42.0, 0.0, 1.0], [0.2, 25.0, 0.0, 0.0])
(36949564, [2.0, 0.35, 0.0, 0.43, 0.0, 0.74, 0.0, 2.66, 0.0, 0.0], [-6.14, 0.28, 1.81, 0.56, 15.32, 42.01, 0.0, 1.0], [0.2, 25.0, 0.0, 0.0])
(37049653, [2.0, 0.31, 0.0, 0.44, 0.0, 0.74, 0.0, 2.71, 0.0, 0.0], [-6.53, 0.28, 1.95, 0.56, 15.32, 42.02, 0.0, 1.0], [0.2, 25.0, 0.0, 0.0])
(37149756, [2.0, 0.3, 0.0, 0.44, 0.0, 0.74, 0.0, 2.72, 0.0, 0.0], [-6.72, 0.28, 2.09, 0.56, 15.32, 42.04, 0.0, 1.0], [0.2, 25.0, 0.0, 0.0])
(37250291, [2.0, 0.28, 0.0, 0.44, 0.0, 0.74, 0.0, 2.73, 0.0, 0.0], [-6.81, 0.28, 2.19, 0.56, 15.32, 42.05, 0.0, 1.0], [0.2, 25.0, 0.0, 0.0])
(37349621, [2.0, 0.27, 0.0, 0.43, 0.0, 0.74, 0.0, 2.74, 0.0, 0.0], [-6.86, 0.28, 2.27, 0.56, 15.32, 42.07, 0.0, 1.0], [0.2, 25.0, 0.0, 0.0])
(37449690, [2.0, 0.27, 0.0, 0.42, 0.0, 0.74, 0.0, 2.73, 0.0, 0.0], [-6.88, 0.27, 2.33, 0.56, 15.32, 42.09, 0.0, 1.0], [0.2, 25.0, 0.0, 0.0])
(37549378, [2.0, 0.26, 0.0, 0.42, 0.0, 0.74, 0.0, 2.73, 0.0, 0.0], [-6.91, 0.27, 2.35, 0.56, 15.33, 42.11, 0.0, 1.0], [0.2, 25.0, 0.0, 0.0])
(37649522, [2.0, 0.26, 0.0, 0.41, 0.0, 0.74, 0.0, 2.73, 0.0, 0.0], [-6.94, 0.26, 2.36, 0.56, 15.35, 42.12, 0.0, 1.0], [0.2, 25.0, 0.0, 0.0])
(37749434, [2.0, 0.25, 0.0, 0.4, 0.0, 0.74, 0.0, 2.72, 0.0, 0.0], [-6.95, 0.26, 2.37, 0.56, 15.37, 42.14, 0.0, 1.0], [0.2, 25.0, 0.0, 0.0])
(37849513, [2.0, 0.25, 0.0, 0.39, 0.0, 0.74, 0.0, 2.72, 0.0, 0.0], [-6.97, 0.26, 2.38, 0.57, 15.38, 42.16, 0.0, 1.0], [0.2, 25.0, 0.0, 0.0])
(37949591, [2.0, 0.25, 0.0, 0.39, 0.0, 0.73, 0.0, 2.73, 0.0, 0.0], [-6.99, 0.25, 2.37, 0.56, 15.41, 42.18, 0.0, 1.0], [0.2, 25.0, 0.0, 0.0])
(38050774, [2.0, 0.24, 0.0, 0.38, 0.0, 0.74, 0.0, 2.73, 0.0, 0.0], [-7.01, 0.25, 2.37, 0.57, 15.43, 42.2, 0.0, 1.0], [0.2, 25.0, 0.0, 0.0])
(38150328, [2.0, 0.25, 0.0, 0.38, 0.0, 0.74, 0.0, 2.72, 0.0, 0.0], [-7.03, 0.25, 2.37, 0.57, 15.45, 42.22, 0.0, 1.0], [0.2, 25.0, 0.0, 0.0])
(38249871, [2.0, 0.25, 0.0, 0.38, 0.0, 0.74, 0.0, 2.73, 0.0, 0.0], [-7.02, 0.26, 2.37, 0.57, 15.47, 42.25, 0.0, 1.0], [0.2, 25.0, 0.0, 0.0])
(38349572, [2.0, 0.24, 0.0, 0.39, 0.0, 0.74, 0.0, 2.7, 0.0, 0.0], [-7.01, 0.25, 2.38, 0.57, 15.48, 42.26, 0.0, 1.0], [0.2, 25.0, 0.0, 0.0])
(38449569, [2.0, 0.25, 0.0, 0.39, 0.0, 0.74, 0.0, 2.7, 0.0, 0.0], [-6.98, 0.25, 2.38, 0.56, 15.5, 42.28, 0.0, 1.0], [0.2, 25.0, 0.0, 0.0])
(38549811, [2.0, 0.24, 0.0, 0.39, 0.0, 0.74, 0.0, 2.7, 0.0, 0.0], [-6.96, 0.24, 2.39, 0.57, 15.53, 42.31, 0.0, 1.0], [0.2, 25.0, 0.0, 0.0])
(38649578, [2.0, 0.24, 0.0, 0.38, 0.0, 0.74, 0.0, 2.69, 0.0, 0.0], [-6.96, 0.24, 2.4, 0.57, 15.55, 42.33, 0.0, 1.0], [0.2, 25.0, 0.0, 0.0])
(38749785, [2.0, 0.24, 0.0, 0.38, 0.0, 0.73, 0.0, 2.72, 0.0, 0.0], [-6.97, 0.24, 2.39, 0.57, 15.57, 42.36, 0.0, 1.0], [0.2, 25.0, 0.0, 0.0])
(38849603, [2.0, 0.24, 0.0, 0.37, 0.0, 0.74, 0.0, 2.73, 0.0, 0.0], [-7.0, 0.24, 2.39, 0.55, 15.59, 42.37, 0.0, 1.0], [0.2, 25.0, 0.0, 0.0])
(38949884, [2.0, 0.24, 0.0, 0.37, 0.0, 0.74, 0.0, 2.72, 0.0, 0.0], [-7.02, 0.24, 2.4, 0.55, 15.62, 42.4, 0.0, 1.0], [0.2, 25.0, 0.0, 0.0])
(39049610, [2.0, 0.24, 0.0, 0.37, 0.0, 0.73, 0.0, 2.74, 0.0, 0.0], [-7.04, 0.24, 2.39, 0.55, 15.64, 42.42, 0.0, 1.0], [0.2, 25.0, 0.0, 0.0])
(39149922, [2.0, 0.24, 0.0, 0.38, 0.0, 0.74, 0.0, 2.72, 0.0, 0.0], [-7.07, 0.24, 2.38, 0.55, 15.67, 42.45, 0.0, 1.0], [0.2, 25.0, 0.0, 0.0])
(39249444, [2.0, 0.24, 0.0, 0.38, 0.0, 0.74, 0.0, 2.73, 0.0, 0.0], [-7.04, 0.23, 2.39, 0.55, 15.69, 42.47, 0.0, 1.0], [0.2, 25.0, 0.0, 0.0])
(39349739, [2.0, 0.22, 0.0, 0.38, 0.0, 0.74, 0.0, 2.74, 0.0, 0.0], [-7.04, 0.23, 2.4, 0.55, 15.71, 42.49, 0.0, 1.0], [0.2, 25.0, 0.0, 0.0])
(39449605, [2.0, 0.23, 0.0, 0.38, 0.0, 0.74, 0.0, 2.75, 0.0, 0.0], [-7.04, 0.23, 2.43, 0.55, 15.74, 42.52, 0.0, 1.0], [0.2, 25.0, 0.0, 0.0])
(39549440, [2.0, 0.25, 0.0, 0.39, 0.0, 0.74, 0.0, 2.73, 0.0, 0.0], [-7.04, 0.23, 2.4, 0.55, 15.76, 42.54, 0.0, 1.0], [0.2, 25.0, 0.0, 0.0])
(39649399, [2.0, 0.25, 0.0, 0.39, 0.0, 0.74, 0.0, 2.74, 0.0, 0.0], [-7.03, 0.22, 2.39, 0.55, 15.79, 42.56, 0.0, 1.0], [0.2, 25.0, 0.0, 0.0])
(39749480, [2.0, 0.25, 0.0, 0.39, 0.0, 0.74, 0.0, 2.73, 0.0, 0.0], [-7.02, 0.22, 2.38, 0.55, 15.81, 42.59, 0.0, 1.0], [0.2, 25.0, 0.0, 0.0])
(39849415, [2.0, 0.25, 0.0, 0.39, 0.0, 0.74, 0.0, 2.73, 0.0, 0.0], [-7.02, 0.22, 2.39, 0.66, 15.92, 42.7, 0.0, 1.0], [0.2, 25.0, 0.0, 0.0])
(39950481, [2.0, 0.26, 0.0, 0.07, 0.0, 0.74, 0.0, 2.73, 0.0, 0.0], [-7.43, 0.23, 2.17, 0.71, 16.14, 42.92, 0.0, 1.0], [0.2, 25.0, 0.0, 0.0])
(40049672, [2.0, 0.26, 0.0, 0.02, 0.0, 0.74, 0.0, 2.73, 0.0, 0.0], [-7.74, 0.23, 2.01, 0.57, 16.34, 42.99, 0.0, 1.0], [0.2, 25.0, 0.0, 0.0])
(40149657, [2.0, 0.27, 0.0, 0.4, 0.0, 0.74, 0.0, 2.74, 0.0, 0.0], [-7.84, 0.21, 1.95, 0.56, 16.34, 43.02, 0.0, 1.0], [0.2, 25.0, 0.0, 0.0])
(40249686, [2.0, 0.27, 0.0, 0.4, 0.0, 0.74, 0.0, 2.73, 0.0, 0.0], [-7.43, 0.21, 2.13, 0.58, 16.34, 43.08, 0.0, 1.0], [0.2, 25.0, 0.0, 0.0])
(40349600, [2.0, 0.27, 0.0, 0.4, 0.0, 0.72, 0.0, 2.73, 0.0, 0.0], [-7.24, 0.22, 2.2, 0.57, 16.35, 43.12, 0.0, 1.0], [0.2, 25.0, 0.0, 0.0])
(40449798, [2.0, 0.27, 0.0, 0.08, 0.0, 0.62, 0.0, 0.02, 0.0, 0.0], [-7.47, 0.27, 1.98, 0.58, 16.42, 43.17, 0.0, 1.0], [0.2, 25.0, 0.0, 0.0])
(40549565, [2.0, 0.28, 0.0, 0.0, 0.0, 0.6, 0.0, 0.02, 0.0, 0.0], [-4.42, 0.24, 2.67, 0.6, 16.62, 43.38, 0.0, 1.0], [0.2, 25.0, 0.0, 0.0])
(40649701, [2.0, 0.28, 0.0, 0.0, 0.0, 0.08, 0.0, 0.02, 0.0, 0.0], [-2.42, 0.24, 1.59, 0.69, 17.0, 43.7, 0.0, 1.0], [0.2, 25.0, 0.0, 0.0])
(40750346, [2.0, 0.29, 0.0, 0.0, 0.0, 0.03, 0.0, 0.03, 0.0, 0.0], [-1.37, 0.73, -0.47, 2.11, 18.14, 44.82, 0.0, 1.0], [0.2, 25.0, 0.0, 0.0])
(40849700, [2.0, 0.29, 0.0, 0.0, 0.0, 0.04, 0.0, 0.01, 0.0, 0.0], [-0.79, 2.49, -1.52, 1.94, 19.42, 46.17, 0.01, 1.0], [0.2, 25.0, 0.0, 0.0])
(40949749, [2.0, 0.29, 0.0, 0.0, 0.0, 0.03, 0.0, 0.0, 0.0, 0.0], [-0.45, 7.43, -2.04, -0.21, 20.58, 47.41, 0.01, 1.0], [0.2, 25.0, 0.0, 0.0])
(41049622, [2.0, 0.29, 0.0, 0.0, 0.0, 0.03, 0.0, 0.0, 0.0, 0.0], [-0.25, 15.46, -2.31, -2.39, 21.47, 48.24, 0.01, 1.0], [0.2, 25.0, 0.0, 0.0])
(41149406, [2.0, 0.29, 0.0, 0.0, 0.0, 0.03, 0.0, 0.01, 0.0, 0.0], [-0.21, 26.52, -2.44, -5.17, 23.12, 49.34, 0.01, 1.0], [0.2, 25.0, 0.0, 0.0])
(41249615, [2.0, 0.3, 0.0, 0.0, 0.0, 0.02, 0.0, 0.0, 0.0, 0.0], [-0.16, 39.7, -2.51, -6.53, 23.38, 48.35, 0.01, 1.0], [0.32, 25.0, 0.0, 0.0])
(41349536, [2.0, 0.31, 0.0, 0.0, 0.0, 0.03, 0.0, 0.0, 0.0, 0.0], [-0.08, 53.06, -2.56, -6.67, 23.38, 46.45, 0.01, 1.0], [0.34, 25.0, 0.0, 0.0])
(41449632, [2.0, 0.31, 0.0, 0.0, 0.0, 0.03, 0.0, 0.0, 0.0, 0.0], [-0.03, 64.28, -2.59, -7.53, 23.38, 45.7, 0.02, 1.0], [0.52, 25.0, 0.0, 0.0])
(41549589, [2.0, 0.31, 0.0, 0.0, 0.0, 0.03, 0.0, 0.0, 0.0, 0.0], [-0.01, 72.21, -2.6, -9.16, 23.38, 45.19, 0.02, 1.0], [0.64, 25.0, 0.0, 0.0])
(41649492, [2.0, 0.3, 0.0, 0.0, 0.0, 0.02, 0.0, 0.0, 0.0, 0.0], [-0.07, 77.85, -2.61, -11.13, 25.29, 45.7, 0.02, 1.0], [0.66, 25.0, 0.0, 0.0])
(41749629, [2.0, 0.29, 0.0, 0.0, 0.0, 0.03, 0.0, 0.0, 0.0, 0.0], [-0.08, 82.95, -2.59, -12.29, 26.92, 45.68, 0.02, 1.0], [0.68, 25.0, 0.0, 0.0])
(41849663, [2.0, 0.26, 0.0, 0.0, 0.0, 0.03, 0.0, 0.0, 0.0, 0.0], [-0.11, 87.9, -2.56, -12.84, 28.85, 46.4, 0.02, 1.0], [0.74, 25.0, 0.0, 0.0])
(41949653, [2.0, 0.25, 0.0, 0.0, 0.0, 0.02, 0.0, 0.0, 0.0, 0.0], [-0.16, 92.55, -2.53, -13.33, 32.27, 48.47, 0.02, 1.0], [0.73, 25.0, 0.0, 0.0])
(42049521, [2.0, 0.21, 0.0, 0.0, 0.0, 0.02, 0.0, 0.0, 0.0, 0.0], [-0.18, 98.11, -2.48, -13.98, 35.67, 50.0, 0.02, 1.0], [0.2, 25.0, 0.0, 0.0])
(42149506, [2.0, 0.17, 0.0, 0.0, 0.0, 0.03, 0.0, 0.0, 0.0, 0.0], [-0.15, 104.11, -2.43, -13.71, 37.59, 50.8, 0.02, 1.0], [0.2, 25.0, 0.0, 0.0])
(42249843, [2.0, 0.17, 0.0, 0.0, 0.0, 0.02, 0.0, 0.0, 0.0, 0.0], [-0.13, 109.91, -2.38, -13.66, 39.58, 51.3, 0.02, 1.0], [0.2, 25.0, 0.0, 0.0])
(42349566, [2.0, 0.16, 0.0, 0.0, 0.0, 0.02, 0.0, 0.0, 0.0, 0.0], [-0.09, 114.52, -2.36, -13.17, 40.62, 51.72, 0.02, 1.0], [0.2, 25.0, 0.0, 0.0])
(42449388, [2.0, 0.16, 0.0, 0.0, 0.0, 0.02, 0.0, 0.0, 0.0, 0.0], [-0.16, 118.75, -2.33, -14.42, 44.35, 52.17, 0.02, 1.0], [0.64, 25.0, 0.0, 0.0])
(42549802, [2.0, 0.15, 0.0, 0.0, 0.0, 0.01, 0.0, 0.0, 0.0, 0.0], [-0.27, 122.47, -2.3, -16.25, 50.94, 53.97, 0.02, 1.0], [0.2, 25.0, 0.0, 0.0])
(42649452, [2.0, 0.14, 0.0, 0.0, 0.0, 0.02, 0.0, 0.0, 0.0, 0.0], [-0.3, 125.46, -2.27, -18.24, 56.87, 54.71, 0.02, 1.0], [0.65, 25.0, 0.0, 0.0])
(42749812, [2.0, 0.13, 0.0, 0.0, 0.0, 0.01, 0.0, 0.0, 0.0, 0.0], [-0.31, 127.88, -2.24, -19.98, 62.61, 55.66, 0.02, 1.0], [0.2, 25.0, 0.0, 0.0])
(42849368, [2.0, 0.12, 0.0, 0.0, 0.0, 0.02, 0.0, 0.0, 0.0, 0.0], [-0.26, 129.1, -2.23, -21.13, 66.75, 56.65, 0.02, 1.0], [0.31, 25.0, 0.0, 0.0])
(42949485, [2.0, 0.11, 0.0, 0.0, 0.0, 0.02, 0.0, 0.0, 0.0, 0.0], [-0.22, 129.53, -2.22, -22.06, 69.87, 57.65, 0.02, 1.0], [0.31, 25.0, 0.0, 0.0])
(43049364, [2.0, 0.11, 0.0, 0.0, 0.0, 0.02, 0.0, 0.0, 0.0, 0.0], [-0.16, 129.65, -2.21, -22.62, 72.01, 58.53, 0.02, 1.0], [0.2, 25.0, 0.0, 0.0])
(43149748, [2.0, 0.11, 0.0, 0.0, 0.0, 0.02, 0.0, 0.0, 0.0, 0.0], [-0.09, 129.78, -2.21, -22.53, 72.36, 58.84, 0.02, 1.0], [0.2, 25.0, 0.0, 0.0])
