(311295629, [2.0, 0.89, 0.0, 1.25, 0.0, 3.6, 0.0, 1.2, 0.0, 0.0], [0.0, -0.24, 0.0, 0.22, 93.32, 93.32, 0.0, 1.0], [0.2, 25.0, 0.0, 0.0])
(311394693, [2.0, 0.89, 0.0, 1.26, 0.0, 3.6, 0.0, 1.2, 0.0, 0.0], [0.0, -0.24, 0.0, 0.23, 93.31, 93.31, 0.0, 1.0], [0.2, 25.0, 0.0, 0.0])
(311495121, [2.0, 0.89, 0.0, 1.25, 0.0, 3.6, 0.0, 1.2, 0.0, 0.0], [0.0, -0.24, 0.0, 0.23, 93.31, 93.31, 0.0, 1.0], [0.2, 25.0, 0.0, 0.0])
(311594830, [2.0, 0.89, 0.0, 1.25, 0.0, 3.6, 0.0, 1.2, 0.0, 0.0], [0.0, -0.24, 0.0, 0.23, 93.31, 93.3, 0.0, 1.0], [0.2, 25.0, 0.0, 0.0])
(311695085, [2.0, 0.89, 0.0, 1.26, 0.0, 3.6, 0.0, 1.2, 0.0, 0.0], [0.0, -0.24, 0.0, 0.23, 93.3, 93.3, 0.0, 1.0], [0.2, 25.0, 0.0, 0.0])
(311794723, [2.0, 0.89, 0.0, 1.26, 0.0, 3.6, 0.0, 1.2, 0.0, 0.0], [0.0, -0.24, 0.0, 0.23, 93.3, 93.3, 0.0, 1.0], [0.2, 25.0, 0.0, 0.0])
(311894753, [2.0, 0.89, 0.0, 1.27, 0.0, 3.6, 0.0, 1.2, 0.0, 0.0], [0.0, -0.24, 0.0, 0.23, 93.3, 93.29, 0.0, 1.0], [0.2, 25.0, 0.0, 0.0])
(311994719, [2.0, 0.89, 0.0, 1.25, 0.0, 3.6, 0.0, 1.2, 0.0, 0.0], [0.0, -0.24, 0.0, 0.22, 93.3, 93.29, 0.0, 1.0], [0.2, 25.0, 0.0, 0.0])
(312095298, [2.0, 0.89, 0.0, 1.27, 0.0, 3.6, 0.0, 1.21, 0.0, 0.0], [0.0, -0.24, 0.0, 0.23, 93.29, 93.29, 0.0, 1.0], [0.2, 25.0, 0.0, 0.0])
(312195061, [2.0, 0.89, 0.0, 1.27, 0.0, 3.6, 0.0, 1.2, 0.0, 0.0], [0.0, -0.24, 0.0, 0.23, 93.28, 93.28, 0.0, 1.0], [0.2, 25.0, 0.0, 0.0])
(312294980, [2.0, 0.89, 0.0, 1.25, 0.0, 3.6, 0.0, 1.2, 0.0, 0.0], [0.0, -0.24, 0.0, 0.23, 93.28, 93.28, 0.0, 1.0], [0.2, 25.0, 0.0, 0.0])
(312395239, [2.0, 0.89, 0.0, 1.25, 0.0, 3.6, 0.0, 1.2, 0.0, 0.0], [0.0, -0.24, 0.0, 0.23, 93.28, 93.27, 0.0, 1.0], [0.2, 25.0, 0.0, 0.0])
(312494915, [2.0, 0.89, 0.0, 1.26, 0.0, 3.6, 0.0, 1.2, 0.0, 0.0], [0.0, -0.24, 0.0, 0.23, 93.27, 93.27, 0.0, 1.0], [0.2, 25.0, 0.0, 0.0])
(312594966, [2.0, 0.89, 0.0, 1.25, 0.0, 3.6, 0.0, 1.2, 0.0, 0.0], [0.0, -0.24, 0.0, 0.23, 93.27, 93.27, 0.0, 1.0], [0.2, 25.0, 0.0, 0.0])
(312694715, [2.0, 0.89, 0.0, 1.26, 0.0, 3.6, 0.0, 1.2, 0.0, 0.0], [0.0, -0.24, 0.0, 0.23, 93.27, 93.27, 0.0, 1.0], [0.2, 25.0, 0.0, 0.0])
(312795636, [2.0, 0.89, 0.0, 1.25, 0.0, 3.6, 0.0, 1.2, 0.0, 0.0], [0.0, -0.24, 0.0, 0.23, 93.26, 93.26, 0.0, 1.0], [0.2, 25.0, 0.0, 0.0])
(312894893, [2.0, 0.89, 0.0, 1.24, 0.0, 3.6, 0.0, 1.2, 0.0, 0.0], [0.0, -0.24, 0.0, 0.23, 93.26, 93.25, 0.0, 1.0], [0.2, 25.0, 0.0, 0.0])
(312995004, [2.0, 0.89, 0.0, 1.26, 0.0, 3.6, 0.0, 1.2, 0.0, 0.0], [0.0, -0.24, 0.0, 0.23, 93.25, 93.25, 0.0, 1.0], [0.2, 25.0, 0.0, 0.0])
(313094784, [2.0, 0.89, 0.0, 1.26, 0.0, 3.6, 0.0, 1.2, 0.0, 0.0], [0.0, -0.24, 0.0, 0.23, 93.25, 93.25, 0.0, 1.0], [0.2, 25.0, 0.0, 0.0])
(313195168, [2.0, 0.89, 0.0, 1.25, 0.0, 3.6, 0.0, 1.2, 0.0, 0.0], [0.0, -0.24, 0.0, 0.22, 93.25, 93.25, 0.0, 1.0], [0.2, 25.0, 0.0, 0.0])
(313294721, [2.0, 0.89, 0.0, 1.26, 0.0, 3.6, 0.0, 1.2, 0.0, 0.0], [0.0, -0.24, 0.0, 0.22, 93.25, 93.24, 0.0, 1.0], [0.2, 25.0, 0.0, 0.0])
(313395008, [2.0, 0.89, 0.0, 1.25, 0.0, 3.6, 0.0, 1.2, 0.0, 0.0], [0.0, -0.24, 0.0, 0.22, 93.25, 93.24, 0.0, 1.0], [0.2, 25.0, 0.0, 0.0])
(313494715, [2.0, 0.89, 0.0, 1.26, 0.0, 3.6, 0.0, 1.2, 0.0, 0.0], [0.0, -0.24, 0.0, 0.22, 93.26, 93.25, 0.0, 1.0], [0.2, 25.0, 0.0, 0.0])
(313595195, [2.0, 0.89, 0.0, 1.27, 0.0, 3.6, 0.0, 1.2, 0.0, 0.0], [0.0, -0.24, 0.0, 0.22, 93.26, 93.26, 0.0, 1.0], [0.2, 25.0, 0.0, 0.0])
(313694861, [2.0, 0.89, 0.0, 1.27, 0.0, 3.6, 0.0, 1.2, 0.0, 0.0], [0.0, -0.24, 0.0, 0.22, 93.24, 93.24, 0.0, 1.0], [0.2, 25.0, 0.0, 0.0])
(313795394, [2.0, 0.89, 0.0, 1.26, 0.0, 3.6, 0.0, 1.2, 0.0, 0.0], [0.0, -0.23, 0.0, 0.21, 93.24, 93.24, 0.0, 1.0], [0.2, 25.0, 0.0, 0.0])
(313894914, [2.0, 0.89, 0.0, 1.26, 0.0, 3.6, 0.0, 1.2, 0.0, 0.0], [0.0, -0.23, 0.0, 0.2, 93.26, 93.26, 0.0, 1.0], [0.2, 25.0, 0.0, 0.0])
(313994719, [2.0, 0.89, 0.0, 1.26, 0.0, 3.6, 0.0, 1.2, 0.0, 0.0], [0.0, -0.22, 0.0, 0.22, 93.26, 93.26, 0.0, 1.0], [0.2, 25.0, 0.0, 0.0])
(314094744, [2.0, 0.89, 0.0, 1.26, 0.0, 3.6, 0.0, 1.21, 0.0, 0.0], [0.0, -0.22, 0.0, 0.23, 93.23, 93.23, 0.0, 1.0], [0.2, 25.0, 0.0, 0.0])
(314194708, [2.0, 0.89, 0.0, 1.25, 0.0, 3.6, 0.0, 1.2, 0.0, 0.0], [0.0, -0.23, 0.0, 0.22, 93.22, 93.22, 0.0, 1.0], [0.2, 25.0, 0.0, 0.0])
(314295031, [2.0, 0.89, 0.0, 1.25, 0.0, 3.6, 0.0, 1.2, 0.0, 0.0], [0.0, -0.23, 0.0, 0.22, 93.23, 93.22, 0.0, 1.0], [0.2, 25.0, 0.0, 0.0])
(314394705, [2.0, 0.89, 0.0, 1.23, 0.0, 3.6, 0.0, 1.2, 0.0, 0.0], [0.0, -0.23, 0.0, 0.22, 93.22, 93.22, 0.0, 1.0], [0.2, 25.0, 0.0, 0.0])
(314495013, [2.0, 0.89, 0.0, 1.26, 0.0, 3.6, 0.0, 1.2, 0.0, 0.0], [0.0, -0.24, 0.0, 0.22, 93.22, 93.22, 0.0, 1.0], [0.2, 25.0, 0.0, 0.0])
(314594711, [2.0, 0.89, 0.0, 1.26, 0.0, 3.6, 0.0, 1.2, 0.0, 0.0], [0.0, -0.24, 0.0, 0.21, 93.23, 93.22, 0.0, 1.0], [0.2, 25.0, 0.0, 0.0])
(314695258, [2.0, 0.89, 0.0, 1.26, 0.0, 3.6, 0.0, 1.2, 0.0, 0.0], [0.0, -0.24, 0.0, 0.21, 93.21, 93.21, 0.0, 1.0], [0.2, 25.0, 0.0, 0.0])
(314794702, [2.0, 0.89, 0.0, 1.25, 0.0, 3.6, 0.0, 1.2, 0.0, 0.0], [0.0, -0.23, 0.0, 0.21, 93.22, 93.22, 0.0, 1.0], [0.2, 25.0, 0.0, 0.0])
(314895338, [2.0, 0.89, 0.0, 1.26, 0.0, 3.6, 0.0, 1.2, 0.0, 0.0], [0.0, -0.23, 0.0, 0.22, 93.22, 93.21, 0.0, 1.0], [0.2, 25.0, 0.0, 0.0])
(314994864, [2.0, 0.89, 0.0, 1.25, 0.0, 3.6, 0.0, 1.2, 0.0, 0.0], [0.0, -0.23, 0.0, 0.21, 93.21, 93.21, 0.0, 1.0], [0.2, 25.0, 0.0, 0.0])
(315095237, [2.0, 0.89, 0.0, 1.27, 0.0, 3.6, 0.0, 1.2, 0.0, 0.0], [0.0, -0.23, 0.0, 0.22, 93.21, 93.2, 0.0, 1.0], [0.2, 25.0, 0.0, 0.0])
(315194879, [2.0, 0.89, 0.0, 1.24, 0.0, 3.6, 0.0, 1.2, 0.0, 0.0], [0.0, -0.24, 0.0, 0.22, 93.19, 93.19, 0.0, 1.0], [0.2, 25.0, 0.0, 0.0])
(315294787, [2.0, 0.89, 0.0, 1.26, 0.0, 3.6, 0.0, 1.2, 0.0, 0.0], [0.0, -0.23, 0.0, 0.22, 93.19, 93.19, 0.0, 1.0], [0.2, 25.0, 0.0, 0.0])
(315394730, [2.0, 0.89, 0.0, 1.24, 0.0, 3.6, 0.0, 1.2, 0.0, 0.0], [0.0, -0.23, 0.0, 0.22, 93.19, 93.18, 0.0, 1.0], [0.2, 25.0, 0.0, 0.0])
(315495025, [2.0, 0.89, 0.0, 1.25, 0.0, 3.6, 0.0, 1.2, 0.0, 0.0], [0.0, -0.23, 0.0, 0.22, 93.19, 93.18, 0.0, 1.0], [0.2, 25.0, 0.0, 0.0])
(315594780, [2.0, 0.89, 0.0, 1.26, 0.0, 3.6, 0.0, 1.2, 0.0, 0.0], [0.0, -0.23, 0.0, 0.22, 93.19, 93.18, 0.0, 1.0], [0.2, 25.0, 0.0, 0.0])
(315694828, [2.0, 0.89, 0.0, 1.26, 0.0, 3.6, 0.0, 1.2, 0.0, 0.0], [0.0, -0.23, 0.0, 0.22, 93.18, 93.18, 0.0, 1.0], [0.2, 25.0, 0.0, 0.0])
(315794788, [2.0, 0.89, 0.0, 1.26, 0.0, 3.6, 0.0, 1.2, 0.0, 0.0], [0.0, -0.22, 0.0, 0.21, 93.18, 93.18, 0.0, 1.0], [0.2, 25.0, 0.0, 0.0])
(315894809, [2.0, 0.89, 0.0, 1.26, 0.0, 3.6, 0.0, 1.2, 0.0, 0.0], [0.0, -0.22, 0.0, 0.21, 93.18, 93.17, 0.0, 1.0], [0.2, 25.0, 0.0, 0.0])
(315994726, [2.0, 0.89, 0.0, 1.26, 0.0, 3.6, 0.0, 1.2, 0.0, 0.0], [0.0, -0.22, 0.0, 0.21, 93.17, 93.17, 0.0, 1.0], [0.2, 25.0, 0.0, 0.0])
(316094711, [2.0, 0.89, 0.0, 1.27, 0.0, 3.6, 0.0, 1.2, 0.0, 0.0], [0.0, -0.21, 0.0, 0.21, 93.18, 93.18, 0.0, 1.0], [0.2, 25.0, 0.0, 0.0])
(316195121, [2.0, 0.89, 0.0, 1.27, 0.0, 3.6, 0.0, 1.2, 0.0, 0.0], [0.0, -0.21, 0.0, 0.2, 93.18, 93.17, 0.0, 1.0], [0.2, 25.0, 0.0, 0.0])
(316294849, [2.0, 0.89, 0.0, 1.25, 0.0, 3.6, 0.0, 1.2, 0.0, 0.0], [0.0, -0.21, 0.0, 0.2, 93.17, 93.17, 0.0, 1.0], [0.2, 25.0, 0.0, 0.0])
(316395345, [2.0, 0.89, 0.0, 1.26, 0.0, 3.6, 0.0, 1.2, 0.0, 0.0], [0.0, -0.21, 0.0, 0.21, 93.17, 93.18, 0.0, 1.0], [0.2, 25.0, 0.0, 0.0])
(316494872, [2.0, 0.89, 0.0, 1.25, 0.0, 3.6, 0.0, 1.2, 0.0, 0.0], [0.0, -0.22, 0.0, 0.19, 93.17, 93.2, 0.0, 1.0], [0.2, 25.0, 0.0, 0.0])
(316595194, [2.0, 0.89, 0.0, 1.25, 0.0, 3.6, 0.0, 1.2, 0.0, 0.0], [0.0, -0.65, 0.0, -0.05, 93.17, 93.62, 0.0, 1.0], [0.2, 25.0, 0.0, 0.0])
(316694717, [2.0, 0.89, 0.0, 1.26, 0.0, 3.6, 0.0, 1.19, 0.0, 0.0], [0.0, -1.86, 0.0, -0.98, 93.17, 94.53, 0.01, 1.0], [0.2, 25.0, 0.0, 0.0])
(316795149, [2.0, 0.87, 0.0, 1.28, 0.0, 3.6, 0.0, 1.17, 0.0, 0.0], [0.06, -2.22, 0.91, -1.83, 93.17, 95.34, 0.01, 1.0], [0.2, 25.0, 0.0, 0.0])
(316894787, [2.0, 0.86, 0.0, 1.3, 0.0, 3.6, 0.0, 1.15, 0.0, 0.0], [0.16, -3.01, 1.59, -1.9, 93.17, 95.56, 0.02, 1.0], [0.2, 25.0, 0.0, 0.0])
(316995121, [2.0, 0.83, 0.0, 1.28, 0.0, 3.6, 0.0, 1.13, 0.0, 0.0], [0.24, -2.28, 1.95, -1.57, 93.17, 95.34, 0.02, 1.0], [0.2, 25.0, 0.0, 0.0])
(317094765, [2.0, 0.82, 0.0, 1.27, 0.0, 3.6, 0.0, 1.12, 0.0, 0.0], [0.27, -1.98, 2.15, -1.51, 93.17, 94.83, 0.02, 1.0], [0.2, 25.0, 0.0, 0.0])
(317195112, [2.0, 0.78, 0.0, 1.27, 0.0, 3.6, 0.0, 1.08, 0.0, 0.0], [0.3, -2.3, 2.27, -1.48, 93.17, 94.12, 0.02, 1.0], [0.2, 25.0, 0.0, 0.0])
(317294778, [2.0, 0.76, 0.0, 1.26, 0.0, 3.6, 0.0, 1.06, 0.0, 0.0], [0.34, -2.77, 2.36, -1.31, 93.17, 93.3, 0.03, 1.0], [0.2, 25.0, 0.0, 0.0])
(317394976, [2.0, 0.72, 0.0, 1.27, 0.0, 3.6, 0.0, 1.02, 0.0, 0.0], [0.39, -2.83, 2.44, -1.12, 93.17, 92.3, 0.03, 1.0], [0.21, 25.0, 0.0, 0.0])
(317494812, [2.0, 0.69, 0.0, 1.27, 0.0, 3.6, 0.0, 1.0, 0.0, 0.0], [0.46, -2.18, 2.51, -0.41, 93.17, 90.85, 0.02, 1.0], [0.25, 25.0, 0.0, 0.0])
(317594741, [2.0, 0.64, 0.0, 1.26, 0.0, 2.24, 0.0, 0.95, 0.0, 0.0], [0.68, -1.01, 2.58, 0.71, 93.17, 89.13, 0.02, 1.0], [0.29, 25.0, 0.0, 0.0])
(317694967, [2.0, 0.62, 0.0, 1.25, 0.0, 2.24, 0.0, 0.93, 0.0, 0.0], [0.9, -0.8, 2.64, 1.2, 93.17, 86.96, 0.02, 1.0], [0.33, 25.0, 0.0, 0.0])
(317795456, [2.0, 0.58, 0.0, 1.21, 0.0, 2.31, 0.0, 0.89, 0.0, 0.0], [1.12, -0.68, 2.67, 1.32, 93.17, 84.09, 0.02, 1.0], [0.37, 25.0, 0.0, 0.0])
(317894932, [2.0, 0.57, 0.0, 1.2, 0.0, 2.32, 0.0, 0.87, 0.0, 0.0], [1.31, -0.73, 2.7, 1.12, 93.17, 81.15, 0.02, 1.0], [0.4, 25.0, 0.0, 0.0])
(317994877, [2.0, 0.55, 0.0, 1.17, 0.0, 2.35, 0.0, 0.85, 0.0, 0.0], [1.44, -0.85, 2.71, 0.6, 93.17, 79.22, 0.03, 1.0], [0.44, 25.0, 0.0, 0.0])
(318095306, [2.0, 0.53, 0.0, 1.17, 0.0, 2.41, 0.0, 0.81, 0.0, 0.0], [1.54, -2.97, 2.73, 0.3, 93.17, 77.98, 0.03, 1.0], [0.47, 25.0, 0.0, 0.0])
(318194816, [2.0, 0.53, 0.0, 1.18, 0.0, 2.41, 0.0, 0.8, 0.0, 0.0], [1.71, -6.5, 2.72, -0.24, 93.17, 73.5, 0.04, 1.0], [0.49, 25.0, 0.0, 0.0])
(318295147, [2.0, 0.56, 0.0, 1.18, 0.0, 3.6, 0.0, 0.86, 0.0, 0.0], [1.76, -7.17, 2.72, 0.26, 93.01, 66.23, 0.04, 1.0], [0.52, 25.0, 0.0, 0.0])
(318394907, [2.0, 0.6, 0.0, 1.19, 0.0, 3.6, 0.0, 0.9, 0.0, 0.0], [1.4, -5.36, 2.84, 1.99, 87.16, 60.32, 0.07, 1.0], [0.54, 25.0, 0.0, 0.0])
(318495003, [2.0, 0.66, 0.0, 1.2, 0.0, 3.6, 0.0, 1.0, 0.0, 0.0], [1.08, -3.06, 2.82, 2.36, 83.44, 56.69, 0.07, 1.0], [0.57, 25.0, 0.0, 0.0])
(318594780, [2.0, 0.65, 0.0, 1.22, 0.0, 3.6, 0.0, 1.0, 0.0, 0.0], [0.68, -2.91, 2.77, 2.62, 81.53, 54.79, 0.07, 1.0], [0.58, 25.0, 0.0, 0.0])
(318694993, [2.0, 0.63, 0.0, 1.28, 0.0, 3.6, 0.0, 2.0, 0.0, 0.0], [0.42, -2.54, 2.74, 1.79, 81.11, 54.46, 0.07, 1.0], [0.61, 25.0, 0.0, 0.0])
(318794716, [2.0, 0.62, 0.0, 1.33, 0.0, 3.6, 0.0, 1.99, 0.0, 0.0], [-0.48, -3.16, 2.74, 1.1, 81.11, 55.07, 0.06, 1.0], [0.62, 25.0, 0.0, 0.0])
(318895178, [2.0, 0.61, 0.0, 1.44, 0.0, 3.6, 0.0, 1.91, 0.0, 0.0], [-0.83, -4.19, 2.76, 0.59, 81.11, 55.36, 0.06, 1.0], [0.65, 25.0, 0.0, 0.0])
(318994736, [2.0, 0.6, 0.0, 1.55, 0.0, 3.6, 0.0, 1.86, 0.0, 0.0], [-0.87, -4.83, 2.76, -0.54, 80.09, 53.43, 0.06, 1.0], [0.65, 25.0, 0.0, 0.0])
(319095190, [2.0, 0.58, 0.0, 1.62, 0.0, 3.6, 0.0, 1.86, 0.0, 0.0], [-0.85, -5.22, 2.74, -1.0, 76.13, 49.51, 0.06, 1.0], [0.66, 25.0, 0.0, 0.0])
(319195179, [2.0, 0.55, 0.0, 1.64, 0.0, 3.6, 0.0, 3.6, 0.0, 0.0], [-1.82, -5.66, 2.71, 0.06, 70.58, 43.8, 0.06, 1.0], [0.67, 25.0, 0.0, 0.0])
(319295000, [2.0, 0.54, 0.0, 1.57, 0.0, 3.6, 0.0, 3.6, 0.0, 0.0], [-3.17, -5.62, 2.55, 2.68, 62.91, 35.91, 0.06, 1.0], [0.67, 25.0, 0.0, 0.0])
(319394901, [2.0, 0.54, 0.0, 1.51, 0.0, 3.6, 0.0, 3.6, 0.0, 0.0], [-3.94, -4.2, 2.3, 2.83, 53.47, 26.36, 0.06, 1.0], [0.68, 25.0, 0.0, 0.0])
(319494728, [2.0, 0.56, 0.0, 1.45, 0.0, 2.55, 0.0, 3.6, 0.0, 0.0], [-4.35, -1.56, 2.12, 2.63, 44.34, 17.35, 0.06, 1.0], [0.68, 25.0, 0.0, 0.0])
(319595133, [2.0, 0.56, 0.0, 1.49, 0.0, 2.55, 0.0, 2.94, 0.0, 0.0], [-4.12, -1.45, 2.15, 3.4, 37.8, 10.87, 0.08, 1.0], [0.69, 25.0, 0.0, 0.0])
(319694800, [2.0, 1.44, 0.0, 1.53, 0.0, 3.6, 0.0, 2.7, 0.0, 0.0], [-3.42, -1.93, 0.14, 3.58, 33.57, 6.59, 0.08, 1.0], [0.69, 25.0, 0.0, 0.0])
(319795152, [2.0, 1.44, 0.0, 1.63, 0.0, 3.6, 0.0, 2.67, 0.0, 0.0], [-2.77, -4.26, -1.23, 0.02, 29.71, 2.86, 0.09, 1.0], [0.7, 25.0, 0.0, 0.0])
(319894954, [2.0, 1.56, 0.0, 1.67, 0.0, 3.6, 0.0, 2.45, 0.0, 0.0], [-2.16, -6.07, -1.73, -0.74, 24.89, 357.88, 0.09, 1.0], [0.7, 25.0, 0.0, 0.0])
(319995029, [2.0, 1.56, 0.0, 1.73, 0.0, 3.6, 0.0, 2.4, 0.0, 0.0], [-1.59, -7.22, -2.1, -0.2, 17.41, 350.24, 0.09, 1.0], [0.72, 25.0, 0.0, 0.0])
(320094766, [2.0, 2.22, 0.0, 1.73, 0.0, 3.6, 0.0, 2.4, 0.0, 0.0], [-1.14, -7.67, -2.83, 0.54, 7.41, 340.09, 0.09, 1.0], [0.7, 25.0, 0.0, 0.0])
(320195025, [2.0, 3.6, 0.0, 1.5, 0.0, 3.6, 0.0, 1.03, 0.0, 0.0], [-1.7, -7.98, -3.35, 1.4, 355.42, 327.77, 0.1, 1.0], [0.7, 25.0, 0.0, 0.0])
(320295122, [2.0, 3.6, 0.0, 1.46, 0.0, 2.02, 0.0, 1.03, 0.0, 0.0], [0.14, -7.05, -4.87, 0.99, 341.35, 313.91, 0.1, 1.0], [0.7, 25.0, 0.0, 0.0])
(320395117, [2.0, 3.6, 0.0, 1.46, 0.0, 2.02, 0.0, 3.6, 0.0, 0.0], [0.81, -4.8, -5.38, 1.03, 326.66, 299.52, 0.12, 1.0], [0.68, 25.0, 0.0, 0.0])
(320495272, [2.0, 2.42, 0.0, 3.6, 0.0, 2.26, 0.0, 3.6, 0.0, 0.0], [0.67, -2.68, -4.73, 3.19, 312.23, 285.06, 0.12, 1.0], [0.67, 25.0, 0.0, 0.0])
(320595217, [2.0, 0.73, 0.0, 3.6, 0.0, 2.3, 0.0, 3.6, 0.0, 0.0], [1.1, 0.1, -4.09, 3.94, 298.21, 271.44, 0.13, 1.0], [0.66, 25.0, 0.0, 0.0])
(320695332, [2.0, 0.73, 0.0, 2.8, 0.0, 2.25, 0.0, 1.49, 0.0, 0.0], [1.61, 2.69, -0.86, 5.2, 286.61, 259.88, 0.13, 1.0], [0.65, 25.0, 0.0, 0.0])
(320795224, [2.0, 3.6, 0.0, 3.6, 0.0, 2.29, 0.0, 1.49, 0.0, 0.0], [2.1, 4.69, 1.08, 6.53, 276.37, 249.82, 0.15, 1.0], [0.64, 25.0, 0.0, 0.0])
(320895178, [2.0, 2.4, 0.0, 3.6, 0.0, 2.36, 0.0, 1.75, 0.0, 0.0], [3.11, 5.6, -1.1, 4.85, 268.77, 242.43, 0.15, 1.0], [0.64, 25.0, 0.0, 0.0])
(320995488, [2.0, 2.51, 0.0, 3.6, 0.0, 2.35, 0.0, 1.75, 0.0, 0.0], [3.49, 5.36, -2.4, 1.67, 264.9, 238.47, 0.17, 1.0], [0.64, 25.0, 0.0, 0.0])
(321094878, [2.0, 2.59, 0.0, 3.6, 0.0, 2.34, 0.0, 1.54, 0.0, 0.0], [3.78, 5.54, -3.19, 0.13, 263.52, 237.06, 0.17, 1.0], [0.65, 25.0, 0.0, 0.0])
(321194908, [2.0, 2.61, 0.0, 3.6, 0.0, 2.33, 0.0, 1.54, 0.0, 0.0], [2.44, 4.75, -2.12, -0.4, 262.88, 236.3, 0.17, 1.0], [0.65, 25.0, 0.0, 0.0])
(321294900, [2.0, 2.61, 0.0, 3.6, 0.0, 2.32, 0.0, 3.6, 0.0, 0.0], [1.21, 3.97, -1.04, 0.87, 262.68, 236.21, 0.17, 1.0], [4.64, 25.0, 0.0, 0.0])
(321395138, [2.0, 3.6, 0.0, 3.6, 0.0, 2.27, 0.0, 3.6, 0.0, 0.0], [0.59, 3.39, -0.51, 0.78, 262.68, 237.48, 0.16, 1.0], [0.66, 25.0, 0.0, 0.0])
(321494736, [2.0, 2.75, 0.0, 3.6, 0.0, 2.24, 0.0, 3.6, 0.0, 0.0], [0.29, 3.01, -0.25, -0.13, 262.68, 240.25, 0.16, 1.0], [0.67, 25.0, 0.0, 0.0])
(321594753, [2.0, 2.75, 0.0, 3.6, 0.0, 2.11, 0.0, 3.6, 0.0, 0.0], [0.14, 3.14, -0.12, -0.89, 262.68, 244.1, 0.15, 1.0], [0.68, 25.0, 0.0, 0.0])
(321694740, [2.0, 2.75, 0.0, 3.6, 0.0, 2.04, 0.0, 1.32, 0.0, 0.0], [0.07, 2.97, -0.06, -1.56, 262.68, 248.65, 0.15, 1.0], [0.66, 25.0, 0.0, 0.0])
(321795106, [2.0, 2.76, 0.0, 3.6, 0.0, 1.91, 0.0, 1.26, 0.0, 0.0], [0.03, 2.57, -0.03, -1.94, 262.68, 253.69, 0.14, 1.0], [0.65, 25.0, 0.0, 0.0])
(321894784, [2.0, 2.76, 0.0, 3.6, 0.0, 1.86, 0.0, 1.25, 0.0, 0.0], [0.01, 2.75, -0.01, -2.13, 262.68, 258.72, 0.14, 1.0], [0.61, 25.0, 0.0, 0.0])
(321994733, [2.0, 2.73, 0.0, 3.6, 0.0, 1.78, 0.0, 1.28, 0.0, 0.0], [0.0, 2.95, 0.0, -2.67, 262.68, 263.34, 0.13, 1.0], [0.57, 25.0, 0.0, 0.0])
(322094979, [2.0, 2.73, 0.0, 3.6, 0.0, 1.73, 0.0, 1.33, 0.0, 0.0], [0.0, 2.56, 0.0, -3.21, 262.68, 267.39, 0.13, 1.0], [0.52, 25.0, 0.0, 0.0])
(322194786, [2.0, 2.71, 0.0, 3.6, 0.0, 1.71, 0.0, 1.37, 0.0, 0.0], [0.0, 2.06, 0.0, -3.57, 262.68, 270.79, 0.13, 1.0], [0.46, 25.0, 0.0, 0.0])
(322294997, [2.0, 2.72, 0.0, 3.6, 0.0, 1.65, 0.0, 1.47, 0.0, 0.0], [0.0, 1.71, 0.0, -2.96, 262.68, 273.22, 0.13, 1.0], [0.4, 25.0, 0.0, 0.0])
(322394847, [2.0, 2.72, 0.0, 3.6, 0.0, 1.64, 0.0, 1.52, 0.0, 0.0], [0.0, 1.35, 0.0, -2.27, 262.68, 274.57, 0.12, 1.0], [0.34, 25.0, 0.0, 0.0])
(322495215, [2.0, 3.6, 0.0, 3.6, 0.0, 1.63, 0.0, 1.6, 0.0, 0.0], [0.0, 0.88, 0.0, -2.03, 262.68, 275.07, 0.12, 1.0], [0.28, 25.0, 0.0, 0.0])
(322594838, [2.0, 3.6, 0.0, 3.6, 0.0, 1.62, 0.0, 1.62, 0.0, 0.0], [0.0, 0.77, 0.0, -1.59, 262.68, 274.9, 0.11, 1.0], [0.2, 25.0, 0.0, 0.0])
(322695205, [2.0, 3.6, 0.0, 3.6, 0.0, 1.64, 0.0, 1.7, 0.0, 0.0], [0.0, 1.32, 0.0, -1.19, 262.68, 274.24, 0.11, 1.0], [0.2, 25.0, 0.0, 0.0])
(322794762, [2.0, 1.2, 0.0, 3.0, 0.0, 1.65, 0.0, 1.72, 0.0, 0.0], [0.0, 2.13, 0.0, -0.89, 262.68, 273.39, 0.1, 1.0], [0.2, 25.0, 0.0, 0.0])
(322894826, [2.0, 1.2, 0.0, 2.58, 0.0, 1.65, 0.0, 1.74, 0.0, 0.0], [0.0, 0.29, 0.0, 0.07, 262.68, 272.39, 0.1, 1.0], [0.2, 25.0, 0.0, 0.0])
(322994980, [2.0, 1.2, 0.0, 2.58, 0.0, 1.63, 0.0, 1.73, 0.0, 0.0], [0.0, 1.91, 0.0, 3.27, 262.68, 271.47, 0.09, 1.0], [0.2, 25.0, 0.0, 0.0])
(341694747, [2.0, 0.87, 0.0, 1.24, 0.0, 3.6, 0.0, 1.17, 0.0, 0.0], [0.0, -0.07, 0.0, 0.1, 88.07, 88.07, 0.0, 1.0], [0.2, 25.0, 0.0, 0.0])
(341794992, [2.0, 0.87, 0.0, 1.24, 0.0, 3.6, 0.0, 1.17, 0.0, 0.0], [0.0, -0.06, 0.0, 0.11, 88.07, 88.07, 0.0, 1.0], [0.2, 25.0, 0.0, 0.0])
(341894920, [2.0, 0.87, 0.0, 1.24, 0.0, 3.6, 0.0, 1.17, 0.0, 0.0], [0.0, -0.06, 0.0, 0.1, 88.06, 88.06, 0.0, 1.0], [0.2, 25.0, 0.0, 0.0])
(353894803, [2.0, 0.87, 0.0, 1.24, 0.0, 3.6, 0.0, 1.18, 0.0, 0.0], [0.0, -0.04, 0.0, 0.11, 87.86, 87.86, 0.0, 1.0], [0.2, 25.0, 0.0, 0.0])
(353994840, [2.0, 0.87, 0.0, 1.24, 0.0, 3.6, 0.0, 1.17, 0.0, 0.0], [0.0, -0.05, 0.0, 0.11, 87.86, 87.86, 0.0, 1.0], [0.2, 25.0, 0.0, 0.0])
(354094725, [2.0, 0.87, 0.0, 1.24, 0.0, 3.6, 0.0, 1.18, 0.0, 0.0], [0.0, -0.05, 0.0, 0.11, 87.86, 87.86, 0.0, 1.0], [0.2, 25.0, 0.0, 0.0])
(354194720, [2.0, 0.87, 0.0, 1.25, 0.0, 3.6, 0.0, 1.18, 0.0, 0.0], [0.0, -0.04, 0.0, 0.11, 87.85, 87.85, 0.0, 1.0], [0.2, 25.0, 0.0, 0.0])
(354294866, [2.0, 0.87, 0.0, 1.24, 0.0, 3.6, 0.0, 1.18, 0.0, 0.0], [0.0, -0.04, 0.0, 0.12, 87.85, 87.85, 0.0, 1.0], [0.2, 25.0, 0.0, 0.0])
(354394890, [2.0, 0.87, 0.0, 1.24, 0.0, 3.6, 0.0, 1.17, 0.0, 0.0], [0.0, -0.04, 0.0, 0.12, 87.85, 87.85, 0.0, 1.0], [0.2, 25.0, 0.0, 0.0])
(354495247, [2.0, 0.87, 0.0, 1.24, 0.0, 3.6, 0.0, 1.17, 0.0, 0.0], [0.0, -0.04, 0.0, 0.12, 87.85, 87.85, 0.0, 1.0], [0.2, 25.0, 0.0, 0.0])
(354594863, [2.0, 0.87, 0.0, 1.25, 0.0, 3.6, 0.0, 1.17, 0.0, 0.0], [0.0, -0.04, 0.0, 0.11, 87.84, 87.84, 0.0, 1.0], [0.2, 25.0, 0.0, 0.0])
(354695052, [2.0, 0.87, 0.0, 1.24, 0.0, 3.6, 0.0, 1.17, 0.0, 0.0], [0.0, -0.04, 0.0, 0.11, 87.84, 87.84, 0.0, 1.0], [0.2, 25.0, 0.0, 0.0])
(354794749, [2.0, 0.87, 0.0, 1.25, 0.0, 3.6, 0.0, 1.17, 0.0, 0.0], [0.0, -0.04, 0.0, 0.12, 87.84, 87.84, 0.0, 1.0], [0.2, 25.0, 0.0, 0.0])
(354895350, [2.0, 0.87, 0.0, 1.24, 0.0, 3.6, 0.0, 1.17, 0.0, 0.0], [0.0, -0.04, 0.0, 0.12, 87.84, 87.84, 0.0, 1.0], [0.2, 25.0, 0.0, 0.0])
(354994789, [2.0, 0.87, 0.0, 1.24, 0.0, 3.6, 0.0, 1.17, 0.0, 0.0], [0.0, -0.04, 0.0, 0.12, 87.84, 87.84, 0.0, 1.0], [0.2, 25.0, 0.0, 0.0])
(355095007, [2.0, 0.87, 0.0, 1.24, 0.0, 3.6, 0.0, 1.17, 0.0, 0.0], [0.0, -0.04, 0.0, 0.11, 87.84, 87.84, 0.0, 1.0], [0.2, 25.0, 0.0, 0.0])
(355194715, [2.0, 0.87, 0.0, 1.24, 0.0, 3.6, 0.0, 1.17, 0.0, 0.0], [0.0, -0.04, 0.0, 0.11, 87.84, 87.84, 0.0, 1.0], [0.2, 25.0, 0.0, 0.0])
(355294914, [2.0, 0.87, 0.0, 1.24, 0.0, 3.6, 0.0, 1.17, 0.0, 0.0], [0.0, -0.04, 0.0, 0.11, 87.83, 87.83, 0.0, 1.0], [0.2, 25.0, 0.0, 0.0])
(355394705, [2.0, 0.87, 0.0, 1.24, 0.0, 3.6, 0.0, 1.17, 0.0, 0.0], [0.0, -0.04, 0.0, 0.11, 87.83, 87.83, 0.0, 1.0], [0.2, 25.0, 0.0, 0.0])
(355495208, [2.0, 0.87, 0.0, 1.24, 0.0, 3.6, 0.0, 1.17, 0.0, 0.0], [0.0, -0.04, 0.0, 0.11, 87.84, 87.83, 0.0, 1.0], [0.2, 25.0, 0.0, 0.0])
(355594712, [2.0, 0.87, 0.0, 1.24, 0.0, 3.6, 0.0, 1.17, 0.0, 0.0], [0.0, -0.04, 0.0, 0.11, 87.83, 87.83, 0.0, 1.0], [0.2, 25.0, 0.0, 0.0])
(355695299, [2.0, 0.87, 0.0, 1.25, 0.0, 3.6, 0.0, 1.17, 0.0, 0.0], [0.0, -0.04, 0.0, 0.11, 87.83, 87.83, 0.0, 1.0], [0.2, 25.0, 0.0, 0.0])
(355795625, [2.0, 0.87, 0.0, 1.25, 0.0, 3.6, 0.0, 1.17, 0.0, 0.0], [0.0, -0.04, 0.0, 0.11, 87.83, 87.83, 0.0, 1.0], [0.2, 25.0, 0.0, 0.0])
(355896394, [2.0, 0.87, 0.0, 1.24, 0.0, 3.6, 0.0, 1.18, 0.0, 0.0], [0.0, -0.04, 0.0, 0.11, 87.83, 87.83, 0.0, 1.0], [0.2, 25.0, 0.0, 0.0])
(355994909, [2.0, 0.87, 0.0, 1.25, 0.0, 3.6, 0.0, 1.17, 0.0, 0.0], [0.0, -0.04, 0.0, 0.11, 87.83, 87.83, 0.0, 1.0], [0.2, 25.0, 0.0, 0.0])
(356094730, [2.0, 0.87, 0.0, 1.25, 0.0, 3.6, 0.0, 1.17, 0.0, 0.0], [0.0, -0.04, 0.0, 0.11, 87.83, 87.83, 0.0, 1.0], [0.2, 25.0, 0.0, 0.0])
(356195372, [2.0, 0.87, 0.0, 1.24, 0.0, 3.6, 0.0, 1.17, 0.0, 0.0], [0.0, -0.04, 0.0, 0.11, 87.83, 87.83, 0.0, 1.0], [0.2, 25.0, 0.0, 0.0])
(356295193, [2.0, 0.87, 0.0, 1.25, 0.0, 3.6, 0.0, 1.17, 0.0, 0.0], [0.0, -0.04, 0.0, 0.11, 87.82, 87.82, 0.0, 1.0], [0.2, 25.0, 0.0, 0.0])
(356394974, [2.0, 0.87, 0.0, 1.24, 0.0, 3.6, 0.0, 1.17, 0.0, 0.0], [0.0, -0.03, 0.0, 0.1, 87.84, 87.84, 0.0, 1.0], [0.2, 25.0, 0.0, 0.0])
(356494815, [2.0, 0.87, 0.0, 1.24, 0.0, 3.6, 0.0, 1.17, 0.0, 0.0], [0.0, -0.02, 0.0, 0.1, 87.83, 87.83, 0.0, 1.0], [0.2, 25.0, 0.0, 0.0])
(356594966, [2.0, 0.87, 0.0, 1.25, 0.0, 3.6, 0.0, 1.17, 0.0, 0.0], [0.0, -0.02, 0.0, 0.11, 87.81, 87.81, 0.0, 1.0], [0.2, 25.0, 0.0, 0.0])
(356694849, [2.0, 0.87, 0.0, 1.25, 0.0, 3.6, 0.0, 1.17, 0.0, 0.0], [0.0, -0.03, 0.0, 0.11, 87.82, 87.82, 0.0, 1.0], [0.2, 25.0, 0.0, 0.0])
(356794981, [2.0, 0.87, 0.0, 1.24, 0.0, 3.6, 0.0, 1.17, 0.0, 0.0], [0.0, -0.04, 0.0, 0.1, 87.81, 87.81, 0.0, 1.0], [0.2, 25.0, 0.0, 0.0])
(356894767, [2.0, 0.87, 0.0, 1.25, 0.0, 3.6, 0.0, 1.17, 0.0, 0.0], [0.0, -0.04, 0.0, 0.11, 87.81, 87.81, 0.0, 1.0], [0.2, 25.0, 0.0, 0.0])
(356995016, [2.0, 0.87, 0.0, 1.24, 0.0, 3.6, 0.0, 1.17, 0.0, 0.0], [0.0, -0.03, 0.0, 0.1, 87.8, 87.8, 0.0, 1.0], [0.2, 25.0, 0.0, 0.0])
(357094862, [2.0, 0.87, 0.0, 1.25, 0.0, 3.6, 0.0, 1.17, 0.0, 0.0], [0.0, -0.03, 0.0, 0.1, 87.81, 87.81, 0.0, 1.0], [0.2, 25.0, 0.0, 0.0])
(357194894, [2.0, 0.87, 0.0, 1.24, 0.0, 3.6, 0.0, 1.17, 0.0, 0.0], [0.0, -0.03, 0.0, 0.09, 87.82, 87.82, 0.0, 1.0], [0.2, 25.0, 0.0, 0.0])
(357294968, [2.0, 0.87, 0.0, 1.24, 0.0, 3.6, 0.0, 1.18, 0.0, 0.0], [0.0, -0.03, 0.0, 0.1, 87.82, 87.82, 0.0, 1.0], [0.2, 25.0, 0.0, 0.0])
(357395222, [2.0, 0.87, 0.0, 1.24, 0.0, 3.6, 0.0, 1.18, 0.0, 0.0], [0.0, -0.03, 0.0, 0.1, 87.81, 87.81, 0.0, 1.0], [0.2, 25.0, 0.0, 0.0])
(357494741, [2.0, 0.87, 0.0, 1.24, 0.0, 3.6, 0.0, 1.17, 0.0, 0.0], [0.0, -0.03, 0.0, 0.1, 87.8, 87.8, 0.0, 1.0], [0.2, 25.0, 0.0, 0.0])
(357594988, [2.0, 0.87, 0.0, 1.24, 0.0, 3.6, 0.0, 1.17, 0.0, 0.0], [0.0, -0.02, 0.0, 0.1, 87.8, 87.8, 0.0, 1.0], [0.2, 25.0, 0.0, 0.0])
(357694836, [2.0, 0.87, 0.0, 1.24, 0.0, 3.6, 0.0, 1.17, 0.0, 0.0], [0.0, -0.02, 0.0, 0.1, 87.8, 87.8, 0.0, 1.0], [0.2, 25.0, 0.0, 0.0])
(357794756, [2.0, 0.87, 0.0, 1.24, 0.0, 3.6, 0.0, 1.17, 0.0, 0.0], [0.0, -0.01, 0.0, 0.09, 87.8, 87.8, 0.0, 1.0], [0.2, 25.0, 0.0, 0.0])
(357895371, [2.0, 0.87, 0.0, 1.25, 0.0, 3.6, 0.0, 1.17, 0.0, 0.0], [0.0, -0.01, 0.0, 0.09, 87.81, 87.81, 0.0, 1.0], [0.2, 25.0, 0.0, 0.0])
(357994834, [2.0, 0.87, 0.0, 1.24, 0.0, 3.6, 0.0, 1.17, 0.0, 0.0], [0.0, -0.01, 0.0, 0.09, 87.81, 87.81, 0.0, 1.0], [0.2, 25.0, 0.0, 0.0])
(358094969, [2.0, 0.87, 0.0, 1.25, 0.0, 3.6, 0.0, 1.18, 0.0, 0.0], [0.0, -0.01, 0.0, 0.1, 87.8, 87.8, 0.0, 1.0], [0.2, 25.0, 0.0, 0.0])
(358194891, [2.0, 0.87, 0.0, 1.25, 0.0, 3.6, 0.0, 1.17, 0.0, 0.0], [0.0, -0.01, 0.0, 0.1, 87.79, 87.79, 0.0, 1.0], [0.2, 25.0, 0.0, 0.0])
(358295034, [2.0, 0.87, 0.0, 1.25, 0.0, 3.6, 0.0, 1.17, 0.0, 0.0], [0.0, -0.01, 0.0, 0.1, 87.79, 87.79, 0.0, 1.0], [0.2, 25.0, 0.0, 0.0])
(358394731, [2.0, 0.87, 0.0, 1.25, 0.0, 3.6, 0.0, 1.17, 0.0, 0.0], [0.0, 0.0, 0.0, 0.1, 87.78, 87.78, 0.0, 1.0], [0.2, 25.0, 0.0, 0.0])
(358495447, [2.0, 0.87, 0.0, 1.25, 0.0, 3.6, 0.0, 1.17, 0.0, 0.0], [0.0, 0.0, 0.0, 0.1, 87.78, 87.78, 0.0, 1.0], [0.2, 25.0, 0.0, 0.0])
(358594885, [2.0, 0.87, 0.0, 1.24, 0.0, 3.6, 0.0, 1.17, 0.0, 0.0], [0.0, 0.0, 0.0, 0.1, 87.79, 87.79, 0.0, 1.0], [0.2, 25.0, 0.0, 0.0])
(358694872, [2.0, 0.87, 0.0, 1.24, 0.0, 3.6, 0.0, 1.17, 0.0, 0.0], [0.0, 0.0, 0.0, 0.1, 87.78, 87.78, 0.0, 1.0], [0.2, 25.0, 0.0, 0.0])
(358794841, [2.0, 0.87, 0.0, 1.25, 0.0, 3.6, 0.0, 1.17, 0.0, 0.0], [0.0, 0.01, 0.0, 0.1, 87.79, 87.79, 0.0, 1.0], [0.2, 25.0, 0.0, 0.0])
(358895488, [2.0, 0.87, 0.0, 1.24, 0.0, 3.6, 0.0, 1.17, 0.0, 0.0], [0.0, 0.01, 0.0, 0.1, 87.78, 87.78, 0.0, 1.0], [0.2, 25.0, 0.0, 0.0])
(358994879, [2.0, 0.87, 0.0, 1.25, 0.0, 3.6, 0.0, 1.17, 0.0, 0.0], [0.0, 0.01, 0.0, 0.09, 87.78, 87.77, 0.0, 1.0], [0.2, 25.0, 0.0, 0.0])
(359095206, [2.0, 0.87, 0.0, 1.24, 0.0, 3.6, 0.0, 1.17, 0.0, 0.0], [0.0, 0.01, 0.0, 0.09, 87.78, 87.76, 0.0, 1.0], [0.2, 25.0, 0.0, 0.0])
(359194860, [2.0, 0.87, 0.0, 1.25, 0.0, 3.6, 0.0, 1.17, 0.0, 0.0], [0.0, 0.03, 0.0, 0.09, 87.78, 87.75, 0.0, 1.0], [0.2, 25.0, 0.0, 0.0])
(359295220, [2.0, 0.87, 0.0, 1.24, 0.0, 3.6, 0.0, 1.17, 0.0, 0.0], [0.0, -0.06, 0.0, -0.01, 87.78, 87.77, 0.0, 1.0], [0.2, 25.0, 0.0, 0.0])
(359394710, [2.0, 0.87, 0.0, 1.24, 0.0, 3.6, 0.0, 1.17, 0.0, 0.0], [0.0, -0.82, 0.0, -1.75, 87.78, 88.1, 0.0, 1.0], [0.2, 25.0, 0.0, 0.0])
(359495236, [2.0, 0.87, 0.0, 1.25, 0.0, 3.6, 0.0, 1.16, 0.0, 0.0], [0.15, -1.77, 0.91, -3.14, 87.78, 88.6, 0.0, 1.0], [0.2, 25.0, 0.0, 0.0])
(359594796, [2.0, 0.86, 0.0, 1.25, 0.0, 3.6, 0.0, 1.16, 0.0, 0.0], [0.16, -2.25, 1.6, -2.34, 87.78, 88.86, 0.01, 1.0], [0.2, 25.0, 0.0, 0.0])
(359694912, [2.0, 0.85, 0.0, 1.26, 0.0, 3.6, 0.0, 1.13, 0.0, 0.0], [0.19, -2.23, 1.95, -1.38, 87.78, 88.97, 0.01, 1.0], [0.2, 25.0, 0.0, 0.0])
(359794737, [2.0, 0.84, 0.0, 1.26, 0.0, 3.6, 0.0, 1.13, 0.0, 0.0], [0.22, -2.37, 2.13, -0.97, 87.78, 89.01, 0.02, 1.0], [0.2, 25.0, 0.0, 0.0])
(359895060, [2.0, 0.81, 0.0, 1.28, 0.0, 3.6, 0.0, 1.09, 0.0, 0.0], [0.27, -2.26, 2.24, -0.89, 87.78, 89.08, 0.02, 1.0], [0.2, 25.0, 0.0, 0.0])
(359994747, [2.0, 0.8, 0.0, 1.28, 0.0, 3.6, 0.0, 1.07, 0.0, 0.0], [0.34, -1.65, 2.32, -0.68, 87.78, 89.14, 0.02, 1.0], [0.2, 25.0, 0.0, 0.0])
(360094876, [2.0, 0.77, 0.0, 1.29, 0.0, 3.6, 0.0, 1.02, 0.0, 0.0], [0.41, -1.82, 2.38, -0.79, 87.78, 89.08, 0.02, 1.0], [0.2, 25.0, 0.0, 0.0])
(360195255, [2.0, 0.75, 0.0, 1.31, 0.0, 3.6, 0.0, 0.97, 0.0, 0.0], [0.51, -2.05, 2.43, -1.09, 87.78, 88.95, 0.02, 1.0], [0.21, 25.0, 0.0, 0.0])
(360295390, [2.0, 0.7, 0.0, 1.31, 0.0, 2.19, 0.0, 0.95, 0.0, 0.0], [0.81, -1.66, 2.48, -1.01, 87.78, 88.78, 0.02, 1.0], [0.24, 25.0, 0.0, 0.0])
(360395246, [2.0, 0.66, 0.0, 1.32, 0.0, 2.22, 0.0, 0.88, 0.0, 0.0], [1.13, -0.82, 2.51, -0.6, 87.78, 88.42, 0.02, 1.0], [0.28, 25.0, 0.0, 0.0])
(360494880, [2.0, 0.64, 0.0, 1.33, 0.0, 2.21, 0.0, 0.85, 0.0, 0.0], [1.56, 0.14, 2.5, 0.23, 87.78, 87.93, 0.02, 1.0], [0.31, 25.0, 0.0, 0.0])
(360595878, [2.0, 0.59, 0.0, 1.33, 0.0, 2.25, 0.0, 0.78, 0.0, 0.0], [1.95, 1.36, 2.47, 0.61, 87.78, 87.19, 0.02, 1.0], [0.35, 25.0, 0.0, 0.0])
(360694743, [2.0, 0.57, 0.0, 1.33, 0.0, 2.31, 0.0, 0.74, 0.0, 0.0], [2.29, 1.61, 2.45, 0.83, 87.78, 86.37, 0.02, 1.0], [0.38, 25.0, 0.0, 0.0])
(360795195, [2.0, 0.52, 0.0, 1.32, 0.0, 2.41, 0.0, 0.69, 0.0, 0.0], [2.55, -0.09, 2.44, -0.2, 87.78, 85.16, 0.03, 1.0], [0.42, 25.0, 0.0, 0.0])
(360895211, [2.0, 0.5, 0.0, 1.31, 0.0, 2.41, 0.0, 0.67, 0.0, 0.0], [2.73, -8.37, 2.46, -8.38, 87.78, 78.04, 0.03, 1.0], [0.44, 25.0, 0.0, 0.0])
(360995303, [2.0, 0.51, 0.0, 1.24, 0.0, 3.6, 0.0, 0.75, 0.0, 0.0], [2.71, -9.82, 2.52, -11.07, 87.78, 70.37, 0.07, 1.0], [0.45, 25.0, 0.0, 0.0])
(361095233, [2.0, 0.53, 0.0, 1.23, 0.0, 3.6, 0.0, 0.78, 0.0, 0.0], [2.48, -9.27, 2.59, -12.47, 87.78, 63.13, 0.07, 1.0], [0.46, 25.0, 0.0, 0.0])
(361195246, [2.0, 0.59, 0.0, 1.2, 0.0, 3.6, 0.0, 0.86, 0.0, 0.0], [1.98, -8.01, 2.8, -11.69, 81.93, 56.01, 0.09, 1.0], [0.47, 25.0, 0.0, 0.0])
(361294746, [2.0, 0.57, 0.0, 1.2, 0.0, 3.6, 0.0, 0.92, 0.0, 0.0], [1.37, -6.31, 2.93, -8.96, 74.45, 48.23, 0.09, 1.0], [0.48, 25.0, 0.0, 0.0])
(361394995, [2.0, 0.49, 0.0, 0.95, 0.0, 3.6, 0.0, 0.92, 0.0, 0.0], [0.75, -4.81, 3.01, -5.32, 67.2, 40.72, 0.1, 1.0], [0.5, 25.0, 0.0, 0.0])
(361494898, [2.0, 0.44, 0.0, 0.93, 0.0, 3.6, 0.0, 3.6, 0.0, 0.0], [-2.03, -4.08, 2.98, -2.26, 60.76, 34.2, 0.1, 1.0], [0.52, 25.0, 0.0, 0.0])
(361594884, [2.0, 0.43, 0.0, 0.94, 0.0, 3.6, 0.0, 3.6, 0.0, 0.0], [-4.05, -3.85, 2.84, -0.35, 55.75, 29.12, 0.11, 1.0], [0.54, 25.0, 0.0, 0.0])
(361695048, [2.0, 0.41, 0.0, 1.0, 0.0, 3.6, 0.0, 3.6, 0.0, 0.0], [-4.88, -2.84, 2.78, -0.47, 51.92, 25.32, 0.11, 1.0], [0.56, 25.0, 0.0, 0.0])
(361794937, [2.0, 0.41, 0.0, 1.04, 0.0, 2.66, 0.0, 3.6, 0.0, 0.0], [-5.16, -2.23, 2.72, -0.88, 47.9, 21.27, 0.11, 1.0], [0.58, 25.0, 0.0, 0.0])
(361895055, [2.0, 0.42, 0.0, 1.14, 0.0, 2.66, 0.0, 3.6, 0.0, 0.0], [-5.23, -2.54, 2.66, -0.28, 43.55, 16.87, 0.11, 1.0], [0.59, 25.0, 0.0, 0.0])
(361995016, [2.0, 0.44, 0.0, 1.2, 0.0, 3.6, 0.0, 3.6, 0.0, 0.0], [-5.17, -1.9, 2.62, 0.76, 39.25, 12.55, 0.12, 1.0], [0.61, 25.0, 0.0, 0.0])
(362094753, [2.0, 0.44, 0.0, 1.31, 0.0, 3.6, 0.0, 3.05, 0.0, 0.0], [-4.66, -0.98, 2.66, 2.77, 35.85, 9.08, 0.12, 1.0], [0.63, 25.0, 0.0, 0.0])
(362195046, [2.0, 1.3, 0.0, 1.44, 0.0, 3.6, 0.0, 2.89, 0.0, 0.0], [-3.97, -0.46, 0.13, 3.85, 33.13, 6.27, 0.13, 1.0], [0.64, 25.0, 0.0, 0.0])
(362294723, [2.0, 1.32, 0.0, 1.5, 0.0, 3.6, 0.0, 2.72, 0.0, 0.0], [-3.33, -1.05, -0.94, 1.58, 31.26, 4.46, 0.13, 1.0], [0.64, 25.0, 0.0, 0.0])
(362395054, [2.0, 1.39, 0.0, 1.63, 0.0, 3.6, 0.0, 2.56, 0.0, 0.0], [-2.74, -0.81, -1.34, 0.23, 30.62, 3.86, 0.13, 1.0], [0.66, 25.0, 0.0, 0.0])
(362494732, [2.0, 1.43, 0.0, 1.71, 0.0, 3.6, 0.0, 2.51, 0.0, 0.0], [-2.21, -3.09, -1.63, -1.8, 29.08, 2.3, 0.13, 1.0], [0.66, 25.0, 0.0, 0.0])
(362595335, [2.0, 1.46, 0.0, 1.83, 0.0, 3.6, 0.0, 2.31, 0.0, 0.0], [-1.72, -4.41, -1.82, -2.68, 27.16, 0.39, 0.13, 1.0], [0.68, 25.0, 0.0, 0.0])
(362694752, [2.0, 2.23, 0.0, 1.87, 0.0, 3.6, 0.0, 2.31, 0.0, 0.0], [-1.25, -6.57, -2.35, -3.38, 24.59, 357.82, 0.13, 1.0], [0.67, 25.0, 0.0, 0.0])
(362794736, [2.0, 2.15, 0.0, 1.98, 0.0, 2.31, 0.0, 2.18, 0.0, 0.0], [-0.78, -9.34, -2.9, -4.46, 21.4, 354.64, 0.13, 1.0], [0.67, 25.0, 0.0, 0.0])
(362895344, [2.0, 2.13, 0.0, 1.98, 0.0, 2.31, 0.0, 2.18, 0.0, 0.0], [-0.41, -12.31, -3.12, -5.12, 17.06, 350.34, 0.13, 1.0], [0.66, 25.0, 0.0, 0.0])
(362994883, [2.0, 3.6, 0.0, 3.6, 0.0, 3.6, 0.0, 3.6, 0.0, 0.0], [-0.46, -16.22, -3.59, -5.38, 11.3, 344.67, 0.12, 1.0], [0.65, 25.0, 0.0, 0.0])
(363095038, [2.0, 3.6, 0.0, 3.6, 0.0, 3.6, 0.0, 3.6, 0.0, 0.0], [0.15, -19.21, -4.91, -6.38, 4.51, 337.7, 0.12, 1.0], [0.65, 25.0, 0.0, 0.0])
(363194877, [2.0, 3.6, 0.0, 3.6, 0.0, 2.22, 0.0, 3.6, 0.0, 0.0], [0.63, -20.53, -5.52, -6.84, 356.31, 329.57, 0.12, 1.0], [0.61, 25.0, 0.0, 0.0])
(363295075, [2.0, 3.6, 0.0, 3.6, 0.0, 3.6, 0.0, 3.6, 0.0, 0.0], [1.06, -19.94, -5.74, -7.89, 345.91, 319.11, 0.12, 1.0], [0.59, 25.0, 0.0, 0.0])
(363395310, [2.0, 3.6, 0.0, 3.6, 0.0, 3.6, 0.0, 3.6, 0.0, 0.0], [1.58, -19.01, -5.72, -10.24, 331.6, 304.99, 0.13, 1.0], [0.49, 25.0, 0.0, 0.0])
(363495333, [2.0, 3.6, 0.0, 3.6, 0.0, 1.9, 0.0, 3.6, 0.0, 0.0], [2.25, -17.78, -5.44, -13.91, 311.11, 284.75, 0.13, 1.0], [0.44, 25.0, 0.0, 0.0])
(363594910, [2.0, 3.6, 0.0, 3.6, 0.0, 3.6, 0.0, 1.18, 0.0, 0.0], [2.91, -12.24, -4.88, -16.88, 283.63, 257.18, 0.15, 1.0], [0.37, 25.0, 0.0, 0.0])
(363694901, [2.0, 3.6, 0.0, 3.6, 0.0, 3.6, 0.0, 1.18, 0.0, 0.0], [5.26, -1.25, -3.96, -11.57, 253.62, 226.03, 0.15, 1.0], [0.3, 25.0, 0.0, 0.0])
(363795480, [2.0, 3.6, 0.0, 0.97, 0.0, 3.6, 0.0, 3.6, 0.0, 0.0], [4.81, 10.02, -3.13, 0.13, 226.15, 198.95, 0.16, 1.0], [0.26, 25.0, 0.0, 0.0])
(363894929, [2.0, 3.6, 0.0, 0.97, 0.0, 2.41, 0.0, 3.6, 0.0, 0.0], [2.88, 12.93, -0.63, 5.39, 201.9, 175.61, 0.16, 1.0], [0.23, 25.0, 0.0, 0.0])
(363995034, [2.0, 0.75, 0.0, 3.6, 0.0, 2.41, 0.0, 2.31, 0.0, 0.0], [1.45, 13.95, 0.06, 7.55, 187.21, 161.39, 0.19, 1.0], [0.21, 25.0, 0.0, 0.0])
(364094784, [2.0, 0.75, 0.0, 3.6, 0.0, 3.6, 0.0, 2.34, 0.0, 0.0], [0.71, 15.42, 0.09, 7.3, 182.13, 156.49, 0.19, 1.0], [0.2, 25.0, 0.0, 0.0])
(463794841, [2.0, 0.92, 0.0, 1.23, 0.0, 3.6, 0.0, 1.24, 0.0, 0.0], [0.0, -0.1, 0.0, 0.12, 85.34, 85.33, 0.0, 1.0], [0.2, 25.0, 0.0, 0.0])
(463894899, [2.0, 0.91, 0.0, 1.23, 0.0, 3.6, 0.0, 1.24, 0.0, 0.0], [0.0, -0.1, 0.0, 0.12, 85.34, 85.34, 0.0, 1.0], [0.2, 25.0, 0.0, 0.0])
(463994889, [2.0, 0.92, 0.0, 1.22, 0.0, 3.6, 0.0, 1.25, 0.0, 0.0], [0.0, -0.1, 0.0, 0.12, 85.34, 85.34, 0.0, 1.0], [0.2, 25.0, 0.0, 0.0])
(464094768, [2.0, 0.92, 0.0, 1.22, 0.0, 3.6, 0.0, 1.24, 0.0, 0.0], [0.0, -0.1, 0.0, 0.11, 85.34, 85.34, 0.0, 1.0], [0.2, 25.0, 0.0, 0.0])
(464194757, [2.0, 0.91, 0.0, 1.23, 0.0, 3.6, 0.0, 1.24, 0.0, 0.0], [0.0, -0.1, 0.0, 0.11, 85.34, 85.34, 0.0, 1.0], [0.2, 25.0, 0.0, 0.0])
(464294765, [2.0, 0.91, 0.0, 1.22, 0.0, 3.6, 0.0, 1.24, 0.0, 0.0], [0.0, -0.1, 0.0, 0.11, 85.34, 85.34, 0.0, 1.0], [0.2, 25.0, 0.0, 0.0])
(487697315, [2.0, 0.91, 0.0, 1.22, 0.0, 3.6, 0.0, 1.24, 0.0, 0.0], [0.0, -0.11, 0.0, 0.15, 85.13, 85.13, 0.0, 1.0], [0.2, 25.0, 0.0, 0.0])
(487797317, [2.0, 0.92, 0.0, 1.22, 0.0, 3.6, 0.0, 1.24, 0.0, 0.0], [0.0, -0.11, 0.0, 0.15, 85.13, 85.13, 0.0, 1.0], [0.2, 25.0, 0.0, 0.0])
(487897536, [2.0, 0.92, 0.0, 1.23, 0.0, 3.6, 0.0, 1.24, 0.0, 0.0], [0.0, -0.11, 0.0, 0.15, 85.13, 85.13, 0.0, 1.0], [0.2, 25.0, 0.0, 0.0])
(487997288, [2.0, 0.91, 0.0, 1.22, 0.0, 3.6, 0.0, 1.24, 0.0, 0.0], [0.0, -0.11, 0.0, 0.14, 85.12, 85.12, 0.0, 1.0], [0.2, 25.0, 0.0, 0.0])
(488097293, [2.0, 0.91, 0.0, 1.22, 0.0, 3.6, 0.0, 1.24, 0.0, 0.0], [0.0, -0.11, 0.0, 0.14, 85.13, 85.12, 0.0, 1.0], [0.2, 25.0, 0.0, 0.0])
