(19127752, [2.0, 0.91, 0.0, 1.18, 0.0, 3.6, 0.0, 1.27, 0.0, 0.0], [0.0, -0.21, 0.0, 0.14, 0.03, 0.02, 0.0, 1.0], [0.2, 25.0, 0.0, 0.0])
(19227703, [2.0, 0.92, 0.0, 1.18, 0.0, 3.6, 0.0, 1.28, 0.0, 0.0], [0.0, -0.21, 0.0, 0.14, 0.03, 0.03, 0.0, 1.0], [0.2, 25.0, 0.0, 0.0])
(19327815, [2.0, 0.92, 0.0, 1.18, 0.0, 3.6, 0.0, 1.27, 0.0, 0.0], [0.0, -0.21, 0.0, 0.14, 0.03, 0.03, 0.0, 1.0], [0.2, 25.0, 0.0, 0.0])
(19427546, [2.0, 0.92, 0.0, 1.17, 0.0, 3.6, 0.0, 1.27, 0.0, 0.0], [0.0, -0.22, 0.0, 0.14, 0.03, 0.03, 0.0, 1.0], [0.2, 25.0, 0.0, 0.0])
(19527644, [2.0, 0.92, 0.0, 1.18, 0.0, 3.6, 0.0, 1.27, 0.0, 0.0], [0.0, -0.22, 0.0, 0.14, 0.03, 0.03, 0.0, 1.0], [0.2, 25.0, 0.0, 0.0])
(19627631, [2.0, 0.92, 0.0, 1.19, 0.0, 3.6, 0.0, 1.28, 0.0, 0.0], [0.0, -0.23, 0.0, 0.14, 0.03, 0.03, 0.0, 1.0], [0.2, 25.0, 0.0, 0.0])
(19727703, [2.0, 0.92, 0.0, 1.18, 0.0, 3.6, 0.0, 1.28, 0.0, 0.0], [0.0, -0.23, 0.0, 0.14, 0.03, 0.03, 0.0, 1.0], [0.2, 25.0, 0.0, 0.0])
(19827592, [2.0, 0.92, 0.0, 1.19, 0.0, 3.6, 0.0, 1.28, 0.0, 0.0], [0.0, -0.23, 0.0, 0.14, 0.04, 0.03, 0.0, 1.0], [0.2, 25.0, 0.0, 0.0])
(19927622, [2.0, 0.91, 0.0, 1.19, 0.0, 3.6, 0.0, 1.27, 0.0, 0.0], [0.0, -0.24, 0.0, 0.14, 0.04, 0.04, 0.0, 1.0], [0.2, 25.0, 0.0, 0.0])
(20028063, [2.0, 0.92, 0.0, 1.18, 0.0, 3.6, 0.0, 1.27, 0.0, 0.0], [0.0, -0.24, 0.0, 0.14, 0.04, 0.04, 0.0, 1.0], [0.2, 25.0, 0.0, 0.0])
(20128029, [2.0, 0.91, 0.0, 1.18, 0.0, 3.6, 0.0, 1.28, 0.0, 0.0], [0.0, -0.23, 0.0, 0.14, 0.04, 0.04, 0.0, 1.0], [0.2, 25.0, 0.0, 0.0])
(20227537, [2.0, 0.92, 0.0, 1.18, 0.0, 3.6, 0.0, 1.28, 0.0, 0.0], [0.0, -0.23, 0.0, 0.14, 0.04, 0.04, 0.0, 1.0], [0.2, 25.0, 0.0, 0.0])
(20327950, [2.0, 0.92, 0.0, 1.18, 0.0, 3.6, 0.0, 1.27, 0.0, 0.0], [0.0, -0.23, 0.0, 0.14, 0.04, 0.04, 0.0, 1.0], [0.2, 25.0, 0.0, 0.0])
(42828117, [2.0, 0.91, 0.0, 1.19, 0.0, 3.6, 0.0, 1.28, 0.0, 0.0], [0.0, -0.24, 0.0, 0.19, 0.07, 0.07, 0.0, 1.0], [0.2, 25.0, 0.0, 0.0])
(42927769, [2.0, 0.92, 0.0, 1.18, 0.0, 3.6, 0.0, 1.29, 0.0, 0.0], [0.0, -0.24, 0.0, 0.19, 0.07, 0.07, 0.0, 1.0], [0.2, 25.0, 0.0, 0.0])
(43027738, [2.0, 0.92, 0.0, 1.18, 0.0, 3.6, 0.0, 1.28, 0.0, 0.0], [0.0, -0.24, 0.0, 0.19, 0.07, 0.07, 0.0, 1.0], [0.2, 25.0, 0.0, 0.0])
(43127766, [2.0, 0.91, 0.0, 1.18, 0.0, 3.6, 0.0, 1.29, 0.0, 0.0], [0.0, -0.24, 0.0, 0.19, 0.07, 0.07, 0.0, 1.0], [0.2, 25.0, 0.0, 0.0])
(43227723, [2.0, 0.91, 0.0, 1.18, 0.0, 3.6, 0.0, 1.28, 0.0, 0.0], [0.0, -0.24, 0.0, 0.19, 0.07, 0.07, 0.0, 1.0], [0.2, 25.0, 0.0, 0.0])
(43328183, [2.0, 0.91, 0.0, 1.19, 0.0, 3.6, 0.0, 1.28, 0.0, 0.0], [0.0, -0.24, 0.0, 0.19, 0.07, 0.07, 0.0, 1.0], [0.2, 25.0, 0.0, 0.0])
(43427715, [2.0, 0.91, 0.0, 1.19, 0.0, 3.6, 0.0, 1.28, 0.0, 0.0], [0.0, -0.24, 0.0, 0.19, 0.07, 0.07, 0.0, 1.0], [0.2, 25.0, 0.0, 0.0])
(43527601, [2.0, 0.92, 0.0, 1.19, 0.0, 3.6, 0.0, 1.28, 0.0, 0.0], [0.0, -0.24, 0.0, 0.18, 0.07, 0.07, 0.0, 1.0], [0.2, 25.0, 0.0, 0.0])
(43627567, [2.0, 0.92, 0.0, 1.18, 0.0, 3.6, 0.0, 1.29, 0.0, 0.0], [0.0, -0.25, 0.0, 0.18, 0.07, 0.07, 0.0, 1.0], [0.2, 25.0, 0.0, 0.0])
(43727758, [2.0, 0.92, 0.0, 1.19, 0.0, 3.6, 0.0, 1.28, 0.0, 0.0], [0.0, -0.25, 0.0, 0.19, 0.07, 0.07, 0.0, 1.0], [0.2, 25.0, 0.0, 0.0])
(43827685, [2.0, 0.91, 0.0, 1.19, 0.0, 3.6, 0.0, 1.29, 0.0, 0.0], [0.0, -0.25, 0.0, 0.19, 0.07, 0.07, 0.0, 1.0], [0.2, 25.0, 0.0, 0.0])
(43927682, [2.0, 0.92, 0.0, 1.18, 0.0, 3.6, 0.0, 1.28, 0.0, 0.0], [0.0, -0.25, 0.0, 0.19, 0.07, 0.07, 0.0, 1.0], [0.2, 25.0, 0.0, 0.0])
(44028030, [2.0, 0.92, 0.0, 1.18, 0.0, 3.6, 0.0, 1.28, 0.0, 0.0], [0.0, -0.25, 0.0, 0.19, 0.07, 0.07, 0.0, 1.0], [0.2, 25.0, 0.0, 0.0])
(44127546, [2.0, 0.91, 0.0, 1.18, 0.0, 3.6, 0.0, 1.28, 0.0, 0.0], [0.0, -0.25, 0.0, 0.18, 0.07, 0.07, 0.0, 1.0], [0.2, 25.0, 0.0, 0.0])
(44227648, [2.0, 0.92, 0.0, 1.18, 0.0, 3.6, 0.0, 1.28, 0.0, 0.0], [0.0, -0.24, 0.0, 0.19, 0.07, 0.07, 0.0, 1.0], [0.2, 25.0, 0.0, 0.0])
(44327719, [2.0, 0.92, 0.0, 1.18, 0.0, 3.6, 0.0, 1.29, 0.0, 0.0], [0.0, -0.24, 0.0, 0.18, 0.07, 0.07, 0.0, 1.0], [0.2, 25.0, 0.0, 0.0])
(44427790, [2.0, 0.91, 0.0, 1.18, 0.0, 3.6, 0.0, 1.28, 0.0, 0.0], [0.0, -0.24, 0.0, 0.18, 0.07, 0.07, 0.0, 1.0], [0.2, 25.0, 0.0, 0.0])
(44527995, [2.0, 0.92, 0.0, 1.17, 0.0, 3.6, 0.0, 1.28, 0.0, 0.0], [0.0, -0.24, 0.0, 0.18, 0.07, 0.07, 0.0, 1.0], [0.2, 25.0, 0.0, 0.0])
(44627726, [2.0, 0.92, 0.0, 1.18, 0.0, 3.6, 0.0, 1.28, 0.0, 0.0], [0.0, -0.25, 0.0, 0.19, 0.07, 0.07, 0.0, 1.0], [0.2, 25.0, 0.0, 0.0])
(44727779, [2.0, 0.91, 0.0, 1.18, 0.0, 3.6, 0.0, 1.28, 0.0, 0.0], [0.0, -0.25, 0.0, 0.19, 0.07, 0.07, 0.0, 1.0], [0.2, 25.0, 0.0, 0.0])
(44827685, [2.0, 0.92, 0.0, 1.17, 0.0, 3.6, 0.0, 1.28, 0.0, 0.0], [0.0, -0.25, 0.0, 0.18, 0.07, 0.07, 0.0, 1.0], [0.2, 25.0, 0.0, 0.0])
(44927550, [2.0, 0.92, 0.0, 1.17, 0.0, 3.6, 0.0, 1.28, 0.0, 0.0], [0.0, -0.25, 0.0, 0.18, 0.07, 0.07, 0.0, 1.0], [0.2, 25.0, 0.0, 0.0])
(45027700, [2.0, 0.92, 0.0, 1.18, 0.0, 3.6, 0.0, 1.28, 0.0, 0.0], [0.0, -0.25, 0.0, 0.18, 0.07, 0.07, 0.0, 1.0], [0.2, 25.0, 0.0, 0.0])
(45127686, [2.0, 0.92, 0.0, 1.19, 0.0, 3.6, 0.0, 1.28, 0.0, 0.0], [0.0, -0.25, 0.0, 0.18, 0.07, 0.07, 0.0, 1.0], [0.2, 25.0, 0.0, 0.0])
(45227787, [2.0, 0.92, 0.0, 1.18, 0.0, 3.6, 0.0, 1.28, 0.0, 0.0], [0.0, -0.26, 0.0, 0.18, 0.07, 0.06, 0.0, 1.0], [0.2, 25.0, 0.0, 0.0])
(45327585, [2.0, 0.91, 0.0, 1.18, 0.0, 3.6, 0.0, 1.28, 0.0, 0.0], [0.0, -0.25, 0.0, 0.18, 0.07, 0.06, 0.0, 1.0], [0.2, 25.0, 0.0, 0.0])
(45427645, [2.0, 0.92, 0.0, 1.19, 0.0, 3.6, 0.0, 1.28, 0.0, 0.0], [0.0, -0.26, 0.0, 0.18, 0.07, 0.06, 0.0, 1.0], [0.2, 25.0, 0.0, 0.0])
(45527592, [2.0, 0.91, 0.0, 1.19, 0.0, 3.6, 0.0, 1.28, 0.0, 0.0], [0.0, -0.26, 0.0, 0.18, 0.07, 0.06, 0.0, 1.0], [0.54, 25.0, 0.0, 0.0])
(45627574, [2.0, 0.92, 0.0, 1.19, 0.0, 3.6, 0.0, 1.28, 0.0, 0.0], [0.0, -0.26, 0.0, 0.18, 0.07, 0.07, 0.0, 1.0], [0.54, 25.0, 0.0, 0.0])
(45727737, [2.0, 0.92, 0.0, 1.19, 0.0, 3.6, 0.0, 1.28, 0.0, 0.0], [0.0, -0.26, 0.0, 0.18, 0.07, 0.07, 0.0, 1.0], [0.2, 25.0, 0.0, 0.0])
(45827612, [2.0, 0.92, 0.0, 1.18, 0.0, 3.6, 0.0, 1.28, 0.0, 0.0], [0.0, -0.26, 0.0, 0.18, 0.07, 0.07, 0.0, 1.0], [0.55, 25.0, 0.0, 0.0])
(45927764, [2.0, 0.92, 0.0, 1.18, 0.0, 3.6, 0.0, 1.29, 0.0, 0.0], [0.0, -0.26, 0.0, 0.18, 0.07, 0.07, 0.0, 1.0], [0.2, 25.0, 0.0, 0.0])
(46027805, [2.0, 0.92, 0.0, 1.19, 0.0, 3.6, 0.0, 1.28, 0.0, 0.0], [0.0, -0.26, 0.0, 0.18, 0.07, 0.07, 0.0, 1.0], [0.56, 25.0, 0.0, 0.0])
(46127925, [2.0, 0.92, 0.0, 1.19, 0.0, 3.6, 0.0, 1.29, 0.0, 0.0], [0.0, -0.26, 0.0, 0.18, 0.07, 0.07, 0.0, 1.0], [0.2, 25.0, 0.0, 0.0])
(46227536, [2.0, 0.92, 0.0, 1.19, 0.0, 3.6, 0.0, 1.28, 0.0, 0.0], [0.0, -0.26, 0.0, 0.18, 0.07, 0.07, 0.0, 1.0], [0.2, 25.0, 0.0, 0.0])
(46328320, [2.0, 0.92, 0.0, 1.18, 0.0, 3.6, 0.0, 1.28, 0.0, 0.0], [0.0, -0.26, 0.0, 0.18, 0.07, 0.07, 0.0, 1.0], [0.2, 25.0, 0.0, 0.0])
(46427573, [2.0, 0.92, 0.0, 1.19, 0.0, 3.6, 0.0, 1.29, 0.0, 0.0], [0.0, -0.26, 0.0, 0.18, 0.07, 0.07, 0.0, 1.0], [0.2, 25.0, 0.0, 0.0])
(46527588, [2.0, 0.92, 0.0, 1.19, 0.0, 3.6, 0.0, 1.28, 0.0, 0.0], [0.0, -0.26, 0.0, 0.18, 0.07, 0.07, 0.0, 1.0], [0.2, 25.0, 0.0, 0.0])
(46627632, [2.0, 0.92, 0.0, 1.18, 0.0, 3.6, 0.0, 1.28, 0.0, 0.0], [0.0, -0.26, 0.0, 0.18, 0.07, 0.07, 0.0, 1.0], [0.2, 25.0, 0.0, 0.0])
(46727649, [2.0, 0.92, 0.0, 1.19, 0.0, 3.6, 0.0, 1.29, 0.0, 0.0], [0.0, -0.26, 0.0, 0.18, 0.07, 0.07, 0.0, 1.0], [0.2, 25.0, 0.0, 0.0])
(46827566, [2.0, 0.92, 0.0, 1.18, 0.0, 3.6, 0.0, 1.28, 0.0, 0.0], [0.0, -0.26, 0.0, 0.18, 0.07, 0.07, 0.0, 1.0], [0.2, 25.0, 0.0, 0.0])
(46927683, [2.0, 0.92, 0.0, 1.19, 0.0, 3.6, 0.0, 1.28, 0.0, 0.0], [0.0, -0.26, 0.0, 0.18, 0.07, 0.07, 0.0, 1.0], [0.2, 25.0, 0.0, 0.0])
(47027566, [2.0, 0.91, 0.0, 1.18, 0.0, 3.6, 0.0, 1.27, 0.0, 0.0], [0.0, -0.26, 0.0, 0.18, 0.07, 0.07, 0.0, 1.0], [0.2, 25.0, 0.0, 0.0])
(47127585, [2.0, 0.92, 0.0, 1.19, 0.0, 3.6, 0.0, 1.28, 0.0, 0.0], [0.0, -0.26, 0.0, 0.18, 0.08, 0.07, 0.0, 1.0], [0.2, 25.0, 0.0, 0.0])
(47227703, [2.0, 0.92, 0.0, 1.18, 0.0, 3.6, 0.0, 1.28, 0.0, 0.0], [0.0, -0.26, 0.0, 0.19, 0.07, 0.07, 0.0, 1.0], [0.2, 25.0, 0.0, 0.0])
(47327710, [2.0, 0.91, 0.0, 1.18, 0.0, 3.6, 0.0, 1.28, 0.0, 0.0], [0.0, -0.26, 0.0, 0.18, 0.07, 0.07, 0.0, 1.0], [0.2, 25.0, 0.0, 0.0])
(47427761, [2.0, 0.92, 0.0, 1.18, 0.0, 3.6, 0.0, 1.28, 0.0, 0.0], [0.0, -0.26, 0.0, 0.18, 0.07, 0.07, 0.0, 1.0], [0.2, 25.0, 0.0, 0.0])
(47528038, [2.0, 0.92, 0.0, 1.18, 0.0, 3.6, 0.0, 1.28, 0.0, 0.0], [0.0, -0.26, 0.0, 0.18, 0.07, 0.07, 0.0, 1.0], [0.2, 25.0, 0.0, 0.0])
(47627841, [2.0, 0.91, 0.0, 1.18, 0.0, 3.6, 0.0, 1.28, 0.0, 0.0], [0.0, -0.26, 0.0, 0.18, 0.07, 0.07, 0.0, 1.0], [0.2, 25.0, 0.0, 0.0])
(47727963, [2.0, 0.91, 0.0, 1.19, 0.0, 3.6, 0.0, 1.28, 0.0, 0.0], [0.0, -0.26, 0.0, 0.18, 0.07, 0.07, 0.0, 1.0], [0.2, 25.0, 0.0, 0.0])
(47827577, [2.0, 0.92, 0.0, 1.19, 0.0, 3.6, 0.0, 1.28, 0.0, 0.0], [0.0, -0.26, 0.0, 0.18, 0.07, 0.07, 0.0, 1.0], [0.2, 25.0, 0.0, 0.0])
(47927606, [2.0, 0.91, 0.0, 1.18, 0.0, 3.6, 0.0, 1.28, 0.0, 0.0], [0.0, -0.27, 0.0, 0.18, 0.07, 0.07, 0.0, 1.0], [0.2, 25.0, 0.0, 0.0])
(48027968, [2.0, 0.92, 0.0, 1.18, 0.0, 3.6, 0.0, 1.28, 0.0, 0.0], [0.0, -0.27, 0.0, 0.18, 0.07, 0.07, 0.0, 1.0], [0.2, 25.0, 0.0, 0.0])
(48127589, [2.0, 0.91, 0.0, 1.18, 0.0, 3.6, 0.0, 1.28, 0.0, 0.0], [0.0, -0.27, 0.0, 0.18, 0.07, 0.07, 0.0, 1.0], [0.2, 25.0, 0.0, 0.0])
(48227819, [2.0, 0.92, 0.0, 1.2, 0.0, 3.6, 0.0, 1.28, 0.0, 0.0], [0.0, -0.27, 0.0, 0.18, 0.07, 0.06, 0.0, 1.0], [0.2, 25.0, 0.0, 0.0])
(48327542, [2.0, 0.92, 0.0, 1.17, 0.0, 3.6, 0.0, 1.28, 0.0, 0.0], [0.0, -0.27, 0.0, 0.18, 0.07, 0.07, 0.0, 1.0], [0.2, 25.0, 0.0, 0.0])
(48427617, [2.0, 0.92, 0.0, 1.19, 0.0, 3.6, 0.0, 1.28, 0.0, 0.0], [-0.08, -0.27, 0.9, 0.19, 0.07, 0.06, 0.0, 1.0], [0.2, 25.0, 0.0, 0.0])
(48527590, [2.0, 0.92, 0.0, 1.18, 0.0, 3.6, 0.0, 1.28, 0.0, 0.0], [-0.13, -0.27, 1.54, 0.18, 0.07, 0.06, 0.0, 1.0], [0.2, 25.0, 0.0, 0.0])
(48627619, [2.0, 0.91, 0.0, 1.18, 0.0, 3.6, 0.0, 1.29, 0.0, 0.0], [-0.16, -0.28, 1.85, 0.18, 0.07, 0.06, 0.0, 1.0], [0.2, 25.0, 0.0, 0.0])
(48727835, [2.0, 0.92, 0.0, 1.2, 0.0, 3.6, 0.0, 1.28, 0.0, 0.0], [-0.18, -0.28, 2.01, 0.18, 0.07, 0.06, 0.0, 1.0], [0.2, 25.0, 0.0, 0.0])
(48828136, [2.0, 0.92, 0.0, 1.18, 0.0, 3.6, 0.0, 1.28, 0.0, 0.0], [-0.19, -0.28, 2.08, 0.18, 0.07, 0.06, 0.0, 1.0], [0.2, 25.0, 0.0, 0.0])
(48927946, [2.0, 0.91, 0.0, 1.18, 0.0, 3.6, 0.0, 1.28, 0.0, 0.0], [-0.19, -0.28, 2.12, 0.19, 0.07, 0.06, 0.0, 1.0], [0.2, 25.0, 0.0, 0.0])
(49028186, [2.0, 0.91, 0.0, 1.19, 0.0, 3.6, 0.0, 1.28, 0.0, 0.0], [-0.19, -0.28, 2.15, 0.19, 0.07, 0.07, 0.0, 1.0], [0.2, 25.0, 0.0, 0.0])
(49128189, [2.0, 0.92, 0.0, 1.19, 0.0, 3.6, 0.0, 1.28, 0.0, 0.0], [-0.18, -0.28, 2.16, 0.19, 0.07, 0.07, 0.0, 1.0], [0.2, 25.0, 0.0, 0.0])
(49228369, [2.0, 0.92, 0.0, 1.19, 0.0, 3.6, 0.0, 1.28, 0.0, 0.0], [-0.19, -0.28, 2.16, 0.19, 0.07, 0.07, 0.0, 1.0], [0.2, 25.0, 0.0, 0.0])
(49327702, [2.0, 0.92, 0.0, 1.19, 0.0, 3.6, 0.0, 1.28, 0.0, 0.0], [-0.18, -0.28, 2.16, 0.19, 0.07, 0.07, 0.0, 1.0], [0.2, 25.0, 0.0, 0.0])
(49428018, [2.0, 0.91, 0.0, 1.19, 0.0, 3.6, 0.0, 1.29, 0.0, 0.0], [-0.18, -0.28, 2.16, 0.19, 0.07, 0.07, 0.0, 1.0], [0.2, 25.0, 0.0, 0.0])
(49528113, [2.0, 0.92, 0.0, 1.19, 0.0, 3.6, 0.0, 1.28, 0.0, 0.0], [-0.18, -0.28, 2.16, 0.18, 0.07, 0.07, 0.0, 1.0], [0.2, 25.0, 0.0, 0.0])
(49627824, [2.0, 0.91, 0.0, 1.18, 0.0, 3.6, 0.0, 1.28, 0.0, 0.0], [-0.19, -0.28, 2.16, 0.18, 0.07, 0.07, 0.0, 1.0], [0.2, 25.0, 0.0, 0.0])
(49728088, [2.0, 0.92, 0.0, 1.19, 0.0, 3.6, 0.0, 1.28, 0.0, 0.0], [-0.19, -0.28, 2.16, 0.18, 0.07, 0.07, 0.0, 1.0], [0.2, 25.0, 0.0, 0.0])
(49827817, [2.0, 0.92, 0.0, 1.19, 0.0, 3.6, 0.0, 1.28, 0.0, 0.0], [-0.19, -0.28, 2.16, 0.18, 0.07, 0.07, 0.0, 1.0], [0.2, 25.0, 0.0, 0.0])
(49927962, [2.0, 0.92, 0.0, 1.18, 0.0, 3.6, 0.0, 1.28, 0.0, 0.0], [-0.19, -0.28, 2.16, 0.18, 0.07, 0.07, 0.0, 1.0], [0.2, 25.0, 0.0, 0.0])
(50027706, [2.0, 0.92, 0.0, 1.18, 0.0, 3.6, 0.0, 1.28, 0.0, 0.0], [-0.2, -0.28, 2.16, 0.18, 0.07, 0.07, 0.0, 1.0], [0.2, 25.0, 0.0, 0.0])
(50128818, [2.0, 0.92, 0.0, 1.19, 0.0, 3.6, 0.0, 1.28, 0.0, 0.0], [-0.19, -0.28, 2.16, 0.18, 0.07, 0.07, 0.0, 1.0], [0.2, 25.0, 0.0, 0.0])
(50228111, [2.0, 0.92, 0.0, 1.19, 0.0, 3.6, 0.0, 1.28, 0.0, 0.0], [-0.18, -0.29, 2.16, 0.18, 0.07, 0.07, 0.0, 1.0], [0.2, 25.0, 0.0, 0.0])
(50328396, [2.0, 0.92, 0.0, 1.18, 0.0, 3.6, 0.0, 1.28, 0.0, 0.0], [-0.19, -0.29, 2.16, 0.18, 0.07, 0.07, 0.0, 1.0], [0.2, 25.0, 0.0, 0.0])
(50428126, [2.0, 0.91, 0.0, 1.18, 0.0, 3.6, 0.0, 1.28, 0.0, 0.0], [-0.19, -0.29, 2.16, 0.18, 0.07, 0.07, 0.0, 1.0], [0.2, 25.0, 0.0, 0.0])
(50528197, [2.0, 0.92, 0.0, 1.17, 0.0, 3.6, 0.0, 1.28, 0.0, 0.0], [-0.19, -0.29, 2.16, 0.18, 0.07, 0.07, 0.0, 1.0], [0.2, 25.0, 0.0, 0.0])
(50628028, [2.0, 0.91, 0.0, 1.19, 0.0, 3.6, 0.0, 1.28, 0.0, 0.0], [-0.19, -0.29, 2.16, 0.18, 0.07, 0.08, 0.0, 1.0], [0.2, 25.0, 0.0, 0.0])
(50728205, [2.0, 0.92, 0.0, 1.19, 0.0, 3.6, 0.0, 1.29, 0.0, 0.0], [-0.19, -0.29, 2.16, 0.18, 0.07, 0.07, 0.0, 1.0], [0.2, 25.0, 0.0, 0.0])
(50827837, [2.0, 0.92, 0.0, 1.19, 0.0, 3.6, 0.0, 1.29, 0.0, 0.0], [-0.19, -0.29, 2.16, 0.18, 0.07, 0.07, 0.0, 1.0], [0.2, 25.0, 0.0, 0.0])
(50928129, [2.0, 0.92, 0.0, 1.18, 0.0, 3.6, 0.0, 1.29, 0.0, 0.0], [-0.2, -0.29, 2.16, 0.18, 0.07, 0.07, 0.0, 1.0], [0.2, 25.0, 0.0, 0.0])
(51027810, [2.0, 0.92, 0.0, 1.2, 0.0, 3.6, 0.0, 1.28, 0.0, 0.0], [-0.19, -0.29, 2.16, 0.18, 0.07, 0.07, 0.0, 1.0], [0.2, 25.0, 0.0, 0.0])
(51128101, [2.0, 0.92, 0.0, 1.19, 0.0, 3.6, 0.0, 1.28, 0.0, 0.0], [-0.19, -0.29, 2.16, 0.18, 0.07, 0.07, 0.0, 1.0], [0.2, 25.0, 0.0, 0.0])
(51228081, [2.0, 0.92, 0.0, 1.17, 0.0, 3.6, 0.0, 1.28, 0.0, 0.0], [-0.19, -0.29, 2.16, 0.17, 0.07, 0.07, 0.0, 1.0], [0.2, 25.0, 0.0, 0.0])
(51328299, [2.0, 0.91, 0.0, 1.18, 0.0, 3.6, 0.0, 1.27, 0.0, 0.0], [-0.19, -0.29, 2.17, 0.17, 0.07, 0.07, 0.0, 1.0], [0.2, 25.0, 0.0, 0.0])
(51427960, [2.0, 0.92, 0.0, 1.17, 0.0, 3.6, 0.0, 1.28, 0.0, 0.0], [-0.2, -0.29, 2.16, 0.17, 0.07, 0.07, 0.0, 1.0], [0.2, 25.0, 0.0, 0.0])
(51528029, [2.0, 0.92, 0.0, 1.17, 0.0, 3.6, 0.0, 1.28, 0.0, 0.0], [-0.2, -0.29, 2.16, 0.17, 0.07, 0.07, 0.0, 1.0], [0.2, 25.0, 0.0, 0.0])
(51628679, [2.0, 0.92, 0.0, 1.18, 0.0, 3.6, 0.0, 1.29, 0.0, 0.0], [-0.2, -0.29, 2.16, 0.17, 0.07, 0.07, 0.0, 1.0], [0.2, 25.0, 0.0, 0.0])
(51728160, [2.0, 0.92, 0.0, 1.19, 0.0, 3.6, 0.0, 1.28, 0.0, 0.0], [-0.2, -0.29, 2.16, 0.17, 0.07, 0.07, 0.0, 1.0], [0.2, 25.0, 0.0, 0.0])
(51828450, [2.0, 0.92, 0.0, 1.19, 0.0, 3.6, 0.0, 1.28, 0.0, 0.0], [-0.2, -0.29, 2.16, 0.17, 0.07, 0.07, 0.0, 1.0], [0.2, 25.0, 0.0, 0.0])
(51927995, [2.0, 0.92, 0.0, 1.17, 0.0, 3.6, 0.0, 1.28, 0.0, 0.0], [-0.19, -0.29, 2.16, 0.17, 0.07, 0.07, 0.0, 1.0], [0.2, 25.0, 0.0, 0.0])
(52028413, [2.0, 0.92, 0.0, 1.19, 0.0, 3.6, 0.0, 1.28, 0.0, 0.0], [-0.2, -0.29, 2.16, 0.17, 0.07, 0.07, 0.0, 1.0], [0.2, 25.0, 0.0, 0.0])
(52128072, [2.0, 0.92, 0.0, 1.18, 0.0, 3.6, 0.0, 1.28, 0.0, 0.0], [-0.19, -0.29, 2.16, 0.17, 0.07, 0.07, 0.0, 1.0], [0.2, 25.0, 0.0, 0.0])
(52228598, [2.0, 0.92, 0.0, 1.17, 0.0, 3.6, 0.0, 1.28, 0.0, 0.0], [-0.19, -0.29, 2.16, 0.17, 0.07, 0.07, 0.0, 1.0], [0.2, 25.0, 0.0, 0.0])
(52328313, [2.0, 0.92, 0.0, 1.18, 0.0, 3.6, 0.0, 1.28, 0.0, 0.0], [-0.2, -0.29, 2.16, 0.17, 0.07, 0.07, 0.0, 1.0], [0.2, 25.0, 0.0, 0.0])
(52428193, [2.0, 0.92, 0.0, 1.19, 0.0, 3.6, 0.0, 1.28, 0.0, 0.0], [-0.2, -0.29, 2.16, 0.17, 0.07, 0.07, 0.0, 1.0], [0.2, 25.0, 0.0, 0.0])
(52527871, [2.0, 0.91, 0.0, 1.19, 0.0, 3.6, 0.0, 1.28, 0.0, 0.0], [-0.19, -0.28, 2.16, 0.16, 0.07, 0.07, 0.0, 1.0], [0.2, 25.0, 0.0, 0.0])
(52628040, [2.0, 0.91, 0.0, 1.18, 0.0, 3.6, 0.0, 1.28, 0.0, 0.0], [-0.19, -0.29, 2.16, 0.16, 0.07, 0.07, 0.0, 1.0], [0.2, 25.0, 0.0, 0.0])
(52728132, [2.0, 0.92, 0.0, 1.18, 0.0, 3.6, 0.0, 1.28, 0.0, 0.0], [-0.19, -0.29, 2.16, 0.17, 0.07, 0.07, 0.0, 1.0], [0.2, 25.0, 0.0, 0.0])
(52827989, [2.0, 0.92, 0.0, 1.18, 0.0, 3.6, 0.0, 1.28, 0.0, 0.0], [-0.19, -0.29, 2.16, 0.16, 0.07, 0.07, 0.0, 1.0], [0.2, 25.0, 0.0, 0.0])
(52928063, [2.0, 0.92, 0.0, 1.18, 0.0, 3.6, 0.0, 1.28, 0.0, 0.0], [-0.19, -0.29, 2.16, 0.16, 0.07, 0.07, 0.0, 1.0], [0.2, 25.0, 0.0, 0.0])
(53028575, [2.0, 0.92, 0.0, 1.19, 0.0, 3.6, 0.0, 1.28, 0.0, 0.0], [-0.2, -0.29, 2.16, 0.16, 0.07, 0.07, 0.0, 1.0], [0.2, 25.0, 0.0, 0.0])
(53128234, [2.0, 0.91, 0.0, 1.17, 0.0, 3.6, 0.0, 1.28, 0.0, 0.0], [-0.2, -0.29, 2.16, 0.16, 0.07, 0.07, 0.0, 1.0], [0.2, 25.0, 0.0, 0.0])
(53228107, [2.0, 0.91, 0.0, 1.18, 0.0, 3.6, 0.0, 1.28, 0.0, 0.0], [-0.19, -0.29, 2.17, 0.16, 0.07, 0.07, 0.0, 1.0], [0.2, 25.0, 0.0, 0.0])
(53328094, [2.0, 0.91, 0.0, 1.19, 0.0, 3.6, 0.0, 1.28, 0.0, 0.0], [-0.19, -0.29, 2.17, 0.16, 0.07, 0.07, 0.0, 1.0], [0.2, 25.0, 0.0, 0.0])
(53428015, [2.0, 0.92, 0.0, 1.18, 0.0, 3.6, 0.0, 1.28, 0.0, 0.0], [-0.19, -0.29, 2.16, 0.16, 0.07, 0.07, 0.0, 1.0], [0.2, 25.0, 0.0, 0.0])
(53528072, [2.0, 0.91, 0.0, 1.18, 0.0, 3.6, 0.0, 1.28, 0.0, 0.0], [-0.19, -0.29, 2.16, 0.16, 0.07, 0.06, 0.0, 1.0], [0.2, 25.0, 0.0, 0.0])
(53628134, [2.0, 0.91, 0.0, 1.19, 0.0, 3.6, 0.0, 1.28, 0.0, 0.0], [-0.19, -0.29, 2.17, 0.16, 0.07, 0.06, 0.0, 1.0], [0.2, 25.0, 0.0, 0.0])
(53728295, [2.0, 0.92, 0.0, 1.19, 0.0, 3.6, 0.0, 1.27, 0.0, 0.0], [-0.18, -0.29, 2.16, 0.16, 0.07, 0.07, 0.0, 1.0], [0.2, 25.0, 0.0, 0.0])
(53827865, [2.0, 0.92, 0.0, 1.18, 0.0, 3.6, 0.0, 1.28, 0.0, 0.0], [-0.17, -0.3, 2.16, 0.16, 0.07, 0.07, 0.0, 1.0], [0.2, 25.0, 0.0, 0.0])
(53928296, [2.0, 0.91, 0.0, 1.19, 0.0, 3.6, 0.0, 1.28, 0.0, 0.0], [-0.18, -0.3, 2.16, 0.16, 0.07, 0.07, 0.0, 1.0], [0.2, 25.0, 0.0, 0.0])
(54027886, [2.0, 0.92, 0.0, 1.19, 0.0, 3.6, 0.0, 1.28, 0.0, 0.0], [-0.18, -0.3, 2.17, 0.16, 0.07, 0.07, 0.0, 1.0], [0.2, 25.0, 0.0, 0.0])
(54128556, [2.0, 0.92, 0.0, 1.19, 0.0, 3.6, 0.0, 1.28, 0.0, 0.0], [-0.19, -0.3, 2.16, 0.16, 0.07, 0.07, 0.0, 1.0], [0.2, 25.0, 0.0, 0.0])
(54227888, [2.0, 0.92, 0.0, 1.19, 0.0, 3.6, 0.0, 1.28, 0.0, 0.0], [-0.18, -0.3, 2.16, 0.16, 0.07, 0.07, 0.0, 1.0], [0.2, 25.0, 0.0, 0.0])
(54328680, [2.0, 0.91, 0.0, 1.19, 0.0, 3.6, 0.0, 1.29, 0.0, 0.0], [-0.19, -0.3, 2.16, 0.16, 0.07, 0.07, 0.0, 1.0], [0.2, 25.0, 0.0, 0.0])
(54428142, [2.0, 0.92, 0.0, 1.19, 0.0, 3.6, 0.0, 1.29, 0.0, 0.0], [-0.19, -0.3, 2.16, 0.16, 0.07, 0.07, 0.0, 1.0], [0.2, 25.0, 0.0, 0.0])
(54528307, [2.0, 0.92, 0.0, 1.18, 0.0, 3.6, 0.0, 1.28, 0.0, 0.0], [-0.18, -0.3, 2.17, 0.16, 0.07, 0.07, 0.0, 1.0], [0.2, 25.0, 0.0, 0.0])
(54628147, [2.0, 0.92, 0.0, 1.18, 0.0, 3.6, 0.0, 1.29, 0.0, 0.0], [-0.19, -0.29, 2.16, 0.16, 0.07, 0.07, 0.0, 1.0], [0.2, 25.0, 0.0, 0.0])
(54728666, [2.0, 0.92, 0.0, 1.18, 0.0, 3.6, 0.0, 1.29, 0.0, 0.0], [-0.19, -0.29, 2.16, 0.16, 0.07, 0.07, 0.0, 1.0], [0.2, 25.0, 0.0, 0.0])
(54828132, [2.0, 0.92, 0.0, 1.19, 0.0, 3.6, 0.0, 1.28, 0.0, 0.0], [-0.19, -0.29, 2.16, 0.16, 0.07, 0.06, 0.0, 1.0], [0.2, 25.0, 0.0, 0.0])
(54928009, [2.0, 0.92, 0.0, 1.18, 0.0, 3.6, 0.0, 1.28, 0.0, 0.0], [-0.19, -0.3, 2.16, 0.16, 0.07, 0.06, 0.0, 1.0], [0.2, 25.0, 0.0, 0.0])
(55027887, [2.0, 0.91, 0.0, 1.18, 0.0, 3.6, 0.0, 1.29, 0.0, 0.0], [-0.2, -0.3, 2.16, 0.15, 0.07, 0.06, 0.0, 1.0], [0.2, 25.0, 0.0, 0.0])
(55128001, [2.0, 0.92, 0.0, 1.19, 0.0, 3.6, 0.0, 1.28, 0.0, 0.0], [-0.2, -0.3, 2.16, 0.15, 0.07, 0.06, 0.0, 1.0], [0.2, 25.0, 0.0, 0.0])
(55228190, [2.0, 0.92, 0.0, 1.18, 0.0, 3.6, 0.0, 1.28, 0.0, 0.0], [-0.19, -0.3, 2.16, 0.15, 0.07, 0.07, 0.0, 1.0], [0.2, 25.0, 0.0, 0.0])
(55328045, [2.0, 0.92, 0.0, 1.19, 0.0, 3.6, 0.0, 1.28, 0.0, 0.0], [-0.18, -0.3, 2.16, 0.15, 0.07, 0.07, 0.0, 1.0], [0.2, 25.0, 0.0, 0.0])
(55428175, [2.0, 0.92, 0.0, 1.18, 0.0, 3.6, 0.0, 1.28, 0.0, 0.0], [-0.19, -0.3, 2.16, 0.16, 0.07, 0.07, 0.0, 1.0], [0.2, 25.0, 0.0, 0.0])
(55527859, [2.0, 0.91, 0.0, 1.19, 0.0, 3.6, 0.0, 1.28, 0.0, 0.0], [-0.18, -0.31, 2.16, 0.15, 0.07, 0.07, 0.0, 1.0], [0.2, 25.0, 0.0, 0.0])
(55628124, [2.0, 0.92, 0.0, 1.18, 0.0, 3.6, 0.0, 1.27, 0.0, 0.0], [-0.17, -0.31, 2.16, 0.16, 0.07, 0.07, 0.0, 1.0], [0.2, 25.0, 0.0, 0.0])
(55728019, [2.0, 0.91, 0.0, 1.18, 0.0, 3.6, 0.0, 1.28, 0.0, 0.0], [-0.18, -0.31, 2.16, 0.16, 0.07, 0.07, 0.0, 1.0], [0.2, 25.0, 0.0, 0.0])
(55828615, [2.0, 0.92, 0.0, 1.19, 0.0, 3.6, 0.0, 1.28, 0.0, 0.0], [-0.18, -0.31, 2.16, 0.16, 0.07, 0.07, 0.0, 1.0], [0.2, 25.0, 0.0, 0.0])
(55928057, [2.0, 0.92, 0.0, 1.19, 0.0, 3.6, 0.0, 1.28, 0.0, 0.0], [-0.18, -0.31, 2.16, 0.16, 0.07, 0.07, 0.0, 1.0], [0.2, 25.0, 0.0, 0.0])
(56028338, [2.0, 0.92, 0.0, 1.19, 0.0, 3.6, 0.0, 1.28, 0.0, 0.0], [-0.18, -0.3, 2.16, 0.16, 0.07, 0.07, 0.0, 1.0], [0.2, 25.0, 0.0, 0.0])
(56128066, [2.0, 0.92, 0.0, 1.19, 0.0, 3.6, 0.0, 1.28, 0.0, 0.0], [-0.18, -0.3, 2.16, 0.16, 0.07, 0.07, 0.0, 1.0], [0.2, 25.0, 0.0, 0.0])
(56228373, [2.0, 0.92, 0.0, 1.19, 0.0, 3.6, 0.0, 1.28, 0.0, 0.0], [-0.18, -0.31, 2.16, 0.16, 0.07, 0.07, 0.0, 1.0], [0.2, 25.0, 0.0, 0.0])
(56328024, [2.0, 0.92, 0.0, 1.19, 0.0, 3.6, 0.0, 1.29, 0.0, 0.0], [-0.18, -0.31, 2.16, 0.16, 0.07, 0.07, 0.0, 1.0], [0.2, 25.0, 0.0, 0.0])
(56428506, [2.0, 0.91, 0.0, 1.18, 0.0, 3.6, 0.0, 1.28, 0.0, 0.0], [-0.19, -0.3, 2.16, 0.16, 0.07, 0.07, 0.0, 1.0], [0.2, 25.0, 0.0, 0.0])
(56527861, [2.0, 0.92, 0.0, 1.19, 0.0, 3.6, 0.0, 1.28, 0.0, 0.0], [-0.19, -0.3, 2.16, 0.16, 0.07, 0.07, 0.0, 1.0], [0.2, 25.0, 0.0, 0.0])
(56628242, [2.0, 0.91, 0.0, 1.19, 0.0, 3.6, 0.0, 1.28, 0.0, 0.0], [-0.19, -0.3, 2.17, 0.16, 0.07, 0.07, 0.0, 1.0], [0.2, 25.0, 0.0, 0.0])
(56728544, [2.0, 0.91, 0.0, 1.17, 0.0, 3.6, 0.0, 1.28, 0.0, 0.0], [-0.19, -0.3, 2.17, 0.16, 0.07, 0.07, 0.0, 1.0], [0.2, 25.0, 0.0, 0.0])
(56828394, [2.0, 0.92, 0.0, 1.18, 0.0, 3.6, 0.0, 1.28, 0.0, 0.0], [-0.2, -0.3, 2.16, 0.15, 0.07, 0.07, 0.0, 1.0], [0.2, 25.0, 0.0, 0.0])
(56927859, [2.0, 0.92, 0.0, 1.19, 0.0, 3.6, 0.0, 1.28, 0.0, 0.0], [-0.19, -0.31, 2.16, 0.15, 0.07, 0.07, 0.0, 1.0], [0.2, 25.0, 0.0, 0.0])
(57027877, [2.0, 0.92, 0.0, 1.18, 0.0, 3.6, 0.0, 1.28, 0.0, 0.0], [-0.2, -0.31, 2.16, 0.15, 0.07, 0.07, 0.0, 1.0], [0.2, 25.0, 0.0, 0.0])
(57128116, [2.0, 0.91, 0.0, 1.19, 0.0, 3.6, 0.0, 1.28, 0.0, 0.0], [-0.19, -0.3, 2.17, 0.15, 0.07, 0.07, 0.0, 1.0], [0.2, 25.0, 0.0, 0.0])
(57228191, [2.0, 0.92, 0.0, 1.19, 0.0, 3.6, 0.0, 1.27, 0.0, 0.0], [-0.18, -0.3, 2.16, 0.15, 0.07, 0.07, 0.0, 1.0], [0.2, 25.0, 0.0, 0.0])
(57328201, [2.0, 0.91, 0.0, 1.18, 0.0, 3.6, 0.0, 1.28, 0.0, 0.0], [-0.18, -0.3, 2.16, 0.15, 0.07, 0.07, 0.0, 1.0], [0.2, 25.0, 0.0, 0.0])
(57428081, [2.0, 0.92, 0.0, 1.19, 0.0, 3.6, 0.0, 1.28, 0.0, 0.0], [-0.18, -0.3, 2.17, 0.15, 0.07, 0.07, 0.0, 1.0], [0.2, 25.0, 0.0, 0.0])
(57528414, [2.0, 0.92, 0.0, 1.19, 0.0, 3.6, 0.0, 1.28, 0.0, 0.0], [-0.18, -0.3, 2.16, 0.15, 0.07, 0.07, 0.0, 1.0], [0.2, 25.0, 0.0, 0.0])
(57628458, [2.0, 0.91, 0.0, 1.17, 0.0, 3.6, 0.0, 1.29, 0.0, 0.0], [-0.2, -0.3, 2.16, 0.15, 0.07, 0.08, 0.0, 1.0], [0.2, 25.0, 0.0, 0.0])
(57728365, [2.0, 0.92, 0.0, 1.19, 0.0, 3.6, 0.0, 1.28, 0.0, 0.0], [-0.2, -0.3, 2.17, 0.15, 0.07, 0.08, 0.0, 1.0], [0.2, 25.0, 0.0, 0.0])
(57828101, [2.0, 0.91, 0.0, 1.17, 0.0, 3.6, 0.0, 1.28, 0.0, 0.0], [-0.2, -0.3, 2.17, 0.15, 0.07, 0.08, 0.0, 1.0], [0.2, 25.0, 0.0, 0.0])
(57928739, [2.0, 0.92, 0.0, 1.19, 0.0, 3.6, 0.0, 1.28, 0.0, 0.0], [-0.19, -0.3, 2.16, 0.15, 0.07, 0.08, 0.0, 1.0], [0.2, 25.0, 0.0, 0.0])
(58028081, [2.0, 0.92, 0.0, 1.19, 0.0, 3.6, 0.0, 1.28, 0.0, 0.0], [-0.18, -0.3, 2.16, 0.15, 0.07, 0.08, 0.0, 1.0], [0.2, 25.0, 0.0, 0.0])
(58128425, [2.0, 0.92, 0.0, 1.18, 0.0, 3.6, 0.0, 1.28, 0.0, 0.0], [-0.19, -0.3, 2.16, 0.15, 0.07, 0.08, 0.0, 1.0], [0.2, 25.0, 0.0, 0.0])
(58227874, [2.0, 0.91, 0.0, 1.19, 0.0, 3.6, 0.0, 1.28, 0.0, 0.0], [-0.19, -0.3, 2.16, 0.15, 0.07, 0.08, 0.0, 1.0], [0.2, 25.0, 0.0, 0.0])
(58328021, [2.0, 0.92, 0.0, 1.2, 0.0, 3.6, 0.0, 1.28, 0.0, 0.0], [-0.18, -0.31, 2.17, 0.15, 0.07, 0.08, 0.0, 1.0], [0.2, 25.0, 0.0, 0.0])
(58428067, [2.0, 0.92, 0.0, 1.2, 0.0, 3.6, 0.0, 1.28, 0.0, 0.0], [-0.17, -0.3, 2.16, 0.15, 0.07, 0.08, 0.0, 1.0], [0.2, 25.0, 0.0, 0.0])
(58528137, [2.0, 0.92, 0.0, 1.19, 0.0, 3.6, 0.0, 1.28, 0.0, 0.0], [-0.18, -0.3, 2.16, 0.15, 0.07, 0.08, 0.0, 1.0], [0.2, 25.0, 0.0, 0.0])
(58628014, [2.0, 0.92, 0.0, 1.19, 0.0, 3.6, 0.0, 1.28, 0.0, 0.0], [-0.18, -0.3, 2.16, 0.15, 0.07, 0.08, 0.0, 1.0], [0.2, 25.0, 0.0, 0.0])
(58728209, [2.0, 0.92, 0.0, 1.2, 0.0, 3.6, 0.0, 1.28, 0.0, 0.0], [-0.17, -0.3, 2.16, 0.15, 0.07, 0.08, 0.0, 1.0], [0.2, 25.0, 0.0, 0.0])
(58828130, [2.0, 0.92, 0.0, 1.19, 0.0, 3.6, 0.0, 1.27, 0.0, 0.0], [-0.16, -0.3, 2.16, 0.15, 0.07, 0.08, 0.0, 1.0], [0.2, 25.0, 0.0, 0.0])
(58928267, [2.0, 0.92, 0.0, 1.18, 0.0, 3.6, 0.0, 1.28, 0.0, 0.0], [-0.16, -0.3, 2.16, 0.15, 0.07, 0.08, 0.0, 1.0], [0.2, 25.0, 0.0, 0.0])
(59028336, [2.0, 0.92, 0.0, 1.18, 0.0, 3.6, 0.0, 1.28, 0.0, 0.0], [-0.18, -0.3, 2.16, 0.15, 0.07, 0.09, 0.0, 1.0], [0.2, 25.0, 0.0, 0.0])
(59128534, [2.0, 0.92, 0.0, 1.19, 0.0, 3.6, 0.0, 1.28, 0.0, 0.0], [-0.18, -0.3, 2.16, 0.15, 0.07, 0.09, 0.0, 1.0], [0.2, 25.0, 0.0, 0.0])
(59228115, [2.0, 0.91, 0.0, 1.19, 0.0, 3.6, 0.0, 1.28, 0.0, 0.0], [-0.18, -0.3, 2.16, 0.15, 0.07, 0.09, 0.0, 1.0], [0.2, 25.0, 0.0, 0.0])
(59327965, [2.0, 0.91, 0.0, 1.18, 0.0, 3.6, 0.0, 1.28, 0.0, 0.0], [-0.17, -0.29, 2.16, 0.15, 0.07, 0.09, 0.0, 1.0], [0.2, 25.0, 0.0, 0.0])
(59428119, [2.0, 0.92, 0.0, 1.2, 0.0, 3.6, 0.0, 1.28, 0.0, 0.0], [-0.17, -0.29, 2.16, 0.15, 0.07, 0.09, 0.0, 1.0], [0.2, 25.0, 0.0, 0.0])
(59528006, [2.0, 0.92, 0.0, 1.21, 0.0, 3.6, 0.0, 1.29, 0.0, 0.0], [-0.17, -0.29, 2.16, 0.15, 0.07, 0.09, 0.0, 1.0], [0.2, 25.0, 0.0, 0.0])
(59628081, [2.0, 0.92, 0.0, 1.2, 0.0, 3.6, 0.0, 1.28, 0.0, 0.0], [-0.17, -0.29, 2.16, 0.15, 0.07, 0.09, 0.0, 1.0], [0.2, 25.0, 0.0, 0.0])
(59728029, [2.0, 0.92, 0.0, 1.2, 0.0, 3.6, 0.0, 1.28, 0.0, 0.0], [-0.16, -0.29, 2.16, 0.15, 0.07, 0.09, 0.0, 1.0], [0.2, 25.0, 0.0, 0.0])
(59828449, [2.0, 0.91, 0.0, 1.19, 0.0, 3.6, 0.0, 1.28, 0.0, 0.0], [-0.16, -0.29, 2.16, 0.16, 0.07, 0.09, 0.0, 1.0], [0.2, 25.0, 0.0, 0.0])
(59928390, [2.0, 0.92, 0.0, 1.2, 0.0, 3.6, 0.0, 1.28, 0.0, 0.0], [-0.16, -0.29, 2.16, 0.16, 0.07, 0.09, 0.0, 1.0], [0.2, 25.0, 0.0, 0.0])
(60028337, [2.0, 0.92, 0.0, 1.19, 0.0, 3.6, 0.0, 1.29, 0.0, 0.0], [-0.17, -0.29, 2.16, 0.15, 0.07, 0.1, 0.0, 1.0], [0.2, 25.0, 0.0, 0.0])
(60128169, [2.0, 0.92, 0.0, 1.18, 0.0, 3.6, 0.0, 1.28, 0.0, 0.0], [-0.18, -0.29, 2.16, 0.16, 0.07, 0.1, 0.0, 1.0], [0.2, 25.0, 0.0, 0.0])
(60228211, [2.0, 0.92, 0.0, 1.19, 0.0, 3.6, 0.0, 1.28, 0.0, 0.0], [-0.18, -0.29, 2.16, 0.16, 0.07, 0.1, 0.0, 1.0], [0.2, 25.0, 0.0, 0.0])
(60328067, [2.0, 0.92, 0.0, 1.19, 0.0, 3.6, 0.0, 1.28, 0.0, 0.0], [-0.18, -0.29, 2.16, 0.15, 0.07, 0.1, 0.0, 1.0], [0.2, 25.0, 0.0, 0.0])
(60428338, [2.0, 0.92, 0.0, 1.21, 0.0, 3.6, 0.0, 1.28, 0.0, 0.0], [-0.16, -0.29, 2.16, 0.15, 0.07, 0.1, 0.0, 1.0], [0.2, 25.0, 0.0, 0.0])
(60528143, [2.0, 0.91, 0.0, 1.19, 0.0, 3.6, 0.0, 1.28, 0.0, 0.0], [-0.16, -0.3, 2.16, 0.15, 0.07, 0.1, 0.0, 1.0], [0.2, 25.0, 0.0, 0.0])
(60628275, [2.0, 0.92, 0.0, 1.18, 0.0, 3.6, 0.0, 1.28, 0.0, 0.0], [-0.17, -0.3, 2.16, 0.15, 0.07, 0.1, 0.0, 1.0], [0.2, 25.0, 0.0, 0.0])
(60728214, [2.0, 0.92, 0.0, 1.19, 0.0, 3.6, 0.0, 1.28, 0.0, 0.0], [-0.18, -0.3, 2.16, 0.15, 0.07, 0.1, 0.0, 1.0], [0.2, 25.0, 0.0, 0.0])
(60829242, [2.0, 0.92, 0.0, 1.19, 0.0, 3.6, 0.0, 1.29, 0.0, 0.0], [-0.18, -0.3, 2.16, 0.15, 0.07, 0.1, 0.0, 1.0], [0.2, 25.0, 0.0, 0.0])
(60928056, [2.0, 0.92, 0.0, 1.19, 0.0, 3.6, 0.0, 1.28, 0.0, 0.0], [-0.18, -0.3, 2.16, 0.15, 0.07, 0.1, 0.0, 1.0], [0.2, 25.0, 0.0, 0.0])
(61028037, [2.0, 0.91, 0.0, 1.19, 0.0, 3.6, 0.0, 1.28, 0.0, 0.0], [-0.18, -0.3, 2.17, 0.15, 0.07, 0.1, 0.0, 1.0], [0.2, 25.0, 0.0, 0.0])
(61128136, [2.0, 0.91, 0.0, 1.19, 0.0, 3.6, 0.0, 1.28, 0.0, 0.0], [-0.18, -0.3, 2.17, 0.15, 0.07, 0.1, 0.0, 1.0], [0.2, 25.0, 0.0, 0.0])
(61227830, [2.0, 0.92, 0.0, 1.19, 0.0, 3.6, 0.0, 1.28, 0.0, 0.0], [-0.18, -0.3, 2.16, 0.15, 0.07, 0.1, 0.0, 1.0], [0.2, 25.0, 0.0, 0.0])
(61328057, [2.0, 0.91, 0.0, 1.21, 0.0, 3.6, 0.0, 1.28, 0.0, 0.0], [-0.16, -0.3, 2.16, 0.15, 0.07, 0.1, 0.0, 1.0], [0.2, 25.0, 0.0, 0.0])
(61427837, [2.0, 0.92, 0.0, 1.19, 0.0, 3.6, 0.0, 1.28, 0.0, 0.0], [-0.16, -0.3, 2.16, 0.16, 0.07, 0.1, 0.0, 1.0], [0.2, 25.0, 0.0, 0.0])
(61528594, [2.0, 0.92, 0.0, 1.2, 0.0, 3.6, 0.0, 1.28, 0.0, 0.0], [-0.17, -0.3, 2.16, 0.16, 0.07, 0.1, 0.0, 1.0], [0.2, 25.0, 0.0, 0.0])
(61628007, [2.0, 0.92, 0.0, 1.19, 0.0, 3.6, 0.0, 1.28, 0.0, 0.0], [-0.17, -0.3, 2.16, 0.16, 0.07, 0.1, 0.0, 1.0], [0.2, 25.0, 0.0, 0.0])
(61729271, [2.0, 0.92, 0.0, 1.19, 0.0, 3.6, 0.0, 1.28, 0.0, 0.0], [-0.16, -0.3, 2.16, 0.16, 0.07, 0.1, 0.0, 1.0], [0.2, 25.0, 0.0, 0.0])
(61827879, [2.0, 0.92, 0.0, 1.2, 0.0, 3.6, 0.0, 1.28, 0.0, 0.0], [-0.17, -0.3, 2.16, 0.15, 0.07, 0.1, 0.0, 1.0], [0.2, 25.0, 0.0, 0.0])
(61928447, [2.0, 0.92, 0.0, 1.2, 0.0, 3.6, 0.0, 1.28, 0.0, 0.0], [-0.17, -0.3, 2.16, 0.15, 0.07, 0.1, 0.0, 1.0], [0.2, 25.0, 0.0, 0.0])
(62028525, [2.0, 0.92, 0.0, 1.19, 0.0, 3.6, 0.0, 1.28, 0.0, 0.0], [-0.17, -0.3, 2.16, 0.15, 0.07, 0.1, 0.0, 1.0], [0.2, 25.0, 0.0, 0.0])
(62128138, [2.0, 0.92, 0.0, 1.19, 0.0, 3.6, 0.0, 1.28, 0.0, 0.0], [-0.17, -0.3, 2.16, 0.15, 0.07, 0.1, 0.0, 1.0], [0.2, 25.0, 0.0, 0.0])
(62228123, [2.0, 0.92, 0.0, 1.19, 0.0, 3.6, 0.0, 1.27, 0.0, 0.0], [-0.17, -0.29, 2.16, 0.15, 0.07, 0.1, 0.0, 1.0], [0.2, 25.0, 0.0, 0.0])
(62328192, [2.0, 0.92, 0.0, 1.2, 0.0, 3.6, 0.0, 1.27, 0.0, 0.0], [-0.16, -0.29, 2.16, 0.15, 0.07, 0.1, 0.0, 1.0], [0.2, 25.0, 0.0, 0.0])
(62427985, [2.0, 0.91, 0.0, 1.2, 0.0, 3.6, 0.0, 1.27, 0.0, 0.0], [-0.15, -0.29, 2.16, 0.15, 0.07, 0.1, 0.0, 1.0], [0.2, 25.0, 0.0, 0.0])
(62528153, [2.0, 0.92, 0.0, 1.2, 0.0, 3.6, 0.0, 1.27, 0.0, 0.0], [-0.14, -0.29, 2.17, 0.15, 0.07, 0.1, 0.0, 1.0], [0.2, 25.0, 0.0, 0.0])
(62628108, [2.0, 0.91, 0.0, 1.2, 0.0, 3.6, 0.0, 1.27, 0.0, 0.0], [-0.14, -0.29, 2.17, 0.16, 0.07, 0.1, 0.0, 1.0], [0.2, 25.0, 0.0, 0.0])
(62728003, [2.0, 0.92, 0.0, 1.19, 0.0, 3.6, 0.0, 1.27, 0.0, 0.0], [-0.14, -0.29, 2.16, 0.15, 0.07, 0.1, 0.0, 1.0], [0.2, 25.0, 0.0, 0.0])
(62828052, [2.0, 0.92, 0.0, 1.19, 0.0, 3.6, 0.0, 1.28, 0.0, 0.0], [-0.15, -0.29, 2.16, 0.15, 0.07, 0.1, 0.0, 1.0], [0.2, 25.0, 0.0, 0.0])
(62928128, [2.0, 0.91, 0.0, 1.2, 0.0, 3.6, 0.0, 1.27, 0.0, 0.0], [-0.15, -0.29, 2.16, 0.15, 0.07, 0.1, 0.0, 1.0], [0.2, 25.0, 0.0, 0.0])
(63028120, [2.0, 0.92, 0.0, 1.2, 0.0, 3.6, 0.0, 1.27, 0.0, 0.0], [-0.14, -0.29, 2.16, 0.16, 0.07, 0.11, 0.0, 1.0], [0.2, 25.0, 0.0, 0.0])
(63127997, [2.0, 0.92, 0.0, 1.19, 0.0, 3.6, 0.0, 1.26, 0.0, 0.0], [-0.14, -0.29, 2.16, 0.16, 0.07, 0.11, 0.0, 1.0], [0.2, 25.0, 0.0, 0.0])
(63228064, [2.0, 0.91, 0.0, 1.19, 0.0, 3.6, 0.0, 1.25, 0.0, 0.0], [-0.14, -0.29, 2.16, 0.16, 0.07, 0.11, 0.0, 1.0], [0.2, 25.0, 0.0, 0.0])
(63328128, [2.0, 0.92, 0.0, 1.19, 0.0, 3.6, 0.0, 1.24, 0.0, 0.0], [-0.13, -0.29, 2.16, 0.17, 0.07, 0.11, 0.0, 1.0], [0.2, 25.0, 0.0, 0.0])
(63428629, [2.0, 0.91, 0.0, 1.2, 0.0, 3.6, 0.0, 1.23, 0.0, 0.0], [-0.1, -0.29, 2.16, 0.17, 0.07, 0.11, 0.0, 1.0], [0.2, 25.0, 0.0, 0.0])
(63528325, [2.0, 0.92, 0.0, 1.2, 0.0, 3.6, 0.0, 1.21, 0.0, 0.0], [-0.07, -0.3, 2.16, 0.17, 0.07, 0.1, 0.0, 1.0], [0.2, 25.0, 0.0, 0.0])
(63628316, [2.0, 0.92, 0.0, 1.18, 0.0, 3.6, 0.0, 1.16, 0.0, 0.0], [-0.04, -0.3, 2.16, 0.17, 0.07, 0.11, 0.0, 1.0], [0.2, 25.0, 0.0, 0.0])
(63728239, [2.0, 0.92, 0.0, 1.19, 0.0, 3.6, 0.0, 1.13, 0.0, 0.0], [0.01, -0.3, 2.16, 0.17, 0.07, 0.11, 0.0, 1.0], [0.2, 25.0, 0.0, 0.0])
(63828322, [2.0, 0.92, 0.0, 1.2, 0.0, 3.6, 0.0, 1.07, 0.0, 0.0], [0.08, -0.3, 2.16, 0.17, 0.07, 0.11, 0.0, 1.0], [0.2, 25.0, 0.0, 0.0])
(63928172, [2.0, 0.92, 0.0, 1.18, 0.0, 3.6, 0.0, 1.04, 0.0, 0.0], [0.17, -0.3, 2.16, 0.17, 0.07, 0.11, 0.0, 1.0], [0.2, 25.0, 0.0, 0.0])
(64028030, [2.0, 0.92, 0.0, 1.21, 0.0, 3.6, 0.0, 0.97, 0.0, 0.0], [0.37, -0.3, 2.13, 0.17, 0.07, 0.1, 0.0, 1.0], [0.2, 25.0, 0.0, 0.0])
(64128109, [2.0, 0.92, 0.0, 1.18, 0.0, 3.6, 0.0, 0.95, 0.0, 0.0], [1.11, -0.3, 1.97, 0.17, 0.07, 0.1, 0.0, 1.0], [0.2, 25.0, 0.0, 0.0])
(64228560, [2.0, 0.92, 0.0, 1.19, 0.0, 3.6, 0.0, 0.91, 0.0, 0.0], [1.86, -0.3, 1.64, 0.18, 0.07, 0.1, 0.0, 1.0], [0.2, 25.0, 0.0, 0.0])
(64328041, [2.0, 0.92, 0.0, 1.19, 0.0, 3.6, 0.0, 0.89, 0.0, 0.0], [2.4, -0.3, 1.33, 0.18, 0.07, 0.1, 0.0, 1.0], [0.2, 25.0, 0.0, 0.0])
(64428711, [2.0, 0.92, 0.0, 1.2, 0.0, 3.6, 0.0, 0.89, 0.0, 0.0], [2.71, -0.3, 1.12, 0.18, 0.07, 0.1, 0.0, 1.0], [0.2, 25.0, 0.0, 0.0])
(64528002, [2.0, 0.92, 0.0, 1.2, 0.0, 3.6, 0.0, 0.89, 0.0, 0.0], [2.88, -0.3, 1.02, 0.18, 0.07, 0.1, 0.0, 1.0], [0.2, 25.0, 0.0, 0.0])
(64628182, [2.0, 0.92, 0.0, 1.2, 0.0, 3.6, 0.0, 0.9, 0.0, 0.0], [2.91, -0.3, 1.02, 0.18, 0.07, 0.1, 0.0, 1.0], [0.2, 25.0, 0.0, 0.0])
(64728048, [2.0, 0.92, 0.0, 1.2, 0.0, 3.6, 0.0, 0.9, 0.0, 0.0], [2.92, -0.3, 1.02, 0.18, 0.07, 0.1, 0.0, 1.0], [0.2, 25.0, 0.0, 0.0])
(64828144, [2.0, 0.91, 0.0, 1.18, 0.0, 3.6, 0.0, 0.9, 0.0, 0.0], [2.84, -0.3, 1.13, 0.18, 0.07, 0.1, 0.0, 1.0], [0.2, 25.0, 0.0, 0.0])
(64928158, [2.0, 0.92, 0.0, 1.18, 0.0, 3.6, 0.0, 0.9, 0.0, 0.0], [2.85, -0.3, 1.1, 0.18, 0.07, 0.1, 0.0, 1.0], [0.2, 25.0, 0.0, 0.0])
(65028080, [2.0, 0.92, 0.0, 1.18, 0.0, 3.6, 0.0, 0.9, 0.0, 0.0], [2.87, -0.3, 1.07, 0.18, 0.07, 0.1, 0.0, 1.0], [0.2, 25.0, 0.0, 0.0])
(65128167, [2.0, 0.91, 0.0, 1.17, 0.0, 3.6, 0.0, 0.9, 0.0, 0.0], [2.88, -0.3, 1.05, 0.17, 0.07, 0.1, 0.0, 1.0], [0.2, 25.0, 0.0, 0.0])
(65227839, [2.0, 0.91, 0.0, 1.17, 0.0, 3.6, 0.0, 0.9, 0.0, 0.0], [2.82, -0.3, 1.11, 0.17, 0.07, 0.11, 0.0, 1.0], [0.2, 25.0, 0.0, 0.0])
(65328261, [2.0, 0.91, 0.0, 1.16, 0.0, 3.6, 0.0, 0.9, 0.0, 0.0], [2.8, -0.3, 1.15, 0.17, 0.07, 0.11, 0.0, 1.0], [0.2, 25.0, 0.0, 0.0])
(65427864, [2.0, 0.91, 0.0, 1.15, 0.0, 3.6, 0.0, 0.9, 0.0, 0.0], [2.77, -0.3, 1.17, 0.17, 0.07, 0.11, 0.0, 1.0], [0.2, 25.0, 0.0, 0.0])
(65528223, [2.0, 0.91, 0.0, 1.11, 0.0, 3.6, 0.0, 0.9, 0.0, 0.0], [2.74, -0.29, 1.17, 0.17, 0.07, 0.11, 0.0, 1.0], [0.2, 25.0, 0.0, 0.0])
(65628020, [2.0, 0.91, 0.0, 1.1, 0.0, 3.6, 0.0, 0.9, 0.0, 0.0], [2.69, -0.29, 1.18, 0.17, 0.07, 0.11, 0.0, 1.0], [0.2, 25.0, 0.0, 0.0])
(65728244, [2.0, 0.9, 0.0, 1.07, 0.0, 3.6, 0.0, 0.9, 0.0, 0.0], [2.65, -0.3, 1.19, 0.17, 0.07, 0.11, 0.0, 1.0], [0.2, 25.0, 0.0, 0.0])
(65828804, [2.0, 0.91, 0.0, 1.06, 0.0, 3.6, 0.0, 0.9, 0.0, 0.0], [2.57, -0.3, 1.22, 0.17, 0.07, 0.11, 0.0, 1.0], [0.2, 25.0, 0.0, 0.0])
(65928533, [2.0, 0.91, 0.0, 1.04, 0.0, 3.6, 0.0, 0.9, 0.0, 0.0], [2.55, -0.3, 1.2, 0.17, 0.07, 0.11, 0.0, 1.0], [0.2, 25.0, 0.0, 0.0])
(66027829, [2.0, 0.91, 0.0, 1.03, 0.0, 3.6, 0.0, 0.9, 0.0, 0.0], [2.52, -0.3, 1.19, 0.17, 0.07, 0.11, 0.0, 1.0], [0.2, 25.0, 0.0, 0.0])
(66128168, [2.0, 0.91, 0.0, 1.01, 0.0, 3.6, 0.0, 0.91, 0.0, 0.0], [2.48, -0.29, 1.2, 0.18, 0.07, 0.11, 0.0, 1.0], [0.2, 25.0, 0.0, 0.0])
(66228575, [2.0, 0.91, 0.0, 1.0, 0.0, 3.6, 0.0, 0.9, 0.0, 0.0], [2.43, -0.3, 1.22, 0.18, 0.07, 0.11, 0.0, 1.0], [0.2, 25.0, 0.0, 0.0])
(66328271, [2.0, 0.92, 0.0, 0.98, 0.0, 3.6, 0.0, 0.9, 0.0, 0.0], [2.42, -0.3, 1.19, 0.18, 0.07, 0.12, 0.0, 1.0], [0.2, 25.0, 0.0, 0.0])
(66428101, [2.0, 0.92, 0.0, 0.97, 0.0, 3.6, 0.0, 0.9, 0.0, 0.0], [2.3, -0.3, 1.27, 0.18, 0.07, 0.12, 0.0, 1.0], [0.2, 25.0, 0.0, 0.0])
(66528183, [2.0, 0.92, 0.0, 0.9, 0.0, 3.6, 0.0, 0.9, 0.0, 0.0], [1.57, -0.3, 1.63, 0.18, 0.07, 0.12, 0.0, 1.0], [0.2, 25.0, 0.0, 0.0])
(66628106, [2.0, 0.92, 0.0, 0.89, 0.0, 3.6, 0.0, 0.9, 0.0, 0.0], [0.66, -0.3, 1.89, 0.18, 0.07, 0.12, 0.0, 1.0], [0.2, 25.0, 0.0, 0.0])
(66728425, [2.0, 0.92, 0.0, 0.86, 0.0, 3.6, 0.0, 0.9, 0.0, 0.0], [-0.2, -0.29, 1.93, 0.18, 0.07, 0.12, 0.0, 1.0], [0.2, 25.0, 0.0, 0.0])
(66828061, [2.0, 0.91, 0.0, 0.84, 0.0, 3.6, 0.0, 0.9, 0.0, 0.0], [-0.91, -0.3, 1.84, 0.18, 0.07, 0.12, 0.0, 1.0], [0.2, 25.0, 0.0, 0.0])
(66928026, [2.0, 0.92, 0.0, 0.8, 0.0, 3.6, 0.0, 0.9, 0.0, 0.0], [-1.57, -0.3, 1.58, 0.18, 0.07, 0.12, 0.0, 1.0], [0.2, 25.0, 0.0, 0.0])
(67028132, [2.0, 0.91, 0.0, 0.79, 0.0, 3.6, 0.0, 0.9, 0.0, 0.0], [-2.09, -0.3, 1.27, 0.18, 0.07, 0.12, 0.0, 1.0], [0.2, 25.0, 0.0, 0.0])
(67128112, [2.0, 0.92, 0.0, 0.76, 0.0, 3.6, 0.0, 0.9, 0.0, 0.0], [-2.41, -0.3, 1.06, 0.18, 0.07, 0.12, 0.0, 1.0], [0.2, 25.0, 0.0, 0.0])
(67228188, [2.0, 0.92, 0.0, 0.75, 0.0, 3.6, 0.0, 0.9, 0.0, 0.0], [-2.65, -0.3, 0.85, 0.18, 0.07, 0.13, 0.0, 1.0], [0.2, 25.0, 0.0, 0.0])
(67327983, [2.0, 0.92, 0.0, 0.74, 0.0, 3.6, 0.0, 0.9, 0.0, 0.0], [-2.8, -0.3, 0.7, 0.18, 0.07, 0.13, 0.0, 1.0], [0.2, 25.0, 0.0, 0.0])
(67428335, [2.0, 0.91, 0.0, 0.73, 0.0, 3.6, 0.0, 0.9, 0.0, 0.0], [-2.92, -0.31, 0.57, 0.18, 0.07, 0.13, 0.0, 1.0], [0.2, 25.0, 0.0, 0.0])
(67528167, [2.0, 0.92, 0.0, 0.73, 0.0, 3.6, 0.0, 0.9, 0.0, 0.0], [-2.97, -0.31, 0.54, 0.18, 0.07, 0.13, 0.0, 1.0], [0.2, 25.0, 0.0, 0.0])
(67628300, [2.0, 0.92, 0.0, 0.72, 0.0, 3.6, 0.0, 0.9, 0.0, 0.0], [-3.03, -0.3, 0.46, 0.18, 0.07, 0.13, 0.0, 1.0], [0.2, 25.0, 0.0, 0.0])
(67728179, [2.0, 0.92, 0.0, 0.72, 0.0, 3.6, 0.0, 0.9, 0.0, 0.0], [-3.06, -0.3, 0.42, 0.18, 0.07, 0.13, 0.0, 1.0], [0.2, 25.0, 0.0, 0.0])
(67828368, [2.0, 0.92, 0.0, 0.71, 0.0, 3.6, 0.0, 0.9, 0.0, 0.0], [-3.1, -0.3, 0.37, 0.18, 0.07, 0.12, 0.0, 1.0], [0.2, 25.0, 0.0, 0.0])
(67928106, [2.0, 0.91, 0.0, 0.71, 0.0, 3.6, 0.0, 0.9, 0.0, 0.0], [-3.11, -0.3, 0.38, 0.18, 0.07, 0.13, 0.0, 1.0], [0.2, 25.0, 0.0, 0.0])
(68028674, [2.0, 0.91, 0.0, 0.7, 0.0, 3.6, 0.0, 0.9, 0.0, 0.0], [-3.12, -0.3, 0.36, 0.18, 0.07, 0.13, 0.0, 1.0], [0.2, 25.0, 0.0, 0.0])
(68128007, [2.0, 0.92, 0.0, 0.69, 0.0, 3.6, 0.0, 0.9, 0.0, 0.0], [-3.15, -0.31, 0.34, 0.19, 0.07, 0.13, 0.0, 1.0], [0.2, 25.0, 0.0, 0.0])
(68228244, [2.0, 0.92, 0.0, 0.7, 0.0, 3.6, 0.0, 0.9, 0.0, 0.0], [-3.17, -0.31, 0.32, 0.19, 0.07, 0.13, 0.0, 1.0], [0.2, 25.0, 0.0, 0.0])
(68327969, [2.0, 0.92, 0.0, 0.7, 0.0, 3.6, 0.0, 0.91, 0.0, 0.0], [-3.18, -0.31, 0.28, 0.19, 0.07, 0.13, 0.0, 1.0], [0.2, 25.0, 0.0, 0.0])
(68428473, [2.0, 0.92, 0.0, 0.69, 0.0, 3.6, 0.0, 0.9, 0.0, 0.0], [-3.2, -0.31, 0.26, 0.19, 0.07, 0.13, 0.0, 1.0], [0.2, 25.0, 0.0, 0.0])
(68528287, [2.0, 0.91, 0.0, 0.7, 0.0, 3.6, 0.0, 0.9, 0.0, 0.0], [-3.18, -0.31, 0.29, 0.18, 0.07, 0.14, 0.0, 1.0], [0.2, 25.0, 0.0, 0.0])
(68628001, [2.0, 0.92, 0.0, 0.7, 0.0, 3.6, 0.0, 0.9, 0.0, 0.0], [-3.18, -0.32, 0.29, 0.18, 0.07, 0.14, 0.0, 1.0], [0.2, 25.0, 0.0, 0.0])
(68728391, [2.0, 0.91, 0.0, 0.7, 0.0, 3.6, 0.0, 0.9, 0.0, 0.0], [-3.16, -0.32, 0.32, 0.19, 0.07, 0.14, 0.0, 1.0], [0.2, 25.0, 0.0, 0.0])
(68827992, [2.0, 0.91, 0.0, 0.7, 0.0, 3.6, 0.0, 0.9, 0.0, 0.0], [-3.15, -0.32, 0.37, 0.18, 0.07, 0.13, 0.0, 1.0], [0.2, 25.0, 0.0, 0.0])
(68928156, [2.0, 0.92, 0.0, 0.7, 0.0, 3.6, 0.0, 0.9, 0.0, 0.0], [-3.16, -0.32, 0.34, 0.18, 0.07, 0.13, 0.0, 1.0], [0.2, 25.0, 0.0, 0.0])
(69027988, [2.0, 0.92, 0.0, 0.7, 0.0, 3.6, 0.0, 0.9, 0.0, 0.0], [-3.17, -0.33, 0.3, 0.18, 0.07, 0.13, 0.0, 1.0], [0.2, 25.0, 0.0, 0.0])
(69128208, [2.0, 0.91, 0.0, 0.7, 0.0, 3.6, 0.0, 0.9, 0.0, 0.0], [-3.16, -0.33, 0.33, 0.18, 0.07, 0.14, 0.0, 1.0], [0.2, 25.0, 0.0, 0.0])
(69228116, [2.0, 0.92, 0.0, 0.7, 0.0, 3.6, 0.0, 0.9, 0.0, 0.0], [-3.15, -0.33, 0.35, 0.18, 0.07, 0.14, 0.0, 1.0], [0.2, 25.0, 0.0, 0.0])
(69328431, [2.0, 0.92, 0.0, 0.7, 0.0, 3.6, 0.0, 0.9, 0.0, 0.0], [-3.17, -0.33, 0.31, 0.18, 0.07, 0.14, 0.0, 1.0], [0.2, 25.0, 0.0, 0.0])
(69428177, [2.0, 0.92, 0.0, 0.71, 0.0, 3.6, 0.0, 0.9, 0.0, 0.0], [-3.17, -0.33, 0.3, 0.18, 0.07, 0.14, 0.0, 1.0], [0.2, 25.0, 0.0, 0.0])
(69528721, [2.0, 0.92, 0.0, 0.71, 0.0, 3.6, 0.0, 0.9, 0.0, 0.0], [-3.14, -0.34, 0.35, 0.19, 0.07, 0.14, 0.0, 1.0], [0.2, 25.0, 0.0, 0.0])
(69628122, [2.0, 0.92, 0.0, 0.71, 0.0, 3.6, 0.0, 0.9, 0.0, 0.0], [-3.14, -0.33, 0.34, 0.19, 0.07, 0.14, 0.0, 1.0], [0.2, 25.0, 0.0, 0.0])
(69728399, [2.0, 0.92, 0.0, 0.7, 0.0, 3.6, 0.0, 0.9, 0.0, 0.0], [-3.12, -0.34, 0.37, 0.19, 0.07, 0.14, 0.0, 1.0], [0.2, 25.0, 0.0, 0.0])
(69827874, [2.0, 0.91, 0.0, 0.7, 0.0, 3.6, 0.0, 0.9, 0.0, 0.0], [-3.14, -0.34, 0.35, 0.19, 0.07, 0.14, 0.0, 1.0], [0.2, 25.0, 0.0, 0.0])
(69928544, [2.0, 0.92, 0.0, 0.71, 0.0, 3.6, 0.0, 0.9, 0.0, 0.0], [-3.14, -0.33, 0.34, 0.19, 0.07, 0.14, 0.0, 1.0], [0.2, 25.0, 0.0, 0.0])
(70027857, [2.0, 0.91, 0.0, 0.71, 0.0, 3.6, 0.0, 0.9, 0.0, 0.0], [-3.13, -0.33, 0.37, 0.19, 0.07, 0.14, 0.0, 1.0], [0.2, 25.0, 0.0, 0.0])
(70128505, [2.0, 0.91, 0.0, 0.7, 0.0, 3.6, 0.0, 0.9, 0.0, 0.0], [-3.12, -0.33, 0.39, 0.19, 0.07, 0.14, 0.0, 1.0], [0.2, 25.0, 0.0, 0.0])
(70228097, [2.0, 0.92, 0.0, 0.71, 0.0, 3.6, 0.0, 0.9, 0.0, 0.0], [-3.13, -0.33, 0.38, 0.19, 0.07, 0.14, 0.0, 1.0], [0.2, 25.0, 0.0, 0.0])
(70327848, [2.0, 0.92, 0.0, 0.7, 0.0, 3.6, 0.0, 0.9, 0.0, 0.0], [-3.14, -0.33, 0.34, 0.19, 0.07, 0.15, 0.0, 1.0], [0.2, 25.0, 0.0, 0.0])
(70427828, [2.0, 0.92, 0.0, 0.71, 0.0, 3.6, 0.0, 0.9, 0.0, 0.0], [-3.15, -0.33, 0.32, 0.19, 0.07, 0.15, 0.0, 1.0], [0.2, 25.0, 0.0, 0.0])
(70528124, [2.0, 0.92, 0.0, 0.7, 0.0, 3.6, 0.0, 0.9, 0.0, 0.0], [-3.16, -0.34, 0.3, 0.19, 0.07, 0.14, 0.0, 1.0], [0.2, 25.0, 0.0, 0.0])
(70628107, [2.0, 0.92, 0.0, 0.71, 0.0, 3.6, 0.0, 0.9, 0.0, 0.0], [-3.16, -0.33, 0.3, 0.19, 0.07, 0.14, 0.0, 1.0], [0.2, 25.0, 0.0, 0.0])
(70728183, [2.0, 0.92, 0.0, 0.7, 0.0, 3.6, 0.0, 0.9, 0.0, 0.0], [-3.17, -0.33, 0.29, 0.19, 0.07, 0.14, 0.0, 1.0], [0.2, 25.0, 0.0, 0.0])
(70828249, [2.0, 0.92, 0.0, 0.7, 0.0, 3.6, 0.0, 0.9, 0.0, 0.0], [-3.16, -0.33, 0.32, 0.19, 0.07, 0.14, 0.0, 1.0], [0.2, 25.0, 0.0, 0.0])
(70928089, [2.0, 0.92, 0.0, 0.7, 0.0, 3.6, 0.0, 0.9, 0.0, 0.0], [-3.17, -0.33, 0.3, 0.19, 0.07, 0.14, 0.0, 1.0], [0.2, 25.0, 0.0, 0.0])
(71028174, [2.0, 0.92, 0.0, 0.7, 0.0, 3.6, 0.0, 0.9, 0.0, 0.0], [-3.16, -0.33, 0.33, 0.19, 0.07, 0.15, 0.0, 1.0], [0.2, 25.0, 0.0, 0.0])
(71128039, [2.0, 0.92, 0.0, 0.7, 0.0, 3.6, 0.0, 0.9, 0.0, 0.0], [-3.17, -0.33, 0.3, 0.19, 0.07, 0.15, 0.0, 1.0], [0.2, 25.0, 0.0, 0.0])
(71228322, [2.0, 0.91, 0.0, 0.71, 0.0, 3.6, 0.0, 0.9, 0.0, 0.0], [-3.16, -0.33, 0.3, 0.19, 0.07, 0.15, 0.0, 1.0], [0.2, 25.0, 0.0, 0.0])
(71328073, [2.0, 0.91, 0.0, 0.71, 0.0, 3.6, 0.0, 0.9, 0.0, 0.0], [-3.12, -0.33, 0.38, 0.18, 0.07, 0.15, 0.0, 1.0], [0.2, 25.0, 0.0, 0.0])
(71428547, [2.0, 0.92, 0.0, 0.7, 0.0, 3.6, 0.0, 0.9, 0.0, 0.0], [-3.13, -0.33, 0.37, 0.18, 0.07, 0.15, 0.0, 1.0], [0.2, 25.0, 0.0, 0.0])
(71527982, [2.0, 0.92, 0.0, 0.7, 0.0, 3.6, 0.0, 0.9, 0.0, 0.0], [-3.15, -0.32, 0.32, 0.18, 0.07, 0.15, 0.0, 1.0], [0.2, 25.0, 0.0, 0.0])
(71628304, [2.0, 0.91, 0.0, 0.71, 0.0, 3.6, 0.0, 0.9, 0.0, 0.0], [-3.13, -0.33, 0.36, 0.18, 0.07, 0.16, 0.0, 1.0], [0.2, 25.0, 0.0, 0.0])
(71728533, [2.0, 0.92, 0.0, 0.71, 0.0, 3.6, 0.0, 0.9, 0.0, 0.0], [-3.12, -0.33, 0.38, 0.18, 0.07, 0.16, 0.0, 1.0], [0.2, 25.0, 0.0, 0.0])
(71828815, [2.0, 0.91, 0.0, 0.7, 0.0, 3.6, 0.0, 0.9, 0.0, 0.0], [-3.14, -0.33, 0.34, 0.18, 0.07, 0.16, 0.0, 1.0], [0.2, 25.0, 0.0, 0.0])
(71928069, [2.0, 0.92, 0.0, 0.7, 0.0, 3.6, 0.0, 0.9, 0.0, 0.0], [-3.15, -0.33, 0.34, 0.18, 0.07, 0.16, 0.0, 1.0], [0.2, 25.0, 0.0, 0.0])
(72028470, [2.0, 0.92, 0.0, 0.7, 0.0, 3.6, 0.0, 0.9, 0.0, 0.0], [-3.13, -0.32, 0.36, 0.18, 0.07, 0.16, 0.0, 1.0], [0.2, 25.0, 0.0, 0.0])
(72128116, [2.0, 0.92, 0.0, 0.71, 0.0, 3.6, 0.0, 0.9, 0.0, 0.0], [-3.15, -0.32, 0.33, 0.18, 0.07, 0.16, 0.0, 1.0], [0.2, 25.0, 0.0, 0.0])
(72228131, [2.0, 0.91, 0.0, 0.7, 0.0, 3.6, 0.0, 0.9, 0.0, 0.0], [-3.14, -0.32, 0.33, 0.19, 0.07, 0.16, 0.0, 1.0], [0.2, 25.0, 0.0, 0.0])
(72328103, [2.0, 0.92, 0.0, 0.71, 0.0, 3.6, 0.0, 0.9, 0.0, 0.0], [-3.14, -0.32, 0.35, 0.19, 0.07, 0.16, 0.0, 1.0], [0.2, 25.0, 0.0, 0.0])
(72428099, [2.0, 0.92, 0.0, 0.7, 0.0, 3.6, 0.0, 0.9, 0.0, 0.0], [-3.15, -0.32, 0.34, 0.19, 0.07, 0.16, 0.0, 1.0], [0.2, 25.0, 0.0, 0.0])
(72528151, [2.0, 0.91, 0.0, 0.7, 0.0, 3.6, 0.0, 0.9, 0.0, 0.0], [-3.15, -0.32, 0.35, 0.18, 0.07, 0.16, 0.0, 1.0], [0.2, 25.0, 0.0, 0.0])
(72628096, [2.0, 0.91, 0.0, 0.7, 0.0, 3.6, 0.0, 0.9, 0.0, 0.0], [-3.15, -0.32, 0.34, 0.19, 0.07, 0.16, 0.0, 1.0], [0.2, 25.0, 0.0, 0.0])
(72728117, [2.0, 0.91, 0.0, 0.7, 0.0, 3.6, 0.0, 0.9, 0.0, 0.0], [-3.14, -0.32, 0.37, 0.18, 0.07, 0.16, 0.0, 1.0], [0.2, 25.0, 0.0, 0.0])
(72827987, [2.0, 0.92, 0.0, 0.7, 0.0, 3.6, 0.0, 0.91, 0.0, 0.0], [-3.14, -0.32, 0.38, 0.18, 0.07, 0.16, 0.0, 1.0], [0.2, 25.0, 0.0, 0.0])
(72928322, [2.0, 0.92, 0.0, 0.7, 0.0, 3.6, 0.0, 0.9, 0.0, 0.0], [-3.15, -0.32, 0.36, 0.19, 0.07, 0.17, 0.0, 1.0], [0.2, 25.0, 0.0, 0.0])
(73027997, [2.0, 0.92, 0.0, 0.71, 0.0, 3.6, 0.0, 0.9, 0.0, 0.0], [-3.16, -0.32, 0.33, 0.19, 0.07, 0.17, 0.0, 1.0], [0.2, 25.0, 0.0, 0.0])
(73128820, [2.0, 0.92, 0.0, 0.7, 0.0, 3.6, 0.0, 0.9, 0.0, 0.0], [-3.16, -0.32, 0.31, 0.18, 0.07, 0.16, 0.0, 1.0], [0.2, 25.0, 0.0, 0.0])
(73227882, [2.0, 0.92, 0.0, 0.71, 0.0, 3.6, 0.0, 0.9, 0.0, 0.0], [-3.16, -0.32, 0.3, 0.19, 0.07, 0.16, 0.0, 1.0], [0.2, 25.0, 0.0, 0.0])
(73328650, [2.0, 0.92, 0.0, 0.7, 0.0, 3.6, 0.0, 0.9, 0.0, 0.0], [-3.13, -0.32, 0.36, 0.19, 0.07, 0.17, 0.0, 1.0], [0.2, 25.0, 0.0, 0.0])
(73428558, [2.0, 0.91, 0.0, 0.7, 0.0, 3.6, 0.0, 0.9, 0.0, 0.0], [-3.1, -0.32, 0.33, 0.19, 0.07, 0.17, 0.0, 1.0], [0.2, 25.0, 0.0, 0.0])
(73528768, [2.0, 0.92, 0.0, 0.7, 0.0, 3.6, 0.0, 0.9, 0.0, 0.0], [-1.56, -0.32, 0.16, 0.19, 0.07, 0.16, 0.0, 1.0], [0.2, 25.0, 0.0, 0.0])
(73628081, [2.0, 0.92, 0.0, 0.7, 0.0, 3.6, 0.0, 0.9, 0.0, 0.0], [-0.77, -0.32, 0.08, 0.19, 0.07, 0.17, 0.0, 1.0], [0.2, 25.0, 0.0, 0.0])
(73728749, [2.0, 0.91, 0.0, 0.71, 0.0, 3.6, 0.0, 0.9, 0.0, 0.0], [-0.38, -0.32, 0.03, 0.19, 0.07, 0.17, 0.0, 1.0], [0.2, 25.0, 0.0, 0.0])
(73828088, [2.0, 0.91, 0.0, 0.7, 0.0, 3.6, 0.0, 0.9, 0.0, 0.0], [-0.18, -0.32, 0.01, 0.19, 0.07, 0.17, 0.0, 1.0], [0.2, 25.0, 0.0, 0.0])
(73928700, [2.0, 0.92, 0.0, 0.7, 0.0, 3.6, 0.0, 0.9, 0.0, 0.0], [-0.09, -0.32, 0.0, 0.19, 0.07, 0.17, 0.0, 1.0], [0.2, 25.0, 0.0, 0.0])
(74028063, [2.0, 0.91, 0.0, 0.71, 0.0, 3.6, 0.0, 0.9, 0.0, 0.0], [-0.04, -0.33, 0.0, 0.19, 0.07, 0.17, 0.0, 1.0], [0.2, 25.0, 0.0, 0.0])
(74128397, [2.0, 0.91, 0.0, 0.7, 0.0, 3.6, 0.0, 0.9, 0.0, 0.0], [-0.02, -0.33, 0.0, 0.19, 0.07, 0.17, 0.0, 1.0], [0.2, 25.0, 0.0, 0.0])
(74227875, [2.0, 0.92, 0.0, 0.7, 0.0, 3.6, 0.0, 0.9, 0.0, 0.0], [-0.01, -0.33, 0.0, 0.19, 0.07, 0.17, 0.0, 1.0], [0.2, 25.0, 0.0, 0.0])
(74328063, [2.0, 0.92, 0.0, 0.7, 0.0, 3.6, 0.0, 0.9, 0.0, 0.0], [0.0, -0.33, 0.0, 0.19, 0.07, 0.17, 0.0, 1.0], [0.2, 25.0, 0.0, 0.0])
(74428101, [2.0, 0.91, 0.0, 0.7, 0.0, 3.6, 0.0, 0.9, 0.0, 0.0], [0.0, -0.33, 0.0, 0.19, 0.07, 0.17, 0.0, 1.0], [0.2, 25.0, 0.0, 0.0])
(74527966, [2.0, 0.92, 0.0, 0.7, 0.0, 3.6, 0.0, 0.9, 0.0, 0.0], [0.0, -0.33, 0.0, 0.19, 0.07, 0.18, 0.0, 1.0], [0.2, 25.0, 0.0, 0.0])
(74628062, [2.0, 0.91, 0.0, 0.7, 0.0, 3.6, 0.0, 0.9, 0.0, 0.0], [0.0, -0.33, 0.0, 0.2, 0.07, 0.17, 0.0, 1.0], [0.2, 25.0, 0.0, 0.0])
(74728043, [2.0, 0.92, 0.0, 0.7, 0.0, 3.6, 0.0, 0.9, 0.0, 0.0], [0.0, -0.33, 0.0, 0.2, 0.07, 0.17, 0.0, 1.0], [0.2, 25.0, 0.0, 0.0])
(74828139, [2.0, 0.92, 0.0, 0.7, 0.0, 3.6, 0.0, 0.9, 0.0, 0.0], [0.0, -0.33, 0.0, 0.2, 0.07, 0.17, 0.0, 1.0], [0.2, 25.0, 0.0, 0.0])
(74927974, [2.0, 0.92, 0.0, 0.7, 0.0, 3.6, 0.0, 0.9, 0.0, 0.0], [0.0, -0.33, 0.0, 0.2, 0.07, 0.18, 0.0, 1.0], [0.2, 25.0, 0.0, 0.0])
(75028200, [2.0, 0.92, 0.0, 0.7, 0.0, 3.6, 0.0, 0.9, 0.0, 0.0], [0.0, -0.33, 0.0, 0.2, 0.07, 0.17, 0.0, 1.0], [0.2, 25.0, 0.0, 0.0])
(75128084, [2.0, 0.92, 0.0, 0.7, 0.0, 3.6, 0.0, 0.9, 0.0, 0.0], [0.0, -0.33, 0.0, 0.2, 0.07, 0.17, 0.0, 1.0], [0.2, 25.0, 0.0, 0.0])
(75228377, [2.0, 0.92, 0.0, 0.7, 0.0, 3.6, 0.0, 0.9, 0.0, 0.0], [0.0, -0.33, 0.0, 0.2, 0.07, 0.18, 0.0, 1.0], [0.2, 25.0, 0.0, 0.0])
(75328078, [2.0, 0.91, 0.0, 0.7, 0.0, 3.6, 0.0, 0.9, 0.0, 0.0], [0.0, -0.33, 0.0, 0.2, 0.07, 0.18, 0.0, 1.0], [0.2, 25.0, 0.0, 0.0])
(75428296, [2.0, 0.91, 0.0, 0.7, 0.0, 3.6, 0.0, 0.9, 0.0, 0.0], [0.0, -0.33, 0.0, 0.2, 0.07, 0.18, 0.0, 1.0], [0.2, 25.0, 0.0, 0.0])
(75527991, [2.0, 0.92, 0.0, 0.7, 0.0, 3.6, 0.0, 0.9, 0.0, 0.0], [0.0, -0.33, 0.0, 0.2, 0.07, 0.18, 0.0, 1.0], [0.2, 25.0, 0.0, 0.0])
(75628222, [2.0, 0.92, 0.0, 0.7, 0.0, 3.6, 0.0, 0.9, 0.0, 0.0], [0.0, -0.33, 0.0, 0.2, 0.07, 0.18, 0.0, 1.0], [0.2, 25.0, 0.0, 0.0])
(75727854, [2.0, 0.92, 0.0, 0.7, 0.0, 3.6, 0.0, 0.9, 0.0, 0.0], [0.0, -0.33, 0.0, 0.2, 0.07, 0.18, 0.0, 1.0], [0.2, 25.0, 0.0, 0.0])
(75828504, [2.0, 0.91, 0.0, 0.71, 0.0, 3.6, 0.0, 0.9, 0.0, 0.0], [0.0, -0.33, 0.0, 0.2, 0.07, 0.18, 0.0, 1.0], [0.2, 25.0, 0.0, 0.0])
(75928025, [2.0, 0.92, 0.0, 0.7, 0.0, 3.6, 0.0, 0.9, 0.0, 0.0], [0.0, -0.33, 0.0, 0.2, 0.07, 0.18, 0.0, 1.0], [0.2, 25.0, 0.0, 0.0])
(76028076, [2.0, 0.92, 0.0, 0.7, 0.0, 3.6, 0.0, 0.9, 0.0, 0.0], [0.0, -0.34, 0.0, 0.2, 0.07, 0.18, 0.0, 1.0], [0.2, 25.0, 0.0, 0.0])
