(40510484, [2.0, 0.56, 0.0, 0.59, 0.0, 2.6, 0.0, 2.23, 0.0, 0.0], [0.0, 0.45, 0.0, 0.13, 359.43, 359.44, 0.0, 1.0], [0.2, 25.0, 0.0, 0.0])
(40612358, [2.0, 0.56, 0.0, 0.59, 0.0, 2.93, 0.0, 2.23, 0.0, 0.0], [0.0, 0.45, 0.0, 0.13, 359.43, 359.44, 0.0, 1.0], [0.2, 25.0, 0.0, 0.0])
(40712396, [2.0, 0.56, 0.0, 0.59, 0.0, 2.24, 0.0, 2.23, 0.0, 0.0], [0.0, 0.45, 0.0, 0.12, 359.42, 359.44, 0.0, 1.0], [0.2, 25.0, 0.0, 0.0])
(40812449, [2.0, 0.56, 0.0, 0.59, 0.0, 2.69, 0.0, 2.23, 0.0, 0.0], [0.0, 0.45, 0.0, 0.12, 359.42, 359.43, 0.0, 1.0], [0.2, 25.0, 0.0, 0.0])
(40916523, [2.0, 0.56, 0.0, 0.59, 0.0, 2.99, 0.0, 2.24, 0.0, 0.0], [0.0, 0.44, 0.0, 0.12, 359.42, 359.43, 0.0, 1.0], [0.2, 25.0, 0.0, 0.0])
(41014971, [2.0, 0.56, 0.0, 0.59, 0.0, 3.32, 0.0, 2.22, 0.0, 0.0], [0.0, 0.44, 0.0, 0.12, 359.41, 359.43, 0.0, 1.0], [0.2, 25.0, 0.0, 0.0])
(41115311, [2.0, 0.56, 0.0, 0.59, 0.0, 2.48, 0.0, 2.21, 0.0, 0.0], [0.0, 0.44, 0.0, 0.12, 359.41, 359.43, 0.0, 1.0], [0.2, 25.0, 0.0, 0.0])
(41214923, [2.0, 0.56, 0.0, 0.59, 0.0, 1.93, 0.0, 2.21, 0.0, 0.0], [0.0, 0.44, 0.0, 0.12, 359.41, 359.42, 0.0, 1.0], [0.2, 25.0, 0.0, 0.0])
(41314877, [2.0, 0.56, 0.0, 0.59, 0.0, 1.92, 0.0, 2.22, 0.0, 0.0], [0.0, 0.44, 0.0, 0.11, 359.41, 359.42, 0.0, 1.0], [0.2, 25.0, 0.0, 0.0])
(41416022, [2.0, 0.56, 0.0, 0.59, 0.0, 2.48, 0.0, 2.22, 0.0, 0.0], [0.0, 0.44, 0.0, 0.11, 359.4, 359.42, 0.0, 1.0], [0.2, 25.0, 0.0, 0.0])
(41516063, [2.0, 0.56, 0.0, 0.59, 0.0, 2.85, 0.0, 2.22, 0.0, 0.0], [0.0, 0.44, 0.0, 0.11, 359.4, 359.42, 0.0, 1.0], [0.2, 25.0, 0.0, 0.0])
(41615987, [2.0, 0.56, 0.0, 0.59, 0.0, 2.36, 0.0, 2.23, 0.0, 0.0], [0.0, 0.44, 0.0, 0.11, 359.4, 359.42, 0.0, 1.0], [0.2, 25.0, 0.0, 0.0])
(41715772, [2.0, 0.56, 0.0, 0.59, 0.0, 2.36, 0.0, 2.23, 0.0, 0.0], [0.0, 0.44, 0.0, 0.11, 359.4, 359.42, 0.0, 1.0], [0.2, 25.0, 0.0, 0.0])
(41815977, [2.0, 0.56, 0.0, 0.59, 0.0, 1.87, 0.0, 2.23, 0.0, 0.0], [0.0, 0.44, 0.0, 0.1, 359.4, 359.42, 0.0, 1.0], [0.2, 25.0, 0.0, 0.0])
(41916088, [2.0, 0.56, 0.0, 0.59, 0.0, 1.54, 0.0, 2.23, 0.0, 0.0], [0.0, 0.44, 0.0, 0.11, 359.4, 359.41, 0.0, 1.0], [0.2, 25.0, 0.0, 0.0])
(42016655, [2.0, 0.56, 0.0, 0.59, 0.0, 1.32, 0.0, 2.23, 0.0, 0.0], [0.0, 0.43, 0.0, 0.11, 359.4, 359.41, 0.0, 1.0], [0.2, 25.0, 0.0, 0.0])
(42115675, [2.0, 0.56, 0.0, 0.59, 0.0, 1.32, 0.0, 2.23, 0.0, 0.0], [0.0, 0.43, 0.0, 0.11, 359.4, 359.41, 0.0, 1.0], [0.2, 25.0, 0.0, 0.0])
(42216306, [2.0, 0.56, 0.0, 0.59, 0.0, 1.18, 0.0, 2.24, 0.0, 0.0], [0.0, 0.44, 0.0, 0.11, 359.39, 359.41, 0.0, 1.0], [0.2, 25.0, 0.0, 0.0])
(42315795, [2.0, 0.56, 0.0, 0.59, 0.0, 1.18, 0.0, 2.24, 0.0, 0.0], [0.0, 0.44, 0.0, 0.11, 359.39, 359.4, 0.0, 1.0], [0.2, 25.0, 0.0, 0.0])
(42417321, [2.0, 0.56, 0.0, 0.59, 0.0, 1.61, 0.0, 2.24, 0.0, 0.0], [0.0, 0.44, 0.0, 0.11, 359.39, 359.41, 0.0, 1.0], [0.2, 25.0, 0.0, 0.0])
(42516623, [2.0, 0.56, 0.0, 0.59, 0.0, 1.61, 0.0, 2.23, 0.0, 0.0], [0.0, 0.43, 0.0, 0.11, 359.39, 359.4, 0.0, 1.0], [0.2, 25.0, 0.0, 0.0])
(42615977, [2.0, 0.56, 0.0, 0.59, 0.0, 2.27, 0.0, 2.24, 0.0, 0.0], [0.0, 0.43, 0.0, 0.11, 359.38, 359.4, 0.0, 1.0], [0.2, 25.0, 0.0, 0.0])
(42716125, [2.0, 0.56, 0.0, 0.59, 0.0, 1.53, 0.0, 2.24, 0.0, 0.0], [0.0, 0.43, 0.0, 0.11, 359.38, 359.39, 0.0, 1.0], [0.2, 25.0, 0.0, 0.0])
(42815996, [2.0, 0.56, 0.0, 0.59, 0.0, 1.53, 0.0, 2.24, 0.0, 0.0], [0.0, 0.43, 0.0, 0.11, 359.38, 359.39, 0.0, 1.0], [0.2, 25.0, 0.0, 0.0])
(42916034, [2.0, 0.56, 0.0, 0.59, 0.0, 2.22, 0.0, 2.24, 0.0, 0.0], [0.0, 0.43, 0.0, 0.11, 359.37, 359.39, 0.0, 1.0], [0.2, 25.0, 0.0, 0.0])
(43016013, [2.0, 0.56, 0.0, 0.59, 0.0, 2.68, 0.0, 2.24, 0.0, 0.0], [0.0, 0.43, 0.0, 0.11, 359.37, 359.38, 0.0, 1.0], [0.2, 25.0, 0.0, 0.0])
(43118231, [2.0, 0.56, 0.0, 0.59, 0.0, 3.18, 0.0, 2.24, 0.0, 0.0], [0.0, 0.43, 0.0, 0.11, 359.37, 359.38, 0.0, 1.0], [0.2, 25.0, 0.0, 0.0])
(43217233, [2.0, 0.56, 0.0, 0.59, 0.0, 3.32, 0.0, 2.24, 0.0, 0.0], [0.0, 0.43, 0.0, 0.11, 359.37, 359.38, 0.0, 1.0], [0.2, 25.0, 0.0, 0.0])
(43317292, [2.0, 0.56, 0.0, 0.59, 0.0, 2.58, 0.0, 2.24, 0.0, 0.0], [0.0, 0.43, 0.0, 0.11, 359.37, 359.38, 0.0, 1.0], [0.2, 25.0, 0.0, 0.0])
(43417274, [2.0, 0.56, 0.0, 0.59, 0.0, 2.58, 0.0, 2.24, 0.0, 0.0], [0.0, 0.43, 0.0, 0.12, 359.37, 359.38, 0.0, 1.0], [0.2, 25.0, 0.0, 0.0])
(43517282, [2.0, 0.56, 0.0, 0.59, 0.0, 2.92, 0.0, 2.24, 0.0, 0.0], [0.0, 0.43, 0.0, 0.12, 359.37, 359.38, 0.0, 1.0], [0.2, 25.0, 0.0, 0.0])
(43617503, [2.0, 0.56, 0.0, 0.59, 0.0, 2.27, 0.0, 2.24, 0.0, 0.0], [0.0, 0.43, 0.0, 0.12, 359.36, 359.38, 0.0, 1.0], [0.2, 25.0, 0.0, 0.0])
(43717057, [2.0, 0.56, 0.0, 0.59, 0.0, 2.26, 0.0, 2.24, 0.0, 0.0], [0.0, 0.42, 0.0, 0.12, 359.37, 359.38, 0.0, 1.0], [0.2, 25.0, 0.0, 0.0])
(43819533, [2.0, 0.56, 0.0, 0.59, 0.0, 3.0, 0.0, 2.24, 0.0, 0.0], [0.0, 0.42, 0.0, 0.12, 359.36, 359.38, 0.0, 1.0], [0.2, 25.0, 0.0, 0.0])
(43918586, [2.0, 0.56, 0.0, 0.59, 0.0, 3.2, 0.0, 2.24, 0.0, 0.0], [0.0, 0.42, 0.0, 0.12, 359.36, 359.37, 0.0, 1.0], [0.2, 25.0, 0.0, 0.0])
(44018879, [2.0, 0.56, 0.0, 0.59, 0.0, 3.42, 0.0, 2.24, 0.0, 0.0], [0.0, 0.42, 0.0, 0.12, 359.36, 359.37, 0.0, 1.0], [0.2, 25.0, 0.0, 0.0])
(44118455, [2.0, 0.56, 0.0, 0.59, 0.0, 2.56, 0.0, 2.24, 0.0, 0.0], [0.0, 0.42, 0.0, 0.12, 359.36, 359.37, 0.0, 1.0], [0.2, 25.0, 0.0, 0.0])
(44218711, [2.0, 0.56, 0.0, 0.59, 0.0, 2.56, 0.0, 2.24, 0.0, 0.0], [0.0, 0.42, 0.0, 0.12, 359.35, 359.36, 0.0, 1.0], [0.2, 25.0, 0.0, 0.0])
(44318448, [2.0, 0.56, 0.0, 0.59, 0.0, 2.9, 0.0, 2.25, 0.0, 0.0], [0.0, 0.41, 0.0, 0.12, 359.35, 359.36, 0.0, 1.0], [0.2, 25.0, 0.0, 0.0])
(44418867, [2.0, 0.56, 0.0, 0.59, 0.0, 2.36, 0.0, 2.25, 0.0, 0.0], [0.0, 0.42, 0.0, 0.12, 359.35, 359.36, 0.0, 1.0], [0.2, 25.0, 0.0, 0.0])
(44519155, [2.0, 0.56, 0.0, 0.59, 0.0, 2.36, 0.0, 2.24, 0.0, 0.0], [0.0, 0.42, 0.0, 0.12, 359.35, 359.36, 0.0, 1.0], [0.2, 25.0, 0.0, 0.0])
(44619067, [2.0, 0.56, 0.0, 0.59, 0.0, 2.77, 0.0, 2.25, 0.0, 0.0], [0.0, 0.41, 0.0, 0.12, 359.34, 359.36, 0.0, 1.0], [0.2, 25.0, 0.0, 0.0])
(44718639, [2.0, 0.56, 0.0, 0.59, 0.0, 3.04, 0.0, 2.24, 0.0, 0.0], [0.0, 0.41, 0.0, 0.12, 359.34, 359.36, 0.0, 1.0], [0.2, 25.0, 0.0, 0.0])
(44819014, [2.0, 0.56, 0.0, 0.59, 0.0, 2.45, 0.0, 2.26, 0.0, 0.0], [0.0, 0.42, 0.0, 0.12, 359.34, 359.36, 0.0, 1.0], [0.2, 25.0, 0.0, 0.0])
(44919415, [2.0, 0.56, 0.0, 0.59, 0.0, 2.45, 0.0, 2.24, 0.0, 0.0], [0.0, 0.42, 0.0, 0.12, 359.34, 359.35, 0.0, 1.0], [0.2, 25.0, 0.0, 0.0])
(45019116, [2.0, 0.56, 0.0, 0.59, 0.0, 2.83, 0.0, 2.23, 0.0, 0.0], [0.0, 0.42, 0.0, 0.12, 359.34, 359.35, 0.0, 1.0], [0.2, 25.0, 0.0, 0.0])
(45118704, [2.0, 0.56, 0.0, 0.59, 0.0, 3.08, 0.0, 2.25, 0.0, 0.0], [0.0, 0.42, 0.0, 0.12, 359.34, 359.35, 0.0, 1.0], [0.2, 25.0, 0.0, 0.0])
(45218598, [2.0, 0.56, 0.0, 0.59, 0.0, 3.36, 0.0, 2.24, 0.0, 0.0], [0.0, 0.42, 0.0, 0.12, 359.33, 359.35, 0.0, 1.0], [0.2, 25.0, 0.0, 0.0])
(45318901, [2.0, 0.56, 0.0, 0.59, 0.0, 3.44, 0.0, 2.24, 0.0, 0.0], [0.0, 0.42, 0.0, 0.12, 359.33, 359.35, 0.0, 1.0], [0.2, 25.0, 0.0, 0.0])
(45418500, [2.0, 0.56, 0.0, 0.59, 0.0, 2.58, 0.0, 2.25, 0.0, 0.0], [0.0, 0.42, 0.0, 0.12, 359.33, 359.34, 0.0, 1.0], [0.2, 25.0, 0.0, 0.0])
(45518659, [2.0, 0.56, 0.0, 0.59, 0.0, 2.0, 0.0, 2.24, 0.0, 0.0], [0.0, 0.42, 0.0, 0.13, 359.33, 359.35, 0.0, 1.0], [0.2, 25.0, 0.0, 0.0])
(45619119, [2.0, 0.56, 0.0, 0.59, 0.0, 2.0, 0.0, 2.24, 0.0, 0.0], [0.0, 0.42, 0.0, 0.12, 359.33, 359.35, 0.0, 1.0], [0.2, 25.0, 0.0, 0.0])
(45718589, [2.0, 0.56, 0.0, 0.59, 0.0, 2.53, 0.0, 2.23, 0.0, 0.0], [0.0, 0.42, 0.0, 0.13, 359.33, 359.34, 0.0, 1.0], [0.2, 25.0, 0.0, 0.0])
(45818458, [2.0, 0.56, 0.0, 0.59, 0.0, 2.88, 0.0, 2.23, 0.0, 0.0], [0.0, 0.41, 0.0, 0.13, 359.33, 359.34, 0.0, 1.0], [0.2, 25.0, 0.0, 0.0])
(45918723, [2.0, 0.56, 0.0, 0.59, 0.0, 2.2, 0.0, 2.22, 0.0, 0.0], [0.0, 0.42, 0.0, 0.12, 359.33, 359.34, 0.0, 1.0], [0.2, 25.0, 0.0, 0.0])
(46018615, [2.0, 0.56, 0.0, 0.59, 0.0, 2.2, 0.0, 2.23, 0.0, 0.0], [0.0, 0.41, 0.0, 0.12, 359.33, 359.34, 0.0, 1.0], [0.2, 25.0, 0.0, 0.0])
(46118776, [2.0, 0.56, 0.0, 0.59, 0.0, 1.76, 0.0, 2.23, 0.0, 0.0], [0.0, 0.41, 0.0, 0.12, 359.33, 359.34, 0.0, 1.0], [0.2, 25.0, 0.0, 0.0])
(46219765, [2.0, 0.56, 0.0, 0.59, 0.0, 1.76, 0.0, 2.23, 0.0, 0.0], [0.0, 0.41, 0.0, 0.12, 359.32, 359.34, 0.0, 1.0], [0.2, 25.0, 0.0, 0.0])
(46321758, [2.0, 0.56, 0.0, 0.59, 0.0, 2.78, 0.0, 2.24, 0.0, 0.0], [0.0, 0.41, 0.0, 0.13, 359.32, 359.34, 0.0, 1.0], [0.2, 25.0, 0.0, 0.0])
(46420558, [2.0, 0.56, 0.0, 0.59, 0.0, 3.05, 0.0, 2.25, 0.0, 0.0], [0.0, 0.41, 0.0, 0.12, 359.32, 359.33, 0.0, 1.0], [0.2, 25.0, 0.0, 0.0])
(46520542, [2.0, 0.56, 0.0, 0.59, 0.0, 3.35, 0.0, 2.24, 0.0, 0.0], [0.0, 0.41, 0.0, 0.12, 359.32, 359.34, 0.0, 1.0], [0.2, 25.0, 0.0, 0.0])
(46620532, [2.0, 0.56, 0.0, 0.59, 0.0, 3.43, 0.0, 2.24, 0.0, 0.0], [0.0, 0.41, 0.0, 0.12, 359.32, 359.33, 0.0, 1.0], [0.2, 25.0, 0.0, 0.0])
(46720536, [2.0, 0.56, 0.0, 0.59, 0.0, 2.58, 0.0, 2.25, 0.0, 0.0], [0.0, 0.41, 0.0, 0.12, 359.32, 359.33, 0.0, 1.0], [0.2, 25.0, 0.0, 0.0])
(46820838, [2.0, 0.56, 0.0, 0.59, 0.0, 2.02, 0.0, 2.24, 0.0, 0.0], [0.0, 0.41, 0.0, 0.12, 359.32, 359.33, 0.0, 1.0], [0.2, 25.0, 0.0, 0.0])
(46920548, [2.0, 0.56, 0.0, 0.59, 0.0, 1.37, 0.0, 2.24, 0.0, 0.0], [0.0, 0.41, 0.0, 0.12, 359.32, 359.33, 0.0, 1.0], [0.2, 25.0, 0.0, 0.0])
(47021065, [2.0, 0.56, 0.0, 0.59, 0.0, 1.21, 0.0, 2.24, 0.0, 0.0], [0.0, 0.41, 0.0, 0.12, 359.32, 359.33, 0.0, 1.0], [0.2, 25.0, 0.0, 0.0])
(47120542, [2.0, 0.56, 0.0, 0.59, 0.0, 1.21, 0.0, 2.23, 0.0, 0.0], [0.0, 0.41, 0.0, 0.12, 359.32, 359.33, 0.0, 1.0], [0.2, 25.0, 0.0, 0.0])
(47220534, [2.0, 0.56, 0.0, 0.59, 0.0, 2.01, 0.0, 2.23, 0.0, 0.0], [0.0, 0.41, 0.0, 0.12, 359.32, 359.33, 0.0, 1.0], [0.2, 25.0, 0.0, 0.0])
(47320537, [2.0, 0.56, 0.0, 0.59, 0.0, 2.89, 0.0, 2.24, 0.0, 0.0], [0.0, 0.41, 0.0, 0.12, 359.31, 359.32, 0.0, 1.0], [0.2, 25.0, 0.0, 0.0])
(47420441, [2.0, 0.56, 0.0, 0.59, 0.0, 2.23, 0.0, 2.24, 0.0, 0.0], [0.0, 0.41, 0.0, 0.11, 359.31, 359.32, 0.0, 1.0], [0.2, 25.0, 0.0, 0.0])
(47520413, [2.0, 0.56, 0.0, 0.59, 0.0, 1.78, 0.0, 2.24, 0.0, 0.0], [0.0, 0.41, 0.0, 0.11, 359.3, 359.31, 0.0, 1.0], [0.2, 25.0, 0.0, 0.0])
(47620606, [2.0, 0.56, 0.0, 0.59, 0.0, 1.78, 0.0, 2.25, 0.0, 0.0], [0.0, 0.41, 0.0, 0.11, 359.3, 359.31, 0.0, 1.0], [0.2, 25.0, 0.0, 0.0])
(47720546, [2.0, 0.56, 0.0, 0.59, 0.0, 1.47, 0.0, 2.24, 0.0, 0.0], [0.0, 0.41, 0.0, 0.11, 359.3, 359.31, 0.0, 1.0], [0.2, 25.0, 0.0, 0.0])
(47820876, [2.0, 0.56, 0.0, 0.59, 0.0, 1.29, 0.0, 2.24, 0.0, 0.0], [0.0, 0.41, 0.0, 0.11, 359.29, 359.31, 0.0, 1.0], [0.2, 25.0, 0.0, 0.0])
(47920956, [2.0, 0.56, 0.0, 0.59, 0.0, 1.29, 0.0, 2.24, 0.0, 0.0], [0.0, 0.41, 0.0, 0.11, 359.29, 359.31, 0.0, 1.0], [0.2, 25.0, 0.0, 0.0])
(48021085, [2.0, 0.56, 0.0, 0.59, 0.0, 2.06, 0.0, 2.24, 0.0, 0.0], [0.0, 0.41, 0.0, 0.12, 359.29, 359.31, 0.0, 1.0], [0.2, 25.0, 0.0, 0.0])
(48120888, [2.0, 0.56, 0.0, 0.59, 0.0, 2.57, 0.0, 2.23, 0.0, 0.0], [0.0, 0.41, 0.0, 0.12, 359.29, 359.3, 0.0, 1.0], [0.2, 25.0, 0.0, 0.0])
(48221240, [2.0, 0.56, 0.0, 0.59, 0.0, 2.21, 0.0, 2.23, 0.0, 0.0], [0.0, 0.4, 0.0, 0.12, 359.29, 359.3, 0.0, 1.0], [0.2, 25.0, 0.0, 0.0])
(48320966, [2.0, 0.56, 0.0, 0.59, 0.0, 2.21, 0.0, 2.23, 0.0, 0.0], [0.0, 0.41, 0.0, 0.13, 359.29, 359.3, 0.0, 1.0], [0.2, 25.0, 0.0, 0.0])
(48421010, [2.0, 0.56, 0.0, 0.59, 0.0, 1.76, 0.0, 2.23, 0.0, 0.0], [0.0, 0.41, 0.0, 0.13, 359.29, 359.3, 0.0, 1.0], [0.2, 25.0, 0.0, 0.0])
(48521066, [2.0, 0.56, 0.0, 0.59, 0.0, 1.76, 0.0, 2.23, 0.0, 0.0], [0.0, 0.41, 0.0, 0.13, 359.28, 359.3, 0.0, 1.0], [0.2, 25.0, 0.0, 0.0])
(48620991, [2.0, 0.56, 0.0, 0.59, 0.0, 1.49, 0.0, 2.24, 0.0, 0.0], [0.0, 0.41, 0.0, 0.14, 359.28, 359.3, 0.0, 1.0], [0.2, 25.0, 0.0, 0.0])
(48720976, [2.0, 0.56, 0.0, 0.59, 0.0, 1.49, 0.0, 2.25, 0.0, 0.0], [0.0, 0.41, 0.0, 0.13, 359.28, 359.3, 0.0, 1.0], [0.2, 25.0, 0.0, 0.0])
(48821032, [2.0, 0.56, 0.0, 0.59, 0.0, 2.66, 0.0, 2.23, 0.0, 0.0], [0.0, 0.41, 0.0, 0.13, 359.28, 359.3, 0.0, 1.0], [0.2, 25.0, 0.0, 0.0])
(48921004, [2.0, 0.56, 0.0, 0.59, 0.0, 2.97, 0.0, 2.23, 0.0, 0.0], [0.0, 0.41, 0.0, 0.13, 359.29, 359.3, 0.0, 1.0], [0.2, 25.0, 0.0, 0.0])
(49022310, [2.0, 0.56, 0.0, 0.59, 0.0, 2.41, 0.0, 2.24, 0.0, 0.0], [0.0, 0.41, 0.0, 0.13, 359.29, 359.3, 0.0, 1.0], [0.2, 25.0, 0.0, 0.0])
(49122013, [2.0, 0.56, 0.0, 0.59, 0.0, 1.89, 0.0, 2.25, 0.0, 0.0], [0.0, 0.41, 0.0, 0.13, 359.28, 359.3, 0.0, 1.0], [0.2, 25.0, 0.0, 0.0])
(49221977, [2.0, 0.56, 0.0, 0.59, 0.0, 1.56, 0.0, 2.23, 0.0, 0.0], [0.0, 0.41, 0.0, 0.13, 359.28, 359.3, 0.0, 1.0], [0.2, 25.0, 0.0, 0.0])
(49322042, [2.0, 0.56, 0.0, 0.59, 0.0, 1.56, 0.0, 2.23, 0.0, 0.0], [0.0, 0.41, 0.0, 0.13, 359.28, 359.29, 0.0, 1.0], [0.2, 25.0, 0.0, 0.0])
(49423342, [2.0, 0.56, 0.0, 0.59, 0.0, 2.24, 0.0, 2.23, 0.0, 0.0], [0.0, 0.42, 0.0, 0.13, 359.28, 359.29, 0.0, 1.0], [0.2, 25.0, 0.0, 0.0])
(49523085, [2.0, 0.56, 0.0, 0.59, 0.0, 2.99, 0.0, 2.23, 0.0, 0.0], [0.0, 0.42, 0.0, 0.13, 359.27, 359.29, 0.0, 1.0], [0.2, 25.0, 0.0, 0.0])
(49623122, [2.0, 0.56, 0.0, 0.59, 0.0, 3.19, 0.0, 2.24, 0.0, 0.0], [0.0, 0.42, 0.0, 0.13, 359.27, 359.29, 0.0, 1.0], [0.2, 25.0, 0.0, 0.0])
(49723172, [2.0, 0.56, 0.0, 0.59, 0.0, 2.52, 0.0, 2.24, 0.0, 0.0], [0.0, 0.42, 0.0, 0.13, 359.27, 359.28, 0.0, 1.0], [0.2, 25.0, 0.0, 0.0])
(49823377, [2.0, 0.56, 0.0, 0.59, 0.0, 1.95, 0.0, 2.24, 0.0, 0.0], [0.0, 0.42, 0.0, 0.13, 359.26, 359.28, 0.0, 1.0], [0.2, 25.0, 0.0, 0.0])
(49923165, [2.0, 0.56, 0.0, 0.59, 0.0, 1.95, 0.0, 2.24, 0.0, 0.0], [0.0, 0.42, 0.0, 0.13, 359.26, 359.27, 0.0, 1.0], [0.2, 25.0, 0.0, 0.0])
(50026678, [2.0, 0.56, 0.0, 0.59, 0.0, 2.5, 0.0, 2.24, 0.0, 0.0], [0.0, 0.41, 0.0, 0.12, 359.26, 359.27, 0.0, 1.0], [0.2, 25.0, 0.0, 0.0])
(50126091, [2.0, 0.56, 0.0, 0.59, 0.0, 1.95, 0.0, 2.25, 0.0, 0.0], [0.0, 0.42, 0.0, 0.12, 359.25, 359.27, 0.0, 1.0], [0.2, 25.0, 0.0, 0.0])
(50228160, [2.0, 0.56, 0.0, 0.59, 0.0, 1.59, 0.0, 2.24, 0.0, 0.0], [0.0, 0.42, 0.0, 0.12, 359.25, 359.26, 0.0, 1.0], [0.2, 25.0, 0.0, 0.0])
(50326444, [2.0, 0.56, 0.0, 0.59, 0.0, 1.59, 0.0, 2.24, 0.0, 0.0], [0.0, 0.41, 0.0, 0.12, 359.25, 359.26, 0.0, 1.0], [0.2, 25.0, 0.0, 0.0])
(50426577, [2.0, 0.56, 0.0, 0.59, 0.0, 2.26, 0.0, 2.24, 0.0, 0.0], [0.0, 0.41, 0.0, 0.13, 359.24, 359.26, 0.0, 1.0], [0.2, 25.0, 0.0, 0.0])
(50526412, [2.0, 0.56, 0.0, 0.59, 0.0, 3.0, 0.0, 2.23, 0.0, 0.0], [0.0, 0.41, 0.0, 0.13, 359.24, 359.26, 0.0, 1.0], [0.2, 25.0, 0.0, 0.0])
(50626490, [2.0, 0.56, 0.0, 0.59, 0.0, 3.2, 0.0, 2.23, 0.0, 0.0], [0.0, 0.41, 0.0, 0.13, 359.24, 359.26, 0.0, 1.0], [0.2, 25.0, 0.0, 0.0])
(50726416, [2.0, 0.56, 0.0, 0.59, 0.0, 3.42, 0.0, 2.25, 0.0, 0.0], [0.0, 0.4, 0.0, 0.13, 359.24, 359.25, 0.0, 1.0], [0.2, 25.0, 0.0, 0.0])
(50827768, [2.0, 0.56, 0.0, 0.59, 0.0, 3.48, 0.0, 2.24, 0.0, 0.0], [0.0, 0.4, 0.0, 0.14, 359.24, 359.25, 0.0, 1.0], [0.2, 25.0, 0.0, 0.0])
(50927191, [2.0, 0.56, 0.0, 0.59, 0.0, 3.54, 0.0, 2.25, 0.0, 0.0], [0.0, 0.4, 0.0, 0.13, 359.23, 359.25, 0.0, 1.0], [0.2, 25.0, 0.0, 0.0])
(51028442, [2.0, 0.56, 0.0, 0.59, 0.0, 3.57, 0.0, 2.23, 0.0, 0.0], [0.0, 0.4, 0.0, 0.13, 359.23, 359.25, 0.0, 1.0], [0.2, 25.0, 0.0, 0.0])
(51127977, [2.0, 0.56, 0.0, 0.59, 0.0, 3.58, 0.0, 2.23, 0.0, 0.0], [0.0, 0.4, 0.0, 0.13, 359.23, 359.24, 0.0, 1.0], [0.2, 25.0, 0.0, 0.0])
(51227998, [2.0, 0.56, 0.0, 0.59, 0.0, 3.58, 0.0, 2.25, 0.0, 0.0], [0.0, 0.4, 0.0, 0.13, 359.23, 359.24, 0.0, 1.0], [0.2, 25.0, 0.0, 0.0])
(51327928, [2.0, 0.56, 0.0, 0.59, 0.0, 3.58, 0.0, 2.24, 0.0, 0.0], [0.0, 0.39, 0.0, 0.13, 359.23, 359.25, 0.0, 1.0], [0.2, 25.0, 0.0, 0.0])
(51428737, [2.0, 0.56, 0.0, 0.59, 0.0, 2.67, 0.0, 2.24, 0.0, 0.0], [0.0, 0.39, 0.0, 0.13, 359.23, 359.25, 0.0, 1.0], [0.2, 25.0, 0.0, 0.0])
(51527684, [2.0, 0.56, 0.0, 0.59, 0.0, 2.67, 0.0, 2.23, 0.0, 0.0], [0.0, 0.39, 0.0, 0.13, 359.24, 359.25, 0.0, 1.0], [0.2, 25.0, 0.0, 0.0])
(51632858, [2.0, 0.56, 0.0, 0.59, 0.0, 2.08, 0.0, 2.23, 0.0, 0.0], [0.0, 0.4, 0.0, 0.13, 359.23, 359.25, 0.0, 1.0], [0.2, 25.0, 0.0, 0.0])
(51732760, [2.0, 0.56, 0.0, 0.59, 0.0, 1.68, 0.0, 2.23, 0.0, 0.0], [0.0, 0.4, 0.0, 0.13, 359.24, 359.25, 0.0, 1.0], [0.2, 25.0, 0.0, 0.0])
(51832717, [2.0, 0.56, 0.0, 0.59, 0.0, 1.68, 0.0, 2.22, 0.0, 0.0], [0.0, 0.4, 0.0, 0.13, 359.23, 359.25, 0.0, 1.0], [0.2, 25.0, 0.0, 0.0])
(51932738, [2.0, 0.56, 0.0, 0.59, 0.0, 1.43, 0.0, 2.22, 0.0, 0.0], [0.0, 0.4, 0.0, 0.13, 359.23, 359.25, 0.0, 1.0], [0.2, 25.0, 0.0, 0.0])
(52032823, [2.0, 0.56, 0.0, 0.59, 0.0, 1.26, 0.0, 2.23, 0.0, 0.0], [0.0, 0.4, 0.0, 0.14, 359.23, 359.24, 0.0, 1.0], [0.2, 25.0, 0.0, 0.0])
(52132717, [2.0, 0.56, 0.0, 0.59, 0.0, 1.16, 0.0, 2.23, 0.0, 0.0], [0.0, 0.4, 0.0, 0.13, 359.23, 359.24, 0.0, 1.0], [0.2, 25.0, 0.0, 0.0])
(52232824, [2.0, 0.56, 0.0, 0.59, 0.0, 1.16, 0.0, 2.22, 0.0, 0.0], [0.0, 0.4, 0.0, 0.13, 359.23, 359.25, 0.0, 1.0], [0.2, 25.0, 0.0, 0.0])
(52332875, [2.0, 0.56, 0.0, 0.59, 0.0, 1.97, 0.0, 2.23, 0.0, 0.0], [0.0, 0.4, 0.0, 0.13, 359.23, 359.25, 0.0, 1.0], [0.2, 25.0, 0.0, 0.0])
(52432847, [2.0, 0.56, 0.0, 0.59, 0.0, 2.51, 0.0, 2.24, 0.0, 0.0], [0.0, 0.4, 0.0, 0.13, 359.23, 359.24, 0.0, 1.0], [0.2, 25.0, 0.0, 0.0])
(52532826, [2.0, 0.56, 0.0, 0.59, 0.0, 3.11, 0.0, 2.24, 0.0, 0.0], [0.0, 0.39, 0.0, 0.13, 359.23, 359.24, 0.0, 1.0], [0.2, 25.0, 0.0, 0.0])
(52633283, [2.0, 0.56, 0.0, 0.59, 0.0, 3.27, 0.0, 2.24, 0.0, 0.0], [0.0, 0.39, 0.0, 0.13, 359.22, 359.24, 0.0, 1.0], [0.2, 25.0, 0.0, 0.0])
(52732781, [2.0, 0.56, 0.0, 0.59, 0.0, 3.45, 0.0, 2.25, 0.0, 0.0], [0.0, 0.39, 0.0, 0.13, 359.23, 359.24, 0.0, 1.0], [0.2, 25.0, 0.0, 0.0])
(52832861, [2.0, 0.56, 0.0, 0.59, 0.0, 3.5, 0.0, 2.24, 0.0, 0.0], [0.0, 0.39, 0.0, 0.14, 359.23, 359.24, 0.0, 1.0], [0.2, 25.0, 0.0, 0.0])
(52932912, [2.0, 0.56, 0.0, 0.59, 0.0, 3.55, 0.0, 2.24, 0.0, 0.0], [0.0, 0.39, 0.0, 0.14, 359.23, 359.24, 0.0, 1.0], [0.2, 25.0, 0.0, 0.0])
(53032902, [2.0, 0.56, 0.0, 0.59, 0.0, 2.68, 0.0, 2.24, 0.0, 0.0], [0.0, 0.39, 0.0, 0.14, 359.23, 359.24, 0.0, 1.0], [0.2, 25.0, 0.0, 0.0])
(53133431, [2.0, 0.56, 0.0, 0.59, 0.0, 1.72, 0.0, 2.24, 0.0, 0.0], [0.0, 0.39, 0.0, 0.14, 359.22, 359.24, 0.0, 1.0], [0.2, 25.0, 0.0, 0.0])
(53232662, [2.0, 0.56, 0.0, 0.59, 0.0, 1.47, 0.0, 2.24, 0.0, 0.0], [0.0, 0.4, 0.0, 0.14, 359.22, 359.23, 0.0, 1.0], [0.2, 25.0, 0.0, 0.0])
(53332848, [2.0, 0.56, 0.0, 0.59, 0.0, 1.3, 0.0, 2.25, 0.0, 0.0], [0.0, 0.39, 0.0, 0.14, 359.22, 359.23, 0.0, 1.0], [0.2, 25.0, 0.0, 0.0])
(53432693, [2.0, 0.56, 0.0, 0.59, 0.0, 1.3, 0.0, 2.25, 0.0, 0.0], [0.0, 0.39, 0.0, 0.14, 359.22, 359.24, 0.0, 1.0], [0.2, 25.0, 0.0, 0.0])
(53532732, [2.0, 0.56, 0.0, 0.59, 0.0, 1.7, 0.0, 2.24, 0.0, 0.0], [0.0, 0.39, 0.0, 0.14, 359.22, 359.24, 0.0, 1.0], [0.2, 25.0, 0.0, 0.0])
(53632820, [2.0, 0.56, 0.0, 0.59, 0.0, 1.45, 0.0, 2.25, 0.0, 0.0], [0.0, 0.39, 0.0, 0.14, 359.22, 359.23, 0.0, 1.0], [0.2, 25.0, 0.0, 0.0])
(53732757, [2.0, 0.56, 0.0, 0.59, 0.0, 1.16, 0.0, 2.24, 0.0, 0.0], [0.0, 0.39, 0.0, 0.14, 359.22, 359.23, 0.0, 1.0], [0.2, 25.0, 0.0, 0.0])
(53832733, [2.0, 0.56, 0.0, 0.59, 0.0, 1.08, 0.0, 2.24, 0.0, 0.0], [0.0, 0.39, 0.0, 0.14, 359.22, 359.23, 0.0, 1.0], [0.2, 25.0, 0.0, 0.0])
(53932852, [2.0, 0.56, 0.0, 0.59, 0.0, 1.02, 0.0, 2.24, 0.0, 0.0], [0.0, 0.39, 0.0, 0.14, 359.21, 359.23, 0.0, 1.0], [0.2, 25.0, 0.0, 0.0])
(54032882, [2.0, 0.56, 0.0, 0.59, 0.0, 0.98, 0.0, 2.24, 0.0, 0.0], [0.0, 0.39, 0.0, 0.14, 359.21, 359.23, 0.0, 1.0], [0.2, 25.0, 0.0, 0.0])
(54132775, [2.0, 0.56, 0.0, 0.59, 0.0, 0.98, 0.0, 2.24, 0.0, 0.0], [0.0, 0.39, 0.0, 0.14, 359.21, 359.23, 0.0, 1.0], [0.2, 25.0, 0.0, 0.0])
(54232887, [2.0, 0.56, 0.0, 0.59, 0.0, 0.97, 0.0, 2.24, 0.0, 0.0], [0.0, 0.39, 0.0, 0.15, 359.21, 359.22, 0.0, 1.0], [0.2, 25.0, 0.0, 0.0])
(54332833, [2.0, 0.56, 0.0, 0.59, 0.0, 0.96, 0.0, 2.24, 0.0, 0.0], [0.0, 0.39, 0.0, 0.15, 359.21, 359.22, 0.0, 1.0], [0.2, 25.0, 0.0, 0.0])
(54432871, [2.0, 0.56, 0.0, 0.59, 0.0, 0.95, 0.0, 2.24, 0.0, 0.0], [0.0, 0.39, 0.0, 0.15, 359.21, 359.22, 0.0, 1.0], [0.2, 25.0, 0.0, 0.0])
(54532905, [2.0, 0.56, 0.0, 0.59, 0.0, 0.95, 0.0, 2.24, 0.0, 0.0], [0.0, 0.39, 0.0, 0.15, 359.21, 359.22, 0.0, 1.0], [0.2, 25.0, 0.0, 0.0])
(54636059, [2.0, 0.56, 0.0, 0.59, 0.0, 0.96, 0.0, 2.24, 0.0, 0.0], [0.0, 0.39, 0.0, 0.15, 359.2, 359.22, 0.0, 1.0], [0.2, 25.0, 0.0, 0.0])
(54734791, [2.0, 0.56, 0.0, 0.59, 0.0, 0.96, 0.0, 2.24, 0.0, 0.0], [0.0, 0.39, 0.0, 0.15, 359.2, 359.22, 0.0, 1.0], [0.2, 25.0, 0.0, 0.0])
(54834734, [2.0, 0.56, 0.0, 0.59, 0.0, 0.96, 0.0, 2.25, 0.0, 0.0], [0.0, 0.39, 0.0, 0.15, 359.2, 359.22, 0.0, 1.0], [0.2, 25.0, 0.0, 0.0])
(56442022, [2.0, 0.56, 0.0, 0.59, 0.0, 0.99, 0.0, 2.26, 0.0, 0.0], [0.21, 0.42, 0.06, 0.12, 359.18, 359.19, 0.0, 1.0], [0.2, 25.0, 0.0, 0.0])
(56542015, [2.0, 0.56, 0.0, 0.59, 0.0, 2.44, 0.0, 2.25, 0.0, 0.0], [0.1, 0.42, 0.03, 0.12, 359.18, 359.2, 0.0, 1.0], [0.2, 25.0, 0.0, 0.0])
(56641941, [2.0, 0.56, 0.0, 0.59, 0.0, 2.82, 0.0, 2.25, 0.0, 0.0], [0.05, 0.42, 0.01, 0.12, 359.18, 359.2, 0.0, 1.0], [0.2, 25.0, 0.0, 0.0])
(56743969, [2.0, 0.56, 0.0, 0.59, 0.0, 1.78, 0.0, 2.24, 0.0, 0.0], [0.02, 0.42, 0.0, 0.12, 359.18, 359.19, 0.0, 1.0], [0.2, 25.0, 0.0, 0.0])
(56843744, [2.0, 0.56, 0.0, 0.59, 0.0, 1.78, 0.0, 2.23, 0.0, 0.0], [0.01, 0.42, 0.0, 0.12, 359.18, 359.19, 0.0, 1.0], [0.2, 25.0, 0.0, 0.0])
(56943600, [2.0, 0.56, 0.0, 0.59, 0.0, 2.38, 0.0, 2.24, 0.0, 0.0], [0.0, 0.41, 0.0, 0.12, 359.18, 359.19, 0.0, 1.0], [0.2, 25.0, 0.0, 0.0])
(57044708, [2.0, 0.56, 0.0, 0.59, 0.0, 1.9, 0.0, 2.24, 0.0, 0.0], [0.0, 0.42, 0.0, 0.11, 359.18, 359.19, 0.0, 1.0], [0.2, 25.0, 0.0, 0.0])
(57145621, [2.0, 0.56, 0.0, 0.59, 0.0, 1.59, 0.0, 2.24, 0.0, 0.0], [0.0, 0.41, 0.0, 0.12, 359.18, 359.19, 0.0, 1.0], [0.2, 25.0, 0.0, 0.0])
(57245459, [2.0, 0.56, 0.0, 0.59, 0.0, 1.37, 0.0, 2.24, 0.0, 0.0], [0.0, 0.41, 0.0, 0.12, 359.17, 359.19, 0.0, 1.0], [0.2, 25.0, 0.0, 0.0])
(57345588, [2.0, 0.56, 0.0, 0.59, 0.0, 1.37, 0.0, 2.24, 0.0, 0.0], [0.0, 0.41, 0.0, 0.12, 359.18, 359.19, 0.0, 1.0], [0.2, 25.0, 0.0, 0.0])
(57445681, [2.0, 0.56, 0.0, 0.59, 0.0, 1.72, 0.0, 2.24, 0.0, 0.0], [0.0, 0.41, 0.0, 0.12, 359.18, 359.19, 0.0, 1.0], [0.2, 25.0, 0.0, 0.0])
(57545511, [2.0, 0.56, 0.0, 0.59, 0.0, 1.46, 0.0, 2.23, 0.0, 0.0], [0.0, 0.41, 0.0, 0.12, 359.17, 359.19, 0.0, 1.0], [0.2, 25.0, 0.0, 0.0])
(57645640, [2.0, 0.56, 0.0, 0.59, 0.0, 1.29, 0.0, 2.23, 0.0, 0.0], [0.0, 0.41, 0.0, 0.12, 359.17, 359.19, 0.0, 1.0], [0.2, 25.0, 0.0, 0.0])
(57748805, [2.0, 0.56, 0.0, 0.59, 0.0, 1.29, 0.0, 2.23, 0.0, 0.0], [0.0, 0.41, 0.0, 0.12, 359.17, 359.19, 0.0, 1.0], [0.2, 25.0, 0.0, 0.0])
(57848724, [2.0, 0.56, 0.0, 0.59, 0.0, 1.18, 0.0, 2.23, 0.0, 0.0], [0.0, 0.41, 0.0, 0.12, 359.17, 359.19, 0.0, 1.0], [0.2, 25.0, 0.0, 0.0])
(57951300, [2.0, 0.56, 0.0, 0.59, 0.0, 1.1, 0.0, 2.23, 0.0, 0.0], [0.0, 0.41, 0.0, 0.12, 359.17, 359.19, 0.0, 1.0], [0.2, 25.0, 0.0, 0.0])
(58051458, [2.0, 0.56, 0.0, 0.59, 0.0, 1.01, 0.0, 2.24, 0.0, 0.0], [0.0, 0.41, 0.0, 0.12, 359.17, 359.19, 0.0, 1.0], [0.2, 25.0, 0.0, 0.0])
(58151838, [2.0, 0.56, 0.0, 0.59, 0.0, 1.0, 0.0, 2.24, 0.0, 0.0], [0.0, 0.41, 0.0, 0.12, 359.17, 359.18, 0.0, 1.0], [0.2, 25.0, 0.0, 0.0])
(58251313, [2.0, 0.56, 0.0, 0.59, 0.0, 0.97, 0.0, 2.24, 0.0, 0.0], [0.0, 0.4, 0.0, 0.12, 359.17, 359.18, 0.0, 1.0], [0.2, 25.0, 0.0, 0.0])
(58351304, [2.0, 0.56, 0.0, 0.59, 0.0, 0.97, 0.0, 2.24, 0.0, 0.0], [0.0, 0.4, 0.0, 0.12, 359.17, 359.18, 0.0, 1.0], [0.2, 25.0, 0.0, 0.0])
(58458765, [2.0, 0.56, 0.0, 0.59, 0.0, 0.97, 0.0, 2.24, 0.0, 0.0], [0.0, 0.4, 0.0, 0.12, 359.17, 359.18, 0.0, 1.0], [0.2, 25.0, 0.0, 0.0])
(58558895, [2.0, 0.56, 0.0, 0.59, 0.0, 1.54, 0.0, 2.25, 0.0, 0.0], [0.0, 0.4, 0.0, 0.13, 359.17, 359.18, 0.0, 1.0], [0.2, 25.0, 0.0, 0.0])
(58659385, [2.0, 0.56, 0.0, 0.59, 0.0, 1.34, 0.0, 2.24, 0.0, 0.0], [0.0, 0.4, 0.0, 0.13, 359.17, 359.18, 0.0, 1.0], [0.2, 25.0, 0.0, 0.0])
(58759635, [2.0, 0.56, 0.0, 0.59, 0.0, 1.21, 0.0, 2.23, 0.0, 0.0], [0.0, 0.4, 0.0, 0.13, 359.17, 359.18, 0.0, 1.0], [0.2, 25.0, 0.0, 0.0])
(58858700, [2.0, 0.56, 0.0, 0.59, 0.0, 1.12, 0.0, 2.24, 0.0, 0.0], [0.0, 0.4, 0.0, 0.13, 359.17, 359.18, 0.0, 1.0], [0.2, 25.0, 0.0, 0.0])
(58959499, [2.0, 0.56, 0.0, 0.59, 0.0, 1.03, 0.0, 2.24, 0.0, 0.0], [0.0, 0.4, 0.0, 0.13, 359.17, 359.18, 0.0, 1.0], [0.2, 25.0, 0.0, 0.0])
(59059159, [2.0, 0.56, 0.0, 0.59, 0.0, 1.03, 0.0, 2.24, 0.0, 0.0], [0.0, 0.4, 0.0, 0.13, 359.17, 359.18, 0.0, 1.0], [0.2, 25.0, 0.0, 0.0])
(59158727, [2.0, 0.56, 0.0, 0.59, 0.0, 0.97, 0.0, 2.24, 0.0, 0.0], [0.0, 0.4, 0.0, 0.12, 359.17, 359.18, 0.0, 1.0], [0.2, 25.0, 0.0, 0.0])
(59258839, [2.0, 0.56, 0.0, 0.59, 0.0, 0.96, 0.0, 2.25, 0.0, 0.0], [0.0, 0.4, 0.0, 0.12, 359.16, 359.18, 0.0, 1.0], [0.2, 25.0, 0.0, 0.0])
(59362016, [2.0, 0.56, 0.0, 0.59, 0.0, 0.96, 0.0, 2.24, 0.0, 0.0], [0.0, 0.4, 0.0, 0.12, 359.16, 359.18, 0.0, 1.0], [0.2, 25.0, 0.0, 0.0])
(59465537, [2.0, 0.56, 0.0, 0.59, 0.0, 2.42, 0.0, 2.24, 0.0, 0.0], [0.0, 0.4, 0.0, 0.13, 359.16, 359.17, 0.0, 1.0], [0.2, 25.0, 0.0, 0.0])
(59563688, [2.0, 0.56, 0.0, 0.59, 0.0, 2.81, 0.0, 2.24, 0.0, 0.0], [0.0, 0.39, 0.0, 0.13, 359.16, 359.17, 0.0, 1.0], [0.2, 25.0, 0.0, 0.0])
(59665543, [2.0, 0.56, 0.0, 0.59, 0.0, 1.77, 0.0, 2.24, 0.0, 0.0], [0.0, 0.4, 0.0, 0.13, 359.16, 359.17, 0.0, 1.0], [0.53, 25.0, 0.0, 0.0])
(59768318, [2.0, 0.56, 0.0, 0.59, 0.0, 1.5, 0.0, 2.25, 0.0, 0.0], [0.0, 0.4, 0.0, 0.13, 359.16, 359.17, 0.0, 1.0], [0.2, 25.0, 0.0, 0.0])
(59868337, [2.0, 0.56, 0.0, 0.59, 0.0, 1.5, 0.0, 2.24, 0.0, 0.0], [0.0, 0.4, 0.0, 0.13, 359.15, 359.17, 0.0, 1.0], [0.2, 25.0, 0.0, 0.0])
(59968373, [2.0, 0.56, 0.0, 0.59, 0.0, 1.32, 0.0, 2.24, 0.0, 0.0], [0.0, 0.39, 0.0, 0.13, 359.15, 359.17, 0.0, 1.0], [0.2, 25.0, 0.0, 0.0])
(60069628, [2.0, 0.56, 0.0, 0.59, 0.0, 1.19, 0.0, 2.23, 0.0, 0.0], [0.0, 0.4, 0.0, 0.13, 359.15, 359.17, 0.0, 1.0], [0.2, 25.0, 0.0, 0.0])
(60169602, [2.0, 0.56, 0.0, 0.59, 0.0, 1.11, 0.0, 2.24, 0.0, 0.0], [0.0, 0.4, 0.0, 0.13, 359.15, 359.17, 0.0, 1.0], [0.2, 25.0, 0.0, 0.0])
(60269961, [2.0, 0.56, 0.0, 0.59, 0.0, 1.01, 0.0, 2.23, 0.0, 0.0], [0.0, 0.4, 0.0, 0.12, 359.15, 359.17, 0.0, 1.0], [0.2, 25.0, 0.0, 0.0])
(60369627, [2.0, 0.56, 0.0, 0.59, 0.0, 0.98, 0.0, 2.24, 0.0, 0.0], [0.0, 0.4, 0.0, 0.12, 359.15, 359.17, 0.0, 1.0], [0.2, 25.0, 0.0, 0.0])
(60469447, [2.0, 0.56, 0.0, 0.59, 0.0, 0.95, 0.0, 2.22, 0.0, 0.0], [0.0, 0.4, 0.0, 0.13, 359.15, 359.17, 0.0, 1.0], [0.2, 25.0, 0.0, 0.0])
(60569642, [2.0, 0.56, 0.0, 0.59, 0.0, 0.94, 0.0, 2.23, 0.0, 0.0], [0.0, 0.4, 0.0, 0.12, 359.15, 359.16, 0.0, 1.0], [0.2, 25.0, 0.0, 0.0])
(60669486, [2.0, 0.56, 0.0, 0.59, 0.0, 0.95, 0.0, 2.24, 0.0, 0.0], [0.0, 0.4, 0.0, 0.12, 359.14, 359.16, 0.0, 1.0], [0.2, 25.0, 0.0, 0.0])
(60770287, [2.0, 0.56, 0.0, 0.59, 0.0, 0.95, 0.0, 2.24, 0.0, 0.0], [0.0, 0.4, 0.0, 0.12, 359.15, 359.16, 0.0, 1.0], [0.2, 25.0, 0.0, 0.0])
(60870035, [2.0, 0.56, 0.0, 0.59, 0.0, 0.95, 0.0, 2.69, 0.0, 0.0], [0.0, 0.4, 0.0, 0.12, 359.14, 359.16, 0.0, 1.0], [0.2, 25.0, 0.0, 0.0])
(60969943, [2.0, 0.56, 0.0, 0.59, 0.0, 0.97, 0.0, 2.44, 0.0, 0.0], [0.0, 0.4, 0.0, 0.12, 359.14, 359.16, 0.0, 1.0], [0.2, 25.0, 0.0, 0.0])
(61069567, [2.0, 0.56, 0.0, 0.59, 0.0, 0.96, 0.0, 2.37, 0.0, 0.0], [0.0, 0.4, 0.0, 0.12, 359.15, 359.16, 0.0, 1.0], [0.2, 25.0, 0.0, 0.0])
(61169664, [2.0, 0.56, 0.0, 0.59, 0.0, 0.95, 0.0, 2.33, 0.0, 0.0], [0.0, 0.4, 0.0, 0.12, 359.14, 359.16, 0.0, 1.0], [0.2, 25.0, 0.0, 0.0])
(61269375, [2.0, 0.56, 0.0, 0.59, 0.0, 0.94, 0.0, 2.3, 0.0, 0.0], [0.0, 0.4, 0.0, 0.12, 359.14, 359.16, 0.0, 1.0], [0.2, 25.0, 0.0, 0.0])
(61369546, [2.0, 0.56, 0.0, 0.59, 0.0, 0.93, 0.0, 2.26, 0.0, 0.0], [0.0, 0.4, 0.0, 0.12, 359.15, 359.16, 0.0, 1.0], [0.2, 25.0, 0.0, 0.0])
(61469475, [2.0, 0.56, 0.0, 0.59, 0.0, 0.93, 0.0, 2.24, 0.0, 0.0], [0.0, 0.4, 0.0, 0.12, 359.15, 359.16, 0.0, 1.0], [0.2, 25.0, 0.0, 0.0])
(61593671, [2.0, 0.56, 0.0, 0.59, 0.0, 0.93, 0.0, 2.25, 0.0, 0.0], [0.0, 0.4, 0.0, 0.12, 359.15, 359.16, 0.0, 1.0], [0.2, 25.0, 0.0, 0.0])
(61693763, [2.0, 0.56, 0.0, 0.59, 0.0, 2.41, 0.0, 2.24, 0.0, 0.0], [0.0, 0.4, 0.0, 0.12, 359.15, 359.16, 0.0, 1.0], [0.2, 25.0, 0.0, 0.0])
(61795478, [2.0, 0.56, 0.0, 0.59, 0.0, 2.8, 0.0, 2.24, 0.0, 0.0], [0.0, 0.39, 0.0, 0.12, 359.15, 359.15, 0.0, 1.0], [0.2, 25.0, 0.0, 0.0])
(61895412, [2.0, 0.56, 0.0, 0.59, 0.0, 2.17, 0.0, 2.22, 0.0, 0.0], [0.0, 0.39, 0.0, 0.12, 359.15, 359.15, 0.0, 1.0], [0.2, 25.0, 0.0, 0.0])
(61995402, [2.0, 0.56, 0.0, 0.59, 0.0, 2.17, 0.0, 2.23, 0.0, 0.0], [-1.11, 0.39, 0.65, 0.12, 359.15, 359.16, 0.0, 1.0], [0.2, 25.0, 0.0, 0.0])
(62095516, [2.0, 0.56, 0.0, 0.59, 0.0, 2.07, 0.0, 2.24, 0.0, 0.0], [-2.46, 0.39, 1.35, 0.12, 359.15, 359.15, 0.0, 1.0], [0.2, 25.0, 0.0, 0.0])
(62195418, [2.0, 0.56, 0.0, 0.59, 0.0, 1.7, 0.0, 2.24, 0.0, 0.0], [-3.08, 0.39, 1.69, 0.12, 359.15, 359.15, 0.0, 1.0], [0.2, 25.0, 0.0, 0.0])
(62295659, [2.0, 0.56, 0.0, 0.59, 0.0, 1.44, 0.0, 2.24, 0.0, 0.0], [-3.39, 0.39, 1.86, 0.12, 359.15, 359.15, 0.0, 1.0], [0.2, 25.0, 0.0, 0.0])
(62395381, [2.0, 0.56, 0.0, 0.59, 0.0, 1.27, 0.0, 2.24, 0.0, 0.0], [-3.54, 0.39, 1.95, 0.11, 359.15, 359.15, 0.0, 1.0], [0.2, 25.0, 0.0, 0.0])
(62495362, [2.0, 0.56, 0.0, 0.59, 0.0, 1.09, 0.0, 2.24, 0.0, 0.0], [-3.62, 0.39, 1.99, 0.11, 359.15, 359.15, 0.0, 1.0], [0.2, 25.0, 0.0, 0.0])
(62595412, [2.0, 0.56, 0.0, 0.59, 0.0, 1.04, 0.0, 2.24, 0.0, 0.0], [-3.66, 0.39, 2.01, 0.11, 359.15, 359.15, 0.0, 1.0], [0.2, 25.0, 0.0, 0.0])
(62695751, [2.0, 0.56, 0.0, 0.59, 0.0, 1.01, 0.0, 2.23, 0.0, 0.0], [-3.64, 0.39, 2.02, 0.11, 359.15, 359.15, 0.0, 1.0], [0.2, 25.0, 0.0, 0.0])
(62795427, [2.0, 0.56, 0.0, 0.59, 0.0, 0.98, 0.0, 2.23, 0.0, 0.0], [-3.67, 0.39, 2.01, 0.11, 359.15, 359.15, 0.0, 1.0], [0.2, 25.0, 0.0, 0.0])
(62895887, [2.0, 0.56, 0.0, 0.59, 0.0, 0.96, 0.0, 2.24, 0.0, 0.0], [-3.76, 0.39, 1.99, 0.11, 359.15, 359.15, 0.0, 1.0], [0.2, 25.0, 0.0, 0.0])
(62995168, [2.0, 0.56, 0.0, 0.59, 0.0, 0.96, 0.0, 2.22, 0.0, 0.0], [-3.7, 0.39, 1.96, 0.11, 359.15, 359.15, 0.0, 1.0], [0.2, 25.0, 0.0, 0.0])
(63108653, [2.0, 0.56, 0.0, 0.59, 0.0, 0.96, 0.0, 2.23, 0.0, 0.0], [-3.77, 0.39, 1.94, 0.1, 359.15, 359.15, 0.0, 1.0], [0.2, 25.0, 0.0, 0.0])
(63211778, [2.0, 0.56, 0.0, 0.59, 0.0, 0.96, 0.0, 2.23, 0.0, 0.0], [-3.79, 0.4, 1.93, 0.1, 359.15, 359.14, 0.0, 1.0], [0.2, 25.0, 0.0, 0.0])
(63310134, [2.0, 0.56, 0.0, 0.59, 0.0, 0.96, 0.0, 2.23, 0.0, 0.0], [-3.78, 0.39, 1.93, 0.1, 359.15, 359.14, 0.0, 1.0], [0.2, 25.0, 0.0, 0.0])
(63410268, [2.0, 0.56, 0.0, 0.59, 0.0, 0.96, 0.0, 2.23, 0.0, 0.0], [-3.78, 0.39, 1.93, 0.1, 359.15, 359.14, 0.0, 1.0], [0.2, 25.0, 0.0, 0.0])
(63510212, [2.0, 0.56, 0.0, 0.59, 0.0, 0.96, 0.0, 2.23, 0.0, 0.0], [-3.78, 0.39, 1.93, 0.1, 359.15, 359.14, 0.0, 1.0], [0.2, 25.0, 0.0, 0.0])
(63614159, [2.0, 0.56, 0.0, 0.59, 0.0, 0.96, 0.0, 2.24, 0.0, 0.0], [-3.82, 0.4, 1.93, 0.1, 359.15, 359.13, 0.0, 1.0], [0.2, 25.0, 0.0, 0.0])
(63715458, [2.0, 0.56, 0.0, 0.59, 0.0, 0.96, 0.0, 2.23, 0.0, 0.0], [-3.76, 0.4, 1.93, 0.09, 359.15, 359.14, 0.0, 1.0], [0.2, 25.0, 0.0, 0.0])
(63815542, [2.0, 0.56, 0.0, 0.59, 0.0, 2.42, 0.0, 2.23, 0.0, 0.0], [-3.72, 0.4, 1.98, 0.09, 359.15, 359.13, 0.0, 1.0], [0.2, 25.0, 0.0, 0.0])
(63918753, [2.0, 0.56, 0.0, 0.59, 0.0, 3.07, 0.0, 2.23, 0.0, 0.0], [-3.7, 0.4, 2.0, 0.1, 359.15, 359.13, 0.0, 1.0], [0.2, 25.0, 0.0, 0.0])
(64018779, [2.0, 0.56, 0.0, 0.59, 0.0, 2.37, 0.0, 2.23, 0.0, 0.0], [-3.69, 0.4, 2.02, 0.1, 359.15, 359.13, 0.0, 1.0], [0.2, 25.0, 0.0, 0.0])
(64118972, [2.0, 0.56, 0.0, 0.59, 0.0, 1.89, 0.0, 2.24, 0.0, 0.0], [-3.71, 0.4, 2.02, 0.09, 359.15, 359.13, 0.0, 1.0], [0.2, 25.0, 0.0, 0.0])
(64218745, [2.0, 0.56, 0.0, 0.59, 0.0, 1.57, 0.0, 2.24, 0.0, 0.0], [-3.72, 0.4, 2.03, 0.1, 359.15, 359.14, 0.0, 1.0], [0.2, 25.0, 0.0, 0.0])
(64325732, [2.0, 0.56, 0.0, 0.59, 0.0, 1.37, 0.0, 2.25, 0.0, 0.0], [-3.75, 0.4, 2.03, 0.09, 359.15, 359.14, 0.0, 1.0], [0.2, 25.0, 0.0, 0.0])
(64426268, [2.0, 0.56, 0.0, 0.59, 0.0, 1.22, 0.0, 2.24, 0.0, 0.0], [-3.68, 0.4, 2.03, 0.1, 359.15, 359.13, 0.0, 1.0], [0.2, 25.0, 0.0, 0.0])
(64525721, [2.0, 0.56, 0.0, 0.59, 0.0, 1.22, 0.0, 2.23, 0.0, 0.0], [-3.65, 0.4, 2.03, 0.1, 359.15, 359.13, 0.0, 1.0], [0.2, 25.0, 0.0, 0.0])
(64625882, [2.0, 0.56, 0.0, 0.59, 0.0, 2.01, 0.0, 2.23, 0.0, 0.0], [-3.66, 0.4, 2.03, 0.1, 359.15, 359.13, 0.0, 1.0], [0.2, 25.0, 0.0, 0.0])
(64725757, [2.0, 0.56, 0.0, 0.59, 0.0, 1.65, 0.0, 2.23, 0.0, 0.0], [-3.67, 0.4, 2.03, 0.1, 359.15, 359.13, 0.0, 1.0], [0.2, 25.0, 0.0, 0.0])
(64825758, [2.0, 0.56, 0.0, 0.59, 0.0, 1.42, 0.0, 2.23, 0.0, 0.0], [-3.68, 0.4, 2.03, 0.1, 359.15, 359.13, 0.0, 1.0], [0.2, 25.0, 0.0, 0.0])
(64925733, [2.0, 0.56, 0.0, 0.59, 0.0, 1.26, 0.0, 2.24, 0.0, 0.0], [-3.73, 0.4, 2.03, 0.1, 359.15, 359.13, 0.0, 1.0], [0.2, 25.0, 0.0, 0.0])
(65025657, [2.0, 0.56, 0.0, 0.59, 0.0, 1.16, 0.0, 2.24, 0.0, 0.0], [-3.71, 0.4, 2.03, 0.1, 359.15, 359.14, 0.0, 1.0], [0.2, 25.0, 0.0, 0.0])
(65126035, [2.0, 0.56, 0.0, 0.59, 0.0, 1.09, 0.0, 2.24, 0.0, 0.0], [-3.71, 0.4, 2.03, 0.1, 359.15, 359.13, 0.0, 1.0], [0.2, 25.0, 0.0, 0.0])
(65225757, [2.0, 0.56, 0.0, 0.59, 0.0, 1.04, 0.0, 2.24, 0.0, 0.0], [-3.7, 0.4, 2.03, 0.1, 359.15, 359.13, 0.0, 1.0], [0.2, 25.0, 0.0, 0.0])
(65325660, [2.0, 0.56, 0.0, 0.59, 0.0, 1.04, 0.0, 2.24, 0.0, 0.0], [-3.7, 0.4, 2.03, 0.1, 359.15, 359.13, 0.0, 1.0], [0.2, 25.0, 0.0, 0.0])
(65425741, [2.0, 0.56, 0.0, 0.59, 0.0, 2.46, 0.0, 2.23, 0.0, 0.0], [-3.65, 0.4, 2.03, 0.1, 359.15, 359.13, 0.0, 1.0], [0.2, 25.0, 0.0, 0.0])
(65525776, [2.0, 0.56, 0.0, 0.59, 0.0, 2.84, 0.0, 2.24, 0.0, 0.0], [-3.72, 0.4, 2.03, 0.1, 359.15, 359.12, 0.0, 1.0], [0.2, 25.0, 0.0, 0.0])
(65625768, [2.0, 0.56, 0.0, 0.59, 0.0, 1.77, 0.0, 2.24, 0.0, 0.0], [-3.7, 0.41, 2.03, 0.09, 359.15, 359.12, 0.0, 1.0], [0.2, 25.0, 0.0, 0.0])
(65726239, [2.0, 0.56, 0.0, 0.59, 0.0, 1.77, 0.0, 2.24, 0.0, 0.0], [-3.7, 0.4, 2.03, 0.09, 359.15, 359.12, 0.0, 1.0], [0.2, 25.0, 0.0, 0.0])
(65826273, [2.0, 0.56, 0.0, 0.59, 0.0, 1.49, 0.0, 2.24, 0.0, 0.0], [-3.69, 0.4, 2.03, 0.09, 359.15, 359.12, 0.0, 1.0], [0.2, 25.0, 0.0, 0.0])
(65926201, [2.0, 0.56, 0.0, 0.59, 0.0, 1.31, 0.0, 2.25, 0.0, 0.0], [-3.74, 0.4, 2.03, 0.09, 359.15, 359.12, 0.0, 1.0], [0.2, 25.0, 0.0, 0.0])
(66026179, [2.0, 0.56, 0.0, 0.59, 0.0, 1.18, 0.0, 2.23, 0.0, 0.0], [-3.63, 0.4, 2.03, 0.09, 359.15, 359.12, 0.0, 1.0], [0.2, 25.0, 0.0, 0.0])
(66126311, [2.0, 0.56, 0.0, 0.59, 0.0, 1.18, 0.0, 2.24, 0.0, 0.0], [-3.7, 0.4, 2.03, 0.08, 359.15, 359.11, 0.0, 1.0], [0.2, 25.0, 0.0, 0.0])
(66226236, [2.0, 0.56, 0.0, 0.59, 0.0, 1.11, 0.0, 2.24, 0.0, 0.0], [-3.69, 0.4, 2.03, 0.08, 359.15, 359.11, 0.0, 1.0], [0.2, 25.0, 0.0, 0.0])
(66326214, [2.0, 0.56, 0.0, 0.59, 0.0, 1.11, 0.0, 2.24, 0.0, 0.0], [-3.69, 0.41, 2.03, 0.08, 359.15, 359.11, 0.0, 1.0], [0.2, 25.0, 0.0, 0.0])
(66427977, [2.0, 0.56, 0.0, 0.59, 0.0, 1.6, 0.0, 2.24, 0.0, 0.0], [-3.69, 0.41, 2.03, 0.09, 359.15, 359.11, 0.0, 1.0], [0.2, 25.0, 0.0, 0.0])
(66526272, [2.0, 0.56, 0.0, 0.59, 0.0, 1.6, 0.0, 2.24, 0.0, 0.0], [-3.68, 0.41, 2.03, 0.09, 359.15, 359.11, 0.0, 1.0], [0.2, 25.0, 0.0, 0.0])
(66626749, [2.0, 0.56, 0.0, 0.59, 0.0, 1.39, 0.0, 2.23, 0.0, 0.0], [-3.63, 0.41, 2.03, 0.09, 359.15, 359.11, 0.0, 1.0], [0.6, 25.0, 0.0, 0.0])
(66726252, [2.0, 0.56, 0.0, 0.59, 0.0, 1.39, 0.0, 2.24, 0.0, 0.0], [-3.7, 0.41, 2.03, 0.09, 359.15, 359.11, 0.0, 1.0], [0.2, 25.0, 0.0, 0.0])
(66827386, [2.0, 0.56, 0.0, 0.59, 0.0, 2.13, 0.0, 2.23, 0.0, 0.0], [-3.65, 0.41, 2.03, 0.09, 359.15, 359.11, 0.0, 1.0], [0.57, 25.0, 0.0, 0.0])
(66926979, [2.0, 0.56, 0.0, 0.59, 0.0, 1.46, 0.0, 2.23, 0.0, 0.0], [-3.66, 0.41, 2.03, 0.09, 359.15, 359.11, 0.0, 1.0], [0.58, 25.0, 0.0, 0.0])
(67026718, [2.0, 0.56, 0.0, 0.59, 0.0, 1.28, 0.0, 2.24, 0.0, 0.0], [-3.72, 0.4, 2.03, 0.09, 359.15, 359.11, 0.0, 1.0], [0.2, 25.0, 0.0, 0.0])
(67127363, [2.0, 0.56, 0.0, 0.59, 0.0, 1.09, 0.0, 2.22, 0.0, 0.0], [-3.63, 0.4, 2.03, 0.1, 359.15, 359.12, 0.0, 1.0], [0.2, 25.0, 0.0, 0.0])
(67226898, [2.0, 0.56, 0.0, 0.59, 0.0, 1.03, 0.0, 2.23, 0.0, 0.0], [-3.69, 0.4, 2.03, 0.1, 359.15, 359.12, 0.0, 1.0], [0.2, 25.0, 0.0, 0.0])
(67327122, [2.0, 0.56, 0.0, 0.59, 0.0, 1.01, 0.0, 2.24, 0.0, 0.0], [-3.73, 0.4, 2.03, 0.1, 359.15, 359.12, 0.0, 1.0], [0.2, 25.0, 0.0, 0.0])
(67426860, [2.0, 0.56, 0.0, 0.59, 0.0, 0.99, 0.0, 2.23, 0.0, 0.0], [-3.66, 0.4, 2.02, 0.09, 359.15, 359.12, 0.0, 1.0], [0.2, 25.0, 0.0, 0.0])
(67527151, [2.0, 0.56, 0.0, 0.59, 0.0, 0.98, 0.0, 2.24, 0.0, 0.0], [-3.71, 0.4, 2.01, 0.1, 359.15, 359.12, 0.0, 1.0], [0.2, 25.0, 0.0, 0.0])
(67626880, [2.0, 0.56, 0.0, 0.59, 0.0, 0.98, 0.0, 2.25, 0.0, 0.0], [-3.79, 0.4, 2.0, 0.1, 359.15, 359.12, 0.0, 1.0], [0.2, 25.0, 0.0, 0.0])
(67726740, [2.0, 0.56, 0.0, 0.59, 0.0, 0.96, 0.0, 2.24, 0.0, 0.0], [-3.74, 0.39, 1.98, 0.1, 359.15, 359.11, 0.0, 1.0], [0.2, 25.0, 0.0, 0.0])
(67827662, [2.0, 0.56, 0.0, 0.59, 0.0, 0.96, 0.0, 2.24, 0.0, 0.0], [-3.76, 0.39, 1.96, 0.09, 359.15, 359.11, 0.0, 1.0], [0.2, 25.0, 0.0, 0.0])
(67926922, [2.0, 0.56, 0.0, 0.59, 0.0, 0.94, 0.0, 2.23, 0.0, 0.0], [-3.74, 0.39, 1.94, 0.09, 359.15, 359.11, 0.0, 1.0], [0.2, 25.0, 0.0, 0.0])
(68027853, [2.0, 0.56, 0.0, 0.59, 0.0, 0.95, 0.0, 2.23, 0.0, 0.0], [-3.77, 0.4, 1.91, 0.08, 359.15, 359.11, 0.0, 1.0], [0.2, 25.0, 0.0, 0.0])
(68126924, [2.0, 0.56, 0.0, 0.59, 0.0, 0.96, 0.0, 2.24, 0.0, 0.0], [-3.82, 0.4, 1.92, 0.09, 359.15, 359.11, 0.0, 1.0], [0.2, 25.0, 0.0, 0.0])
(68226891, [2.0, 0.56, 0.0, 0.59, 0.0, 0.96, 0.0, 2.24, 0.0, 0.0], [-3.81, 0.4, 1.93, 0.09, 359.15, 359.11, 0.0, 1.0], [0.2, 25.0, 0.0, 0.0])
(68326839, [2.0, 0.56, 0.0, 0.59, 0.0, 0.94, 0.0, 2.24, 0.0, 0.0], [-3.82, 0.4, 1.91, 0.09, 359.15, 359.11, 0.0, 1.0], [0.2, 25.0, 0.0, 0.0])
(68427593, [2.0, 0.56, 0.0, 0.59, 0.0, 0.94, 0.0, 2.24, 0.0, 0.0], [-3.83, 0.39, 1.89, 0.09, 359.15, 359.11, 0.0, 1.0], [0.2, 25.0, 0.0, 0.0])
(68526928, [2.0, 0.56, 0.0, 0.59, 0.0, 0.93, 0.0, 2.24, 0.0, 0.0], [-3.85, 0.39, 1.87, 0.1, 359.15, 359.11, 0.0, 1.0], [0.2, 25.0, 0.0, 0.0])
(68627664, [2.0, 0.56, 0.0, 0.59, 0.0, 0.93, 0.0, 2.23, 0.0, 0.0], [-3.82, 0.39, 1.86, 0.09, 359.15, 359.11, 0.0, 1.0], [0.2, 25.0, 0.0, 0.0])
(68727604, [2.0, 0.56, 0.0, 0.59, 0.0, 0.93, 0.0, 2.23, 0.0, 0.0], [-3.84, 0.39, 1.85, 0.09, 359.15, 359.11, 0.0, 1.0], [0.2, 25.0, 0.0, 0.0])
(68827875, [2.0, 0.56, 0.0, 0.59, 0.0, 2.41, 0.0, 2.23, 0.0, 0.0], [-3.78, 0.39, 1.92, 0.09, 359.15, 359.11, 0.0, 1.0], [0.2, 25.0, 0.0, 0.0])
(68927635, [2.0, 0.56, 0.0, 0.59, 0.0, 2.8, 0.0, 2.23, 0.0, 0.0], [-3.73, 0.39, 1.97, 0.1, 359.15, 359.1, 0.0, 1.0], [0.2, 25.0, 0.0, 0.0])
(69029076, [2.0, 0.56, 0.0, 0.59, 0.0, 2.19, 0.0, 2.23, 0.0, 0.0], [-3.71, 0.39, 2.0, 0.1, 359.15, 359.1, 0.0, 1.0], [0.2, 25.0, 0.0, 0.0])
(69128199, [2.0, 0.56, 0.0, 0.59, 0.0, 1.78, 0.0, 2.23, 0.0, 0.0], [-3.69, 0.39, 2.02, 0.1, 359.15, 359.1, 0.0, 1.0], [0.2, 25.0, 0.0, 0.0])
(69228369, [2.0, 0.56, 0.0, 0.59, 0.0, 1.78, 0.0, 2.24, 0.0, 0.0], [-3.71, 0.39, 2.02, 0.1, 359.15, 359.1, 0.0, 1.0], [0.2, 25.0, 0.0, 0.0])
(69327942, [2.0, 0.56, 0.0, 0.59, 0.0, 1.51, 0.0, 2.24, 0.0, 0.0], [-3.72, 0.39, 2.03, 0.1, 359.15, 359.1, 0.0, 1.0], [0.2, 25.0, 0.0, 0.0])
(69428115, [2.0, 0.56, 0.0, 0.59, 0.0, 1.2, 0.0, 2.24, 0.0, 0.0], [-3.7, 0.39, 2.03, 0.1, 359.15, 359.1, 0.0, 1.0], [0.2, 25.0, 0.0, 0.0])
(69528094, [2.0, 0.56, 0.0, 0.59, 0.0, 1.2, 0.0, 2.25, 0.0, 0.0], [-3.75, 0.39, 2.03, 0.09, 359.15, 359.1, 0.0, 1.0], [0.2, 25.0, 0.0, 0.0])
(69627994, [2.0, 0.56, 0.0, 0.59, 0.0, 2.0, 0.0, 2.24, 0.0, 0.0], [-3.68, 0.39, 2.03, 0.09, 359.15, 359.09, 0.0, 1.0], [0.2, 25.0, 0.0, 0.0])
(69727972, [2.0, 0.56, 0.0, 0.59, 0.0, 2.53, 0.0, 2.24, 0.0, 0.0], [-3.69, 0.39, 2.03, 0.09, 359.15, 359.09, 0.0, 1.0], [0.2, 25.0, 0.0, 0.0])
(69828382, [2.0, 0.56, 0.0, 0.59, 0.0, 2.0, 0.0, 2.24, 0.0, 0.0], [-3.69, 0.39, 2.03, 0.09, 359.15, 359.1, 0.0, 1.0], [0.2, 25.0, 0.0, 0.0])
(69928383, [2.0, 0.56, 0.0, 0.59, 0.0, 1.64, 0.0, 2.23, 0.0, 0.0], [-3.64, 0.39, 2.03, 0.09, 359.15, 359.1, 0.0, 1.0], [0.2, 25.0, 0.0, 0.0])
(70028190, [2.0, 0.56, 0.0, 0.59, 0.0, 1.41, 0.0, 2.24, 0.0, 0.0], [-3.7, 0.39, 2.03, 0.1, 359.15, 359.1, 0.0, 1.0], [0.2, 25.0, 0.0, 0.0])
(70130965, [2.0, 0.56, 0.0, 0.59, 0.0, 1.24, 0.0, 2.24, 0.0, 0.0], [-3.69, 0.38, 2.03, 0.09, 359.15, 359.1, 0.0, 1.0], [0.2, 25.0, 0.0, 0.0])
(70232536, [2.0, 0.56, 0.0, 0.59, 0.0, 1.15, 0.0, 2.24, 0.0, 0.0], [-3.69, 0.38, 2.03, 0.09, 359.15, 359.1, 0.0, 1.0], [0.2, 25.0, 0.0, 0.0])
(70331885, [2.0, 0.56, 0.0, 0.59, 0.0, 1.07, 0.0, 2.23, 0.0, 0.0], [-3.74, 0.38, 2.03, 0.09, 359.15, 359.09, 0.0, 1.0], [0.2, 25.0, 0.0, 0.0])
(70432015, [2.0, 0.56, 0.0, 0.59, 0.0, 1.04, 0.0, 2.24, 0.0, 0.0], [-3.71, 0.38, 2.03, 0.09, 359.15, 359.09, 0.0, 1.0], [0.2, 25.0, 0.0, 0.0])
(70531888, [2.0, 0.56, 0.0, 0.59, 0.0, 1.04, 0.0, 2.24, 0.0, 0.0], [-3.7, 0.38, 2.03, 0.1, 359.15, 359.09, 0.0, 1.0], [0.2, 25.0, 0.0, 0.0])
(70631910, [2.0, 0.56, 0.0, 0.59, 0.0, 1.89, 0.0, 2.24, 0.0, 0.0], [-3.69, 0.38, 2.03, 0.09, 359.15, 359.09, 0.0, 1.0], [0.2, 25.0, 0.0, 0.0])
(70732579, [2.0, 0.56, 0.0, 0.59, 0.0, 2.84, 0.0, 2.25, 0.0, 0.0], [-3.74, 0.38, 2.03, 0.09, 359.15, 359.08, 0.0, 1.0], [0.2, 25.0, 0.0, 0.0])
(70833845, [2.0, 0.56, 0.0, 0.59, 0.0, 2.2, 0.0, 2.25, 0.0, 0.0], [-3.72, 0.38, 2.03, 0.1, 359.15, 359.08, 0.0, 1.0], [0.2, 25.0, 0.0, 0.0])
(70933922, [2.0, 0.56, 0.0, 0.59, 0.0, 1.78, 0.0, 2.24, 0.0, 0.0], [-3.67, 0.38, 2.03, 0.09, 359.15, 359.08, 0.0, 1.0], [0.2, 25.0, 0.0, 0.0])
(71033722, [2.0, 0.56, 0.0, 0.59, 0.0, 1.78, 0.0, 2.23, 0.0, 0.0], [-3.63, 0.38, 2.03, 0.09, 359.15, 359.07, 0.0, 1.0], [0.2, 25.0, 0.0, 0.0])
(71134490, [2.0, 0.56, 0.0, 0.59, 0.0, 1.33, 0.0, 2.23, 0.0, 0.0], [-3.65, 0.38, 2.03, 0.09, 359.15, 359.07, 0.0, 1.0], [0.2, 25.0, 0.0, 0.0])
(71238776, [2.0, 0.56, 0.0, 0.59, 0.0, 1.19, 0.0, 2.23, 0.0, 0.0], [-3.68, 0.38, 2.03, 0.09, 359.15, 359.06, 0.0, 1.0], [0.2, 25.0, 0.0, 0.0])
(71339927, [2.0, 0.56, 0.0, 0.59, 0.0, 1.19, 0.0, 2.24, 0.0, 0.0], [-3.73, 0.38, 2.03, 0.09, 359.15, 359.06, 0.0, 1.0], [0.2, 25.0, 0.0, 0.0])
(71440375, [2.0, 0.56, 0.0, 0.59, 0.0, 1.06, 0.0, 2.24, 0.0, 0.0], [-3.71, 0.38, 2.03, 0.09, 359.15, 359.05, 0.0, 1.0], [0.2, 25.0, 0.0, 0.0])
(71540433, [2.0, 0.56, 0.0, 0.59, 0.0, 1.02, 0.0, 2.24, 0.0, 0.0], [-3.7, 0.38, 2.03, 0.09, 359.15, 359.05, 0.0, 1.0], [0.2, 25.0, 0.0, 0.0])
(71640388, [2.0, 0.56, 0.0, 0.59, 0.0, 0.99, 0.0, 2.24, 0.0, 0.0], [-3.71, 0.38, 2.02, 0.09, 359.15, 359.05, 0.0, 1.0], [0.2, 25.0, 0.0, 0.0])
(71741868, [2.0, 0.56, 0.0, 0.59, 0.0, 0.99, 0.0, 2.24, 0.0, 0.0], [-3.71, 0.38, 2.01, 0.09, 359.15, 359.05, 0.0, 1.0], [0.2, 25.0, 0.0, 0.0])
(71842468, [2.0, 0.56, 0.0, 0.59, 0.0, 0.98, 0.0, 2.24, 0.0, 0.0], [-3.72, 0.38, 2.0, 0.08, 359.15, 359.05, 0.0, 1.0], [0.2, 25.0, 0.0, 0.0])
(71941988, [2.0, 0.56, 0.0, 0.59, 0.0, 0.98, 0.0, 2.24, 0.0, 0.0], [-3.73, 0.38, 1.99, 0.08, 359.15, 359.05, 0.0, 1.0], [0.2, 25.0, 0.0, 0.0])
(72041940, [2.0, 0.56, 0.0, 0.59, 0.0, 0.96, 0.0, 2.25, 0.0, 0.0], [-3.75, 0.39, 1.97, 0.08, 359.15, 359.04, 0.0, 1.0], [0.2, 25.0, 0.0, 0.0])
(72142007, [2.0, 0.56, 0.0, 0.59, 0.0, 0.95, 0.0, 2.25, 0.0, 0.0], [-3.81, 0.39, 1.94, 0.08, 359.15, 359.04, 0.0, 1.0], [0.2, 25.0, 0.0, 0.0])
(72241919, [2.0, 0.56, 0.0, 0.59, 0.0, 0.95, 0.0, 2.24, 0.0, 0.0], [-3.78, 0.39, 1.92, 0.08, 359.15, 359.04, 0.0, 1.0], [0.2, 25.0, 0.0, 0.0])
(72342012, [2.0, 0.56, 0.0, 0.59, 0.0, 0.95, 0.0, 2.25, 0.0, 0.0], [-3.85, 0.39, 1.91, 0.07, 359.15, 359.04, 0.0, 1.0], [0.2, 25.0, 0.0, 0.0])
(72442864, [2.0, 0.56, 0.0, 0.59, 0.0, 0.95, 0.0, 2.24, 0.0, 0.0], [-3.8, 0.39, 1.91, 0.07, 359.15, 359.03, 0.0, 1.0], [0.2, 25.0, 0.0, 0.0])
(72544115, [2.0, 0.56, 0.0, 0.59, 0.0, 0.95, 0.0, 2.25, 0.0, 0.0], [-3.86, 0.39, 1.91, 0.07, 359.15, 359.03, 0.0, 1.0], [0.2, 25.0, 0.0, 0.0])
(72644821, [2.0, 0.56, 0.0, 0.59, 0.0, 0.96, 0.0, 2.24, 0.0, 0.0], [-3.78, 0.39, 1.92, 0.07, 359.15, 359.03, 0.0, 1.0], [0.2, 25.0, 0.0, 0.0])
(72744794, [2.0, 0.56, 0.0, 0.59, 0.0, 0.96, 0.0, 2.25, 0.0, 0.0], [-3.83, 0.39, 1.92, 0.07, 359.15, 359.03, 0.0, 1.0], [0.2, 25.0, 0.0, 0.0])
(72844795, [2.0, 0.56, 0.0, 0.59, 0.0, 0.95, 0.0, 2.24, 0.0, 0.0], [-3.79, 0.39, 1.91, 0.06, 359.15, 359.03, 0.0, 1.0], [0.2, 25.0, 0.0, 0.0])
(72944600, [2.0, 0.56, 0.0, 0.59, 0.0, 0.95, 0.0, 2.24, 0.0, 0.0], [-3.8, 0.39, 1.91, 0.06, 359.15, 359.03, 0.0, 1.0], [0.2, 25.0, 0.0, 0.0])
(73045600, [2.0, 0.56, 0.0, 0.59, 0.0, 1.83, 0.0, 2.24, 0.0, 0.0], [-3.78, 0.39, 1.93, 0.06, 359.15, 359.03, 0.0, 1.0], [0.2, 25.0, 0.0, 0.0])
(73145780, [2.0, 0.56, 0.0, 0.59, 0.0, 1.54, 0.0, 2.23, 0.0, 0.0], [-3.69, 0.39, 1.98, 0.06, 359.15, 359.03, 0.0, 1.0], [0.2, 25.0, 0.0, 0.0])
(73245765, [2.0, 0.56, 0.0, 0.59, 0.0, 1.54, 0.0, 2.24, 0.0, 0.0], [-3.74, 0.39, 2.01, 0.06, 359.15, 359.03, 0.0, 1.0], [0.2, 25.0, 0.0, 0.0])
(73345555, [2.0, 0.56, 0.0, 0.59, 0.0, 1.81, 0.0, 2.21, 0.0, 0.0], [-3.62, 0.39, 2.02, 0.07, 359.15, 359.03, 0.0, 1.0], [0.2, 25.0, 0.0, 0.0])
(73445581, [2.0, 0.56, 0.0, 0.59, 0.0, 1.81, 0.0, 2.21, 0.0, 0.0], [-3.62, 0.38, 2.02, 0.07, 359.15, 359.03, 0.0, 1.0], [0.2, 25.0, 0.0, 0.0])
(73545986, [2.0, 0.56, 0.0, 0.59, 0.0, 1.52, 0.0, 2.22, 0.0, 0.0], [-3.68, 0.38, 2.03, 0.07, 359.15, 359.03, 0.0, 1.0], [0.2, 25.0, 0.0, 0.0])
(73646924, [2.0, 0.56, 0.0, 0.59, 0.0, 1.52, 0.0, 2.23, 0.0, 0.0], [-3.73, 0.38, 2.03, 0.07, 359.15, 359.03, 0.0, 1.0], [0.2, 25.0, 0.0, 0.0])
(73747355, [2.0, 0.56, 0.0, 0.59, 0.0, 1.32, 0.0, 2.22, 0.0, 0.0], [-3.66, 0.38, 2.03, 0.08, 359.15, 359.03, 0.0, 1.0], [0.2, 25.0, 0.0, 0.0])
(73847355, [2.0, 0.56, 0.0, 0.59, 0.0, 1.19, 0.0, 2.23, 0.0, 0.0], [-3.71, 0.38, 2.03, 0.08, 359.15, 359.03, 0.0, 1.0], [0.2, 25.0, 0.0, 0.0])
(73947865, [2.0, 0.56, 0.0, 0.59, 0.0, 1.11, 0.0, 2.23, 0.0, 0.0], [-3.7, 0.38, 2.03, 0.08, 359.15, 359.03, 0.0, 1.0], [0.2, 25.0, 0.0, 0.0])
(74047870, [2.0, 0.56, 0.0, 0.59, 0.0, 1.05, 0.0, 2.23, 0.0, 0.0], [-3.69, 0.38, 2.03, 0.08, 359.15, 359.02, 0.0, 1.0], [0.2, 25.0, 0.0, 0.0])
(74148756, [2.0, 0.56, 0.0, 0.59, 0.0, 1.02, 0.0, 2.24, 0.0, 0.0], [-3.73, 0.38, 2.03, 0.08, 359.15, 359.02, 0.0, 1.0], [0.2, 25.0, 0.0, 0.0])
(74248469, [2.0, 0.56, 0.0, 0.59, 0.0, 0.99, 0.0, 2.24, 0.0, 0.0], [-3.72, 0.38, 2.02, 0.08, 359.15, 359.01, 0.0, 1.0], [0.2, 25.0, 0.0, 0.0])
(74348239, [2.0, 0.56, 0.0, 0.59, 0.0, 0.97, 0.0, 2.23, 0.0, 0.0], [-3.69, 0.38, 1.99, 0.08, 359.15, 359.01, 0.0, 1.0], [0.2, 25.0, 0.0, 0.0])
(74448445, [2.0, 0.56, 0.0, 0.59, 0.0, 0.97, 0.0, 2.23, 0.0, 0.0], [-3.72, 0.38, 1.97, 0.08, 359.15, 359.01, 0.0, 1.0], [0.2, 25.0, 0.0, 0.0])
(74548363, [2.0, 0.56, 0.0, 0.59, 0.0, 0.97, 0.0, 2.24, 0.0, 0.0], [-3.79, 0.38, 1.96, 0.08, 359.15, 359.0, 0.0, 1.0], [0.2, 25.0, 0.0, 0.0])
(74648125, [2.0, 0.56, 0.0, 0.59, 0.0, 0.97, 0.0, 2.24, 0.0, 0.0], [-3.78, 0.38, 1.96, 0.08, 359.15, 359.0, 0.0, 1.0], [0.2, 25.0, 0.0, 0.0])
(74749313, [2.0, 0.56, 0.0, 0.59, 0.0, 0.96, 0.0, 2.24, 0.0, 0.0], [-3.79, 0.38, 1.95, 0.07, 359.15, 359.0, 0.0, 1.0], [0.2, 25.0, 0.0, 0.0])
(74849790, [2.0, 0.56, 0.0, 0.59, 0.0, 0.95, 0.0, 2.24, 0.0, 0.0], [-3.8, 0.38, 1.93, 0.07, 359.15, 358.99, 0.0, 1.0], [0.2, 25.0, 0.0, 0.0])
(74948971, [2.0, 0.56, 0.0, 0.59, 0.0, 0.95, 0.0, 2.24, 0.0, 0.0], [-3.81, 0.38, 1.91, 0.08, 359.15, 358.99, 0.0, 1.0], [0.2, 25.0, 0.0, 0.0])
(75048987, [2.0, 0.56, 0.0, 0.59, 0.0, 0.95, 0.0, 2.54, 0.0, 0.0], [-4.42, 0.38, 1.84, 0.08, 359.15, 358.99, 0.0, 1.0], [0.2, 25.0, 0.0, 0.0])
(75150324, [2.0, 0.56, 0.0, 0.59, 0.0, 0.95, 0.0, 2.44, 0.0, 0.0], [-3.83, 0.37, 1.87, 0.08, 359.15, 358.99, 0.0, 1.0], [0.2, 25.0, 0.0, 0.0])
(75250583, [2.0, 0.56, 0.0, 0.59, 0.0, 0.94, 0.0, 2.37, 0.0, 0.0], [-3.89, 0.37, 1.88, 0.08, 359.15, 358.98, 0.0, 1.0], [0.2, 25.0, 0.0, 0.0])
(75349973, [2.0, 0.56, 0.0, 0.59, 0.0, 0.94, 0.0, 2.32, 0.0, 0.0], [-3.67, 0.37, 1.88, 0.08, 359.15, 358.99, 0.0, 1.0], [0.2, 25.0, 0.0, 0.0])
(75449988, [2.0, 0.56, 0.0, 0.59, 0.0, 0.95, 0.0, 2.29, 0.0, 0.0], [-3.7, 0.37, 1.88, 0.08, 359.15, 358.98, 0.0, 1.0], [0.2, 25.0, 0.0, 0.0])
(75550543, [2.0, 0.56, 0.0, 0.59, 0.0, 0.95, 0.0, 2.29, 0.0, 0.0], [-3.78, 0.37, 1.89, 0.07, 359.15, 358.98, 0.0, 1.0], [0.2, 25.0, 0.0, 0.0])
(75650032, [2.0, 0.56, 0.0, 0.59, 0.0, 0.93, 0.0, 3.01, 0.0, 0.0], [-4.63, 0.37, 1.77, 0.07, 359.15, 358.98, 0.0, 1.0], [0.2, 25.0, 0.0, 0.0])
(75750380, [2.0, 0.56, 0.0, 0.59, 0.0, 0.92, 0.0, 2.75, 0.0, 0.0], [-4.37, 0.37, 1.79, 0.07, 359.15, 358.97, 0.0, 1.0], [0.2, 25.0, 0.0, 0.0])
(75851027, [2.0, 0.56, 0.0, 0.59, 0.0, 0.92, 0.0, 2.47, 0.0, 0.0], [-3.87, 0.37, 1.8, 0.08, 359.15, 358.97, 0.0, 1.0], [0.2, 25.0, 0.0, 0.0])
(75950446, [2.0, 0.56, 0.0, 0.59, 0.0, 0.94, 0.0, 2.39, 0.0, 0.0], [-3.71, 0.37, 1.83, 0.08, 359.15, 358.97, 0.0, 1.0], [0.2, 25.0, 0.0, 0.0])
(76050847, [2.0, 0.56, 0.0, 0.59, 0.0, 0.95, 0.0, 2.35, 0.0, 0.0], [-3.72, 0.37, 1.86, 0.08, 359.15, 358.97, 0.0, 1.0], [0.2, 25.0, 0.0, 0.0])
(76150781, [2.0, 0.56, 0.0, 0.59, 0.0, 0.94, 0.0, 2.35, 0.0, 0.0], [-3.82, 0.37, 1.87, 0.08, 359.15, 358.96, 0.0, 1.0], [0.2, 25.0, 0.0, 0.0])
(76250387, [2.0, 0.56, 0.0, 0.59, 0.0, 0.94, 0.0, 2.3, 0.0, 0.0], [-3.71, 0.38, 1.87, 0.08, 359.15, 358.97, 0.0, 1.0], [0.2, 25.0, 0.0, 0.0])
(76350380, [2.0, 0.56, 0.0, 0.59, 0.0, 0.95, 0.0, 2.26, 0.0, 0.0], [-3.8, 0.37, 1.87, 0.09, 359.15, 358.96, 0.0, 1.0], [0.2, 25.0, 0.0, 0.0])
(76450395, [2.0, 0.56, 0.0, 0.59, 0.0, 0.95, 0.0, 2.25, 0.0, 0.0], [-3.68, 0.37, 1.89, 0.09, 359.15, 358.96, 0.0, 1.0], [0.2, 25.0, 0.0, 0.0])
(76550958, [2.0, 0.56, 0.0, 0.59, 0.0, 0.95, 0.0, 2.24, 0.0, 0.0], [-3.76, 0.37, 1.9, 0.09, 359.15, 358.96, 0.0, 1.0], [0.2, 25.0, 0.0, 0.0])
(76650972, [2.0, 0.56, 0.0, 0.59, 0.0, 0.95, 0.0, 2.24, 0.0, 0.0], [-3.76, 0.37, 1.9, 0.09, 359.15, 358.96, 0.0, 1.0], [0.2, 25.0, 0.0, 0.0])
(76751016, [2.0, 0.56, 0.0, 0.59, 0.0, 0.96, 0.0, 2.22, 0.0, 0.0], [-3.79, 0.38, 1.9, 0.09, 359.15, 358.96, 0.0, 1.0], [0.2, 25.0, 0.0, 0.0])
(76851047, [2.0, 0.56, 0.0, 0.59, 0.0, 0.96, 0.0, 2.21, 0.0, 0.0], [-3.67, 0.37, 1.92, 0.09, 359.15, 358.95, 0.0, 1.0], [0.2, 25.0, 0.0, 0.0])
(76951320, [2.0, 0.56, 0.0, 0.59, 0.0, 0.96, 0.0, 2.22, 0.0, 0.0], [-3.76, 0.38, 1.92, 0.09, 359.15, 358.96, 0.0, 1.0], [0.2, 25.0, 0.0, 0.0])
(77057737, [2.0, 0.56, 0.0, 0.59, 0.0, 0.96, 0.0, 2.23, 0.0, 0.0], [-3.82, 0.38, 1.93, 0.09, 359.15, 358.95, 0.0, 1.0], [0.2, 25.0, 0.0, 0.0])
(77157240, [2.0, 0.56, 0.0, 0.59, 0.0, 0.96, 0.0, 2.24, 0.0, 0.0], [-3.84, 0.38, 1.93, 0.09, 359.15, 358.95, 0.0, 1.0], [0.2, 25.0, 0.0, 0.0])
(77257863, [2.0, 0.56, 0.0, 0.59, 0.0, 0.96, 0.0, 2.24, 0.0, 0.0], [-3.82, 0.38, 1.93, 0.09, 359.15, 358.95, 0.0, 1.0], [0.2, 25.0, 0.0, 0.0])
(77359122, [2.0, 0.56, 0.0, 0.59, 0.0, 0.96, 0.0, 2.23, 0.0, 0.0], [-3.76, 0.38, 1.94, 0.09, 359.15, 358.94, 0.0, 1.0], [0.2, 25.0, 0.0, 0.0])
(77459504, [2.0, 0.56, 0.0, 0.59, 0.0, 0.95, 0.0, 2.21, 0.0, 0.0], [-3.7, 0.38, 1.92, 0.09, 359.15, 358.95, 0.0, 1.0], [0.2, 25.0, 0.0, 0.0])
(77559546, [2.0, 0.56, 0.0, 0.59, 0.0, 0.95, 0.0, 2.23, 0.0, 0.0], [-3.81, 0.38, 1.91, 0.09, 359.15, 358.95, 0.0, 1.0], [0.2, 25.0, 0.0, 0.0])
(77660575, [2.0, 0.56, 0.0, 0.59, 0.0, 0.95, 0.0, 2.24, 0.0, 0.0], [-3.81, 0.38, 1.91, 0.1, 359.15, 358.94, 0.0, 1.0], [0.2, 25.0, 0.0, 0.0])
(77763663, [2.0, 0.56, 0.0, 0.59, 0.0, 0.96, 0.0, 2.24, 0.0, 0.0], [-3.84, 0.39, 1.91, 0.1, 359.15, 358.94, 0.0, 1.0], [0.2, 25.0, 0.0, 0.0])
(77863849, [2.0, 0.56, 0.0, 0.59, 0.0, 0.95, 0.0, 2.24, 0.0, 0.0], [-3.82, 0.38, 1.92, 0.1, 359.15, 358.94, 0.0, 1.0], [0.2, 25.0, 0.0, 0.0])
(77963697, [2.0, 0.56, 0.0, 0.59, 0.0, 0.95, 0.0, 2.25, 0.0, 0.0], [-3.87, 0.38, 1.91, 0.1, 359.15, 358.93, 0.0, 1.0], [0.2, 25.0, 0.0, 0.0])
(78064792, [2.0, 0.56, 0.0, 0.59, 0.0, 1.83, 0.0, 2.23, 0.0, 0.0], [-3.79, 0.39, 1.92, 0.1, 359.15, 358.93, 0.0, 1.0], [0.2, 25.0, 0.0, 0.0])
(78164492, [2.0, 0.56, 0.0, 0.59, 0.0, 1.54, 0.0, 2.24, 0.0, 0.0], [-3.76, 0.39, 1.97, 0.1, 359.15, 358.93, 0.0, 1.0], [0.2, 25.0, 0.0, 0.0])
(78263662, [2.0, 0.56, 0.0, 0.59, 0.0, 1.34, 0.0, 2.23, 0.0, 0.0], [-3.68, 0.39, 2.0, 0.1, 359.15, 358.93, 0.0, 1.0], [0.2, 25.0, 0.0, 0.0])
(78363647, [2.0, 0.56, 0.0, 0.59, 0.0, 1.34, 0.0, 2.23, 0.0, 0.0], [-3.68, 0.39, 2.02, 0.1, 359.15, 358.93, 0.0, 1.0], [0.2, 25.0, 0.0, 0.0])
(78463736, [2.0, 0.56, 0.0, 0.59, 0.0, 1.69, 0.0, 2.24, 0.0, 0.0], [-3.72, 0.39, 2.02, 0.1, 359.15, 358.92, 0.0, 1.0], [0.2, 25.0, 0.0, 0.0])
(78563726, [2.0, 0.56, 0.0, 0.59, 0.0, 1.44, 0.0, 2.24, 0.0, 0.0], [-3.71, 0.39, 2.03, 0.1, 359.15, 358.92, 0.0, 1.0], [0.2, 25.0, 0.0, 0.0])
(78664820, [2.0, 0.56, 0.0, 0.59, 0.0, 1.27, 0.0, 2.24, 0.0, 0.0], [-3.7, 0.39, 2.03, 0.1, 359.15, 358.92, 0.0, 1.0], [0.2, 25.0, 0.0, 0.0])
(78764296, [2.0, 0.56, 0.0, 0.59, 0.0, 1.16, 0.0, 2.24, 0.0, 0.0], [-3.69, 0.39, 2.03, 0.1, 359.15, 358.92, 0.0, 1.0], [0.2, 25.0, 0.0, 0.0])
(78866224, [2.0, 0.56, 0.0, 0.59, 0.0, 1.16, 0.0, 2.24, 0.0, 0.0], [-3.69, 0.39, 2.03, 0.1, 359.15, 358.92, 0.0, 1.0], [0.2, 25.0, 0.0, 0.0])
(78967340, [2.0, 0.56, 0.0, 0.59, 0.0, 1.08, 0.0, 2.24, 0.0, 0.0], [-3.69, 0.39, 2.03, 0.11, 359.15, 358.92, 0.0, 1.0], [0.2, 25.0, 0.0, 0.0])
(79065839, [2.0, 0.56, 0.0, 0.59, 0.0, 1.03, 0.0, 2.24, 0.0, 0.0], [-3.69, 0.39, 2.03, 0.11, 359.15, 358.92, 0.0, 1.0], [0.2, 25.0, 0.0, 0.0])
(79165719, [2.0, 0.56, 0.0, 0.59, 0.0, 1.03, 0.0, 2.24, 0.0, 0.0], [-3.69, 0.39, 2.03, 0.1, 359.15, 358.92, 0.0, 1.0], [0.2, 25.0, 0.0, 0.0])
(79268036, [2.0, 0.56, 0.0, 0.59, 0.0, 1.89, 0.0, 2.24, 0.0, 0.0], [-3.7, 0.39, 2.03, 0.1, 359.15, 358.91, 0.0, 1.0], [0.2, 25.0, 0.0, 0.0])
(79368036, [2.0, 0.56, 0.0, 0.59, 0.0, 1.95, 0.0, 2.23, 0.0, 0.0], [-3.7, 0.39, 2.03, 0.1, 359.15, 358.91, 0.0, 1.0], [0.2, 25.0, 0.0, 0.0])
(79468443, [2.0, 0.56, 0.0, 0.59, 0.0, 1.95, 0.0, 2.23, 0.0, 0.0], [-3.66, 0.39, 2.03, 0.1, 359.15, 358.9, 0.0, 1.0], [0.2, 25.0, 0.0, 0.0])
(79568323, [2.0, 0.56, 0.0, 0.59, 0.0, 1.41, 0.0, 2.24, 0.0, 0.0], [-3.71, 0.39, 2.03, 0.1, 359.15, 358.9, 0.0, 1.0], [0.2, 25.0, 0.0, 0.0])
(79670740, [2.0, 0.56, 0.0, 0.59, 0.0, 1.25, 0.0, 2.24, 0.0, 0.0], [-3.7, 0.39, 2.03, 0.1, 359.15, 358.9, 0.0, 1.0], [0.2, 25.0, 0.0, 0.0])
(79770493, [2.0, 0.56, 0.0, 0.59, 0.0, 1.09, 0.0, 2.24, 0.0, 0.0], [-3.7, 0.39, 2.03, 0.09, 359.15, 358.89, 0.0, 1.0], [0.2, 25.0, 0.0, 0.0])
(79870453, [2.0, 0.56, 0.0, 0.59, 0.0, 1.04, 0.0, 2.23, 0.0, 0.0], [-3.64, 0.39, 2.03, 0.09, 359.15, 358.89, 0.0, 1.0], [0.2, 25.0, 0.0, 0.0])
(79971955, [2.0, 0.56, 0.0, 0.59, 0.0, 1.04, 0.0, 2.23, 0.0, 0.0], [-3.66, 0.39, 2.03, 0.09, 359.15, 358.88, 0.0, 1.0], [0.2, 25.0, 0.0, 0.0])
(80071310, [2.0, 0.56, 0.0, 0.59, 0.0, 1.01, 0.0, 2.24, 0.0, 0.0], [-3.72, 0.39, 2.03, 0.09, 359.15, 358.88, 0.0, 1.0], [0.2, 25.0, 0.0, 0.0])
(80172868, [2.0, 0.56, 0.0, 0.59, 0.0, 0.96, 0.0, 2.24, 0.0, 0.0], [-3.72, 0.39, 2.0, 0.09, 359.15, 358.88, 0.0, 1.0], [0.2, 25.0, 0.0, 0.0])
(80272815, [2.0, 0.56, 0.0, 0.59, 0.0, 0.95, 0.0, 2.22, 0.0, 0.0], [-3.68, 0.39, 1.95, 0.09, 359.15, 358.87, 0.0, 1.0], [0.2, 25.0, 0.0, 0.0])
(80373542, [2.0, 0.56, 0.0, 0.59, 0.0, 0.95, 0.0, 2.21, 0.0, 0.0], [-3.7, 0.39, 1.93, 0.09, 359.15, 358.87, 0.0, 1.0], [0.2, 25.0, 0.0, 0.0])
(80473483, [2.0, 0.56, 0.0, 0.59, 0.0, 0.93, 0.0, 2.22, 0.0, 0.0], [-3.8, 0.39, 1.89, 0.09, 359.15, 358.87, 0.0, 1.0], [0.2, 25.0, 0.0, 0.0])
(80578725, [2.0, 0.56, 0.0, 0.59, 0.0, 0.93, 0.0, 2.24, 0.0, 0.0], [-3.92, 0.39, 1.87, 0.09, 359.15, 358.87, 0.0, 1.0], [0.2, 25.0, 0.0, 0.0])
(80678727, [2.0, 0.56, 0.0, 0.59, 0.0, 0.95, 0.0, 2.24, 0.0, 0.0], [-3.88, 0.39, 1.87, 0.08, 359.15, 358.88, 0.0, 1.0], [0.2, 25.0, 0.0, 0.0])
(80786062, [2.0, 0.56, 0.0, 0.59, 0.0, 0.95, 0.0, 2.24, 0.0, 0.0], [-3.85, 0.39, 1.89, 0.08, 359.15, 358.88, 0.0, 1.0], [0.2, 25.0, 0.0, 0.0])
(80886324, [2.0, 0.56, 0.0, 0.59, 0.0, 0.95, 0.0, 2.24, 0.0, 0.0], [-3.83, 0.39, 1.89, 0.08, 359.15, 358.87, 0.0, 1.0], [0.2, 25.0, 0.0, 0.0])
(80986848, [2.0, 0.56, 0.0, 0.59, 0.0, 0.96, 0.0, 2.25, 0.0, 0.0], [-3.87, 0.39, 1.91, 0.08, 359.15, 358.87, 0.0, 1.0], [0.2, 25.0, 0.0, 0.0])
(81088762, [2.0, 0.56, 0.0, 0.59, 0.0, 0.96, 0.0, 2.24, 0.0, 0.0], [-3.8, 0.39, 1.92, 0.08, 359.15, 358.87, 0.0, 1.0], [0.2, 25.0, 0.0, 0.0])
(81189434, [2.0, 0.56, 0.0, 0.59, 0.0, 0.96, 0.0, 2.23, 0.0, 0.0], [-3.75, 0.38, 1.92, 0.08, 359.15, 358.87, 0.0, 1.0], [0.2, 25.0, 0.0, 0.0])
(81288988, [2.0, 0.56, 0.0, 0.59, 0.0, 0.95, 0.0, 2.22, 0.0, 0.0], [-3.72, 0.38, 1.92, 0.08, 359.15, 358.87, 0.0, 1.0], [0.2, 25.0, 0.0, 0.0])
(81389130, [2.0, 0.56, 0.0, 0.59, 0.0, 0.95, 0.0, 2.23, 0.0, 0.0], [-3.76, 0.38, 1.91, 0.08, 359.15, 358.87, 0.0, 1.0], [0.2, 25.0, 0.0, 0.0])
(81488810, [2.0, 0.56, 0.0, 0.59, 0.0, 1.83, 0.0, 2.24, 0.0, 0.0], [-3.84, 0.38, 1.94, 0.08, 359.15, 358.86, 0.0, 1.0], [0.2, 25.0, 0.0, 0.0])
(81589133, [2.0, 0.56, 0.0, 0.59, 0.0, 1.53, 0.0, 2.23, 0.0, 0.0], [-3.76, 0.38, 1.98, 0.08, 359.15, 358.86, 0.0, 1.0], [0.2, 25.0, 0.0, 0.0])
(81688856, [2.0, 0.56, 0.0, 0.59, 0.0, 1.34, 0.0, 2.23, 0.0, 0.0], [-3.69, 0.38, 2.01, 0.08, 359.15, 358.86, 0.0, 1.0], [0.2, 25.0, 0.0, 0.0])
(81789052, [2.0, 0.56, 0.0, 0.59, 0.0, 1.13, 0.0, 2.23, 0.0, 0.0], [-3.68, 0.38, 2.02, 0.08, 359.15, 358.86, 0.0, 1.0], [0.2, 25.0, 0.0, 0.0])
(81889337, [2.0, 0.56, 0.0, 0.59, 0.0, 1.07, 0.0, 2.23, 0.0, 0.0], [-3.68, 0.38, 2.02, 0.07, 359.15, 358.86, 0.0, 1.0], [0.2, 25.0, 0.0, 0.0])
(81988862, [2.0, 0.56, 0.0, 0.59, 0.0, 1.0, 0.0, 2.23, 0.0, 0.0], [-3.67, 0.38, 2.03, 0.08, 359.15, 358.86, 0.0, 1.0], [0.2, 25.0, 0.0, 0.0])
(82088802, [2.0, 0.56, 0.0, 0.59, 0.0, 1.0, 0.0, 2.24, 0.0, 0.0], [-3.74, 0.38, 2.03, 0.07, 359.15, 358.86, 0.0, 1.0], [0.2, 25.0, 0.0, 0.0])
(82188824, [2.0, 0.56, 0.0, 0.59, 0.0, 0.98, 0.0, 2.24, 0.0, 0.0], [-3.73, 0.38, 2.02, 0.07, 359.15, 358.85, 0.0, 1.0], [0.2, 25.0, 0.0, 0.0])
(82288878, [2.0, 0.56, 0.0, 0.59, 0.0, 0.98, 0.0, 2.24, 0.0, 0.0], [-3.72, 0.39, 2.0, 0.07, 359.15, 358.85, 0.0, 1.0], [0.2, 25.0, 0.0, 0.0])
(82388737, [2.0, 0.56, 0.0, 0.59, 0.0, 0.98, 0.0, 2.24, 0.0, 0.0], [-3.74, 0.38, 1.99, 0.06, 359.15, 358.85, 0.0, 1.0], [0.2, 25.0, 0.0, 0.0])
(82489989, [2.0, 0.56, 0.0, 0.59, 0.0, 0.98, 0.0, 2.24, 0.0, 0.0], [-3.73, 0.38, 1.99, 0.07, 359.15, 358.85, 0.0, 1.0], [0.2, 25.0, 0.0, 0.0])
(82588602, [2.0, 0.56, 0.0, 0.59, 0.0, 0.97, 0.0, 2.23, 0.0, 0.0], [-3.7, 0.38, 1.97, 0.07, 359.15, 358.85, 0.0, 1.0], [0.2, 25.0, 0.0, 0.0])
(82688723, [2.0, 0.56, 0.0, 0.59, 0.0, 0.97, 0.0, 2.23, 0.0, 0.0], [-3.73, 0.38, 1.96, 0.07, 359.15, 358.84, 0.0, 1.0], [0.2, 25.0, 0.0, 0.0])
(82789029, [2.0, 0.56, 0.0, 0.59, 0.0, 0.97, 0.0, 2.24, 0.0, 0.0], [-3.79, 0.38, 1.96, 0.07, 359.15, 358.84, 0.0, 1.0], [0.2, 25.0, 0.0, 0.0])
(82888849, [2.0, 0.56, 0.0, 0.59, 0.0, 1.85, 0.0, 2.24, 0.0, 0.0], [-3.76, 0.37, 1.98, 0.07, 359.15, 358.84, 0.0, 1.0], [0.2, 25.0, 0.0, 0.0])
(82990722, [2.0, 0.56, 0.0, 0.59, 0.0, 1.33, 0.0, 2.24, 0.0, 0.0], [-3.72, 0.37, 2.01, 0.07, 359.15, 358.84, 0.0, 1.0], [0.2, 25.0, 0.0, 0.0])
(83091439, [2.0, 0.56, 0.0, 0.59, 0.0, 1.2, 0.0, 2.24, 0.0, 0.0], [-3.71, 0.37, 2.02, 0.08, 359.15, 358.83, 0.0, 1.0], [0.2, 25.0, 0.0, 0.0])
(83191568, [2.0, 0.56, 0.0, 0.59, 0.0, 1.2, 0.0, 2.23, 0.0, 0.0], [-3.65, 0.37, 2.02, 0.08, 359.15, 358.83, 0.0, 1.0], [0.2, 25.0, 0.0, 0.0])
(83291591, [2.0, 0.56, 0.0, 0.59, 0.0, 1.11, 0.0, 2.24, 0.0, 0.0], [-3.71, 0.37, 2.03, 0.08, 359.15, 358.83, 0.0, 1.0], [0.2, 25.0, 0.0, 0.0])
(83391588, [2.0, 0.56, 0.0, 0.59, 0.0, 1.11, 0.0, 2.22, 0.0, 0.0], [-3.61, 0.37, 2.03, 0.08, 359.15, 358.83, 0.0, 1.0], [0.2, 25.0, 0.0, 0.0])
(83491462, [2.0, 0.56, 0.0, 0.59, 0.0, 1.06, 0.0, 2.22, 0.0, 0.0], [-3.64, 0.37, 2.03, 0.08, 359.15, 358.83, 0.0, 1.0], [0.2, 25.0, 0.0, 0.0])
(83594717, [2.0, 0.56, 0.0, 0.59, 0.0, 1.06, 0.0, 2.23, 0.0, 0.0], [-3.7, 0.37, 2.03, 0.07, 359.15, 358.83, 0.0, 1.0], [0.2, 25.0, 0.0, 0.0])
(83694685, [2.0, 0.56, 0.0, 0.59, 0.0, 1.04, 0.0, 2.22, 0.0, 0.0], [-3.65, 0.38, 2.03, 0.07, 359.15, 358.82, 0.0, 1.0], [0.2, 25.0, 0.0, 0.0])
(83794738, [2.0, 0.56, 0.0, 0.59, 0.0, 1.01, 0.0, 2.23, 0.0, 0.0], [-3.7, 0.38, 2.03, 0.07, 359.15, 358.82, 0.0, 1.0], [0.2, 25.0, 0.0, 0.0])
(83894704, [2.0, 0.56, 0.0, 0.59, 0.0, 1.0, 0.0, 2.24, 0.0, 0.0], [-3.73, 0.38, 2.03, 0.07, 359.15, 358.81, 0.0, 1.0], [0.2, 25.0, 0.0, 0.0])
(83994707, [2.0, 0.56, 0.0, 0.59, 0.0, 0.98, 0.0, 2.22, 0.0, 0.0], [-3.64, 0.38, 2.01, 0.06, 359.15, 358.81, 0.0, 1.0], [0.2, 25.0, 0.0, 0.0])
(84094682, [2.0, 0.56, 0.0, 0.59, 0.0, 0.98, 0.0, 2.21, 0.0, 0.0], [-3.64, 0.38, 2.0, 0.06, 359.15, 358.81, 0.0, 1.0], [0.2, 25.0, 0.0, 0.0])
(84194760, [2.0, 0.56, 0.0, 0.59, 0.0, 1.85, 0.0, 2.23, 0.0, 0.0], [-3.74, 0.38, 2.0, 0.06, 359.15, 358.81, 0.0, 1.0], [0.2, 25.0, 0.0, 0.0])
(84295108, [2.0, 0.56, 0.0, 0.59, 0.0, 1.55, 0.0, 2.24, 0.0, 0.0], [-3.76, 0.38, 2.02, 0.06, 359.15, 358.8, 0.0, 1.0], [0.2, 25.0, 0.0, 0.0])
(84395091, [2.0, 0.56, 0.0, 0.59, 0.0, 1.35, 0.0, 2.24, 0.0, 0.0], [-3.73, 0.38, 2.02, 0.06, 359.15, 358.81, 0.0, 1.0], [0.2, 25.0, 0.0, 0.0])
(84495553, [2.0, 0.56, 0.0, 0.59, 0.0, 1.22, 0.0, 2.24, 0.0, 0.0], [-3.72, 0.38, 2.03, 0.05, 359.15, 358.8, 0.0, 1.0], [0.2, 25.0, 0.0, 0.0])
(84595198, [2.0, 0.56, 0.0, 0.59, 0.0, 1.22, 0.0, 2.24, 0.0, 0.0], [-3.71, 0.38, 2.03, 0.05, 359.15, 358.8, 0.0, 1.0], [0.2, 25.0, 0.0, 0.0])
(84695113, [2.0, 0.56, 0.0, 0.59, 0.0, 2.54, 0.0, 2.24, 0.0, 0.0], [-3.7, 0.38, 2.03, 0.05, 359.15, 358.8, 0.0, 1.0], [0.2, 25.0, 0.0, 0.0])
(84795425, [2.0, 0.56, 0.0, 0.59, 0.0, 1.64, 0.0, 2.25, 0.0, 0.0], [-3.74, 0.38, 2.03, 0.05, 359.15, 358.8, 0.0, 1.0], [0.2, 25.0, 0.0, 0.0])
(84894976, [2.0, 0.56, 0.0, 0.59, 0.0, 1.64, 0.0, 2.24, 0.0, 0.0], [-3.68, 0.38, 2.03, 0.04, 359.15, 358.81, 0.0, 1.0], [0.2, 25.0, 0.0, 0.0])
(84995114, [2.0, 0.56, 0.0, 0.59, 0.0, 1.25, 0.0, 2.23, 0.0, 0.0], [-3.68, 0.37, 2.03, 0.05, 359.15, 358.81, 0.0, 1.0], [0.2, 25.0, 0.0, 0.0])
(85094939, [2.0, 0.56, 0.0, 0.59, 0.0, 1.15, 0.0, 2.23, 0.0, 0.0], [-3.65, 0.37, 2.03, 0.04, 359.15, 358.8, 0.0, 1.0], [0.2, 25.0, 0.0, 0.0])
(85196124, [2.0, 0.56, 0.0, 0.59, 0.0, 1.07, 0.0, 2.24, 0.0, 0.0], [-3.71, 0.37, 2.03, 0.04, 359.15, 358.8, 0.0, 1.0], [0.2, 25.0, 0.0, 0.0])
(85295889, [2.0, 0.56, 0.0, 0.59, 0.0, 1.04, 0.0, 2.23, 0.0, 0.0], [-3.65, 0.37, 2.03, 0.04, 359.15, 358.8, 0.0, 1.0], [0.2, 25.0, 0.0, 0.0])
(85401838, [2.0, 0.56, 0.0, 0.59, 0.0, 1.0, 0.0, 2.23, 0.0, 0.0], [-3.66, 0.37, 2.03, 0.04, 359.15, 358.79, 0.0, 1.0], [0.2, 25.0, 0.0, 0.0])
(85500134, [2.0, 0.56, 0.0, 0.59, 0.0, 1.0, 0.0, 2.23, 0.0, 0.0], [-3.67, 0.37, 2.03, 0.04, 359.15, 358.79, 0.0, 1.0], [0.2, 25.0, 0.0, 0.0])
(85599918, [2.0, 0.56, 0.0, 0.59, 0.0, 0.98, 0.0, 2.24, 0.0, 0.0], [-3.75, 0.37, 2.01, 0.04, 359.15, 358.79, 0.0, 1.0], [0.2, 25.0, 0.0, 0.0])
(85700610, [2.0, 0.56, 0.0, 0.59, 0.0, 0.98, 0.0, 2.23, 0.0, 0.0], [-3.7, 0.37, 1.99, 0.04, 359.15, 358.79, 0.0, 1.0], [0.2, 25.0, 0.0, 0.0])
(85800587, [2.0, 0.56, 0.0, 0.59, 0.0, 0.96, 0.0, 2.24, 0.0, 0.0], [-3.78, 0.37, 1.96, 0.03, 359.15, 358.79, 0.0, 1.0], [0.2, 25.0, 0.0, 0.0])
(85900671, [2.0, 0.56, 0.0, 0.59, 0.0, 0.96, 0.0, 2.24, 0.0, 0.0], [-3.79, 0.37, 1.95, 0.03, 359.15, 358.79, 0.0, 1.0], [0.2, 25.0, 0.0, 0.0])
(86008990, [2.0, 0.56, 0.0, 0.59, 0.0, 0.95, 0.0, 2.24, 0.0, 0.0], [-3.8, 0.37, 1.93, 0.03, 359.15, 358.79, 0.0, 1.0], [0.2, 25.0, 0.0, 0.0])
(86109042, [2.0, 0.56, 0.0, 0.59, 0.0, 0.96, 0.0, 2.23, 0.0, 0.0], [-3.81, 0.38, 1.92, 0.03, 359.15, 358.78, 0.0, 1.0], [0.2, 25.0, 0.0, 0.0])
(86208925, [2.0, 0.56, 0.0, 0.59, 0.0, 0.95, 0.0, 2.24, 0.0, 0.0], [-3.82, 0.38, 1.92, 0.03, 359.15, 358.78, 0.0, 1.0], [0.2, 25.0, 0.0, 0.0])
(86309063, [2.0, 0.56, 0.0, 0.59, 0.0, 0.95, 0.0, 2.24, 0.0, 0.0], [-3.82, 0.37, 1.91, 0.02, 359.15, 358.78, 0.0, 1.0], [0.2, 25.0, 0.0, 0.0])
(86409028, [2.0, 0.56, 0.0, 0.59, 0.0, 0.95, 0.0, 2.23, 0.0, 0.0], [-3.77, 0.37, 1.91, 0.02, 359.15, 358.78, 0.0, 1.0], [0.2, 25.0, 0.0, 0.0])
(86508886, [2.0, 0.56, 0.0, 0.59, 0.0, 0.95, 0.0, 2.24, 0.0, 0.0], [-3.83, 0.37, 1.9, 0.02, 359.15, 358.78, 0.0, 1.0], [0.2, 25.0, 0.0, 0.0])
(86610468, [2.0, 0.56, 0.0, 0.59, 0.0, 0.96, 0.0, 2.24, 0.0, 0.0], [-3.82, 0.37, 1.91, 0.02, 359.15, 358.79, 0.0, 1.0], [0.2, 25.0, 0.0, 0.0])
(86710219, [2.0, 0.56, 0.0, 0.59, 0.0, 0.96, 0.0, 2.24, 0.0, 0.0], [-3.8, 0.37, 1.92, 0.02, 359.15, 358.78, 0.0, 1.0], [0.2, 25.0, 0.0, 0.0])
(86817859, [2.0, 0.56, 0.0, 0.59, 0.0, 0.96, 0.0, 2.24, 0.0, 0.0], [-3.8, 0.37, 1.93, 0.03, 359.15, 358.78, 0.0, 1.0], [0.2, 25.0, 0.0, 0.0])
(86919020, [2.0, 0.56, 0.0, 0.59, 0.0, 2.42, 0.0, 2.24, 0.0, 0.0], [-3.75, 0.37, 1.98, 0.02, 359.15, 358.78, 0.0, 1.0], [0.2, 25.0, 0.0, 0.0])
(87021723, [2.0, 0.56, 0.0, 0.59, 0.0, 2.2, 0.0, 2.24, 0.0, 0.0], [-3.76, 0.37, 2.0, 0.02, 359.15, 358.78, 0.0, 1.0], [0.2, 25.0, 0.0, 0.0])
(87125043, [2.0, 0.56, 0.0, 0.59, 0.0, 1.79, 0.0, 2.24, 0.0, 0.0], [-3.69, 0.37, 2.02, 0.03, 359.15, 358.78, 0.0, 1.0], [0.2, 25.0, 0.0, 0.0])
(87224980, [2.0, 0.56, 0.0, 0.59, 0.0, 1.5, 0.0, 2.23, 0.0, 0.0], [-3.65, 0.37, 2.02, 0.03, 359.15, 358.78, 0.0, 1.0], [0.2, 25.0, 0.0, 0.0])
(87325069, [2.0, 0.56, 0.0, 0.59, 0.0, 1.5, 0.0, 2.23, 0.0, 0.0], [-3.67, 0.37, 2.03, 0.03, 359.15, 358.78, 0.0, 1.0], [0.2, 25.0, 0.0, 0.0])
(87425002, [2.0, 0.56, 0.0, 0.59, 0.0, 1.18, 0.0, 2.23, 0.0, 0.0], [-3.67, 0.37, 2.03, 0.04, 359.15, 358.78, 0.0, 1.0], [0.2, 25.0, 0.0, 0.0])
(87525606, [2.0, 0.56, 0.0, 0.59, 0.0, 1.1, 0.0, 2.23, 0.0, 0.0], [-3.68, 0.37, 2.03, 0.04, 359.15, 358.78, 0.0, 1.0], [0.2, 25.0, 0.0, 0.0])
(87625641, [2.0, 0.56, 0.0, 0.59, 0.0, 1.05, 0.0, 2.24, 0.0, 0.0], [-3.7, 0.37, 2.03, 0.03, 359.15, 358.78, 0.0, 1.0], [0.2, 25.0, 0.0, 0.0])
(87725609, [2.0, 0.56, 0.0, 0.59, 0.0, 1.0, 0.0, 2.24, 0.0, 0.0], [-3.72, 0.38, 2.03, 0.03, 359.15, 358.77, 0.0, 1.0], [0.2, 25.0, 0.0, 0.0])
(87825601, [2.0, 0.56, 0.0, 0.59, 0.0, 1.0, 0.0, 2.24, 0.0, 0.0], [-3.7, 0.38, 2.03, 0.03, 359.15, 358.77, 0.0, 1.0], [0.2, 25.0, 0.0, 0.0])
(87926522, [2.0, 0.56, 0.0, 0.59, 0.0, 0.98, 0.0, 2.24, 0.0, 0.0], [-3.71, 0.38, 2.01, 0.03, 359.15, 358.77, 0.0, 1.0], [0.2, 25.0, 0.0, 0.0])
(88026634, [2.0, 0.56, 0.0, 0.59, 0.0, 0.97, 0.0, 2.23, 0.0, 0.0], [-3.72, 0.38, 1.98, 0.03, 359.15, 358.77, 0.0, 1.0], [0.2, 25.0, 0.0, 0.0])
(88127063, [2.0, 0.56, 0.0, 0.59, 0.0, 0.97, 0.0, 2.24, 0.0, 0.0], [-3.79, 0.37, 1.97, 0.03, 359.15, 358.77, 0.0, 1.0], [0.2, 25.0, 0.0, 0.0])
(88228056, [2.0, 0.56, 0.0, 0.59, 0.0, 0.95, 0.0, 2.24, 0.0, 0.0], [-3.81, 0.37, 1.94, 0.03, 359.15, 358.77, 0.0, 1.0], [0.2, 25.0, 0.0, 0.0])
(88327991, [2.0, 0.56, 0.0, 0.59, 0.0, 0.94, 0.0, 2.24, 0.0, 0.0], [-3.82, 0.37, 1.91, 0.03, 359.15, 358.77, 0.0, 1.0], [0.2, 25.0, 0.0, 0.0])
(88427804, [2.0, 0.56, 0.0, 0.59, 0.0, 0.94, 0.0, 2.25, 0.0, 0.0], [-3.87, 0.37, 1.89, 0.03, 359.15, 358.76, 0.0, 1.0], [0.2, 25.0, 0.0, 0.0])
(88527871, [2.0, 0.56, 0.0, 0.59, 0.0, 1.83, 0.0, 2.25, 0.0, 0.0], [-3.86, 0.36, 1.89, 0.03, 359.15, 358.76, 0.0, 1.0], [0.2, 25.0, 0.0, 0.0])
(88627673, [2.0, 0.56, 0.0, 0.59, 0.0, 2.42, 0.0, 2.24, 0.0, 0.0], [-3.74, 0.36, 1.96, 0.03, 359.15, 358.76, 0.0, 1.0], [0.2, 25.0, 0.0, 0.0])
(88728178, [2.0, 0.56, 0.0, 0.59, 0.0, 1.59, 0.0, 2.22, 0.0, 0.0], [-3.64, 0.36, 2.0, 0.03, 359.15, 358.76, 0.0, 1.0], [0.2, 25.0, 0.0, 0.0])
(88828152, [2.0, 0.56, 0.0, 0.59, 0.0, 1.39, 0.0, 2.24, 0.0, 0.0], [-3.74, 0.36, 2.01, 0.03, 359.15, 358.75, 0.0, 1.0], [0.2, 25.0, 0.0, 0.0])
(88927770, [2.0, 0.56, 0.0, 0.59, 0.0, 1.24, 0.0, 2.22, 0.0, 0.0], [-3.7, 0.36, 2.02, 0.03, 359.15, 358.75, 0.0, 1.0], [0.2, 25.0, 0.0, 0.0])
(89027647, [2.0, 0.56, 0.0, 0.59, 0.0, 1.23, 0.0, 2.22, 0.0, 0.0], [-3.64, 0.36, 2.03, 0.03, 359.15, 358.75, 0.0, 1.0], [0.2, 25.0, 0.0, 0.0])
(89127600, [2.0, 0.56, 0.0, 0.59, 0.0, 1.06, 0.0, 2.23, 0.0, 0.0], [-3.68, 0.36, 2.03, 0.03, 359.15, 358.75, 0.0, 1.0], [0.2, 25.0, 0.0, 0.0])
(89227954, [2.0, 0.56, 0.0, 0.59, 0.0, 1.06, 0.0, 2.23, 0.0, 0.0], [-3.7, 0.36, 2.03, 0.04, 359.15, 358.75, 0.0, 1.0], [0.2, 25.0, 0.0, 0.0])
(89327617, [2.0, 0.56, 0.0, 0.59, 0.0, 1.03, 0.0, 2.24, 0.0, 0.0], [-3.71, 0.36, 2.03, 0.05, 359.15, 358.75, 0.0, 1.0], [0.2, 25.0, 0.0, 0.0])
(89427907, [2.0, 0.56, 0.0, 0.59, 0.0, 1.03, 0.0, 2.23, 0.0, 0.0], [-3.67, 0.36, 2.03, 0.05, 359.15, 358.75, 0.0, 1.0], [0.2, 25.0, 0.0, 0.0])
(89527922, [2.0, 0.56, 0.0, 0.59, 0.0, 0.98, 0.0, 2.23, 0.0, 0.0], [-3.68, 0.36, 2.02, 0.05, 359.15, 358.75, 0.0, 1.0], [0.2, 25.0, 0.0, 0.0])
(89627929, [2.0, 0.56, 0.0, 0.59, 0.0, 0.98, 0.0, 2.23, 0.0, 0.0], [-3.71, 0.36, 2.0, 0.05, 359.15, 358.75, 0.0, 1.0], [0.2, 25.0, 0.0, 0.0])
(89733341, [2.0, 0.56, 0.0, 0.59, 0.0, 0.96, 0.0, 2.68, 0.0, 0.0], [-4.04, 0.36, 1.89, 0.05, 359.15, 358.75, 0.0, 1.0], [0.2, 25.0, 0.0, 0.0])
(89833731, [2.0, 0.56, 0.0, 0.59, 0.0, 0.94, 0.0, 2.54, 0.0, 0.0], [-4.06, 0.36, 1.89, 0.05, 359.15, 358.75, 0.0, 1.0], [0.2, 25.0, 0.0, 0.0])
(89934075, [2.0, 0.56, 0.0, 0.59, 0.0, 0.94, 0.0, 2.36, 0.0, 0.0], [-3.69, 0.35, 1.88, 0.06, 359.15, 358.75, 0.0, 1.0], [0.2, 25.0, 0.0, 0.0])
(90034295, [2.0, 0.56, 0.0, 0.59, 0.0, 0.94, 0.0, 2.32, 0.0, 0.0], [-3.8, 0.36, 1.88, 0.06, 359.15, 358.75, 0.0, 1.0], [0.2, 25.0, 0.0, 0.0])
(90134252, [2.0, 0.56, 0.0, 0.59, 0.0, 1.83, 0.0, 2.29, 0.0, 0.0], [-3.62, 0.35, 1.92, 0.06, 359.15, 358.75, 0.0, 1.0], [0.2, 25.0, 0.0, 0.0])
(90234446, [2.0, 0.56, 0.0, 0.59, 0.0, 1.33, 0.0, 2.27, 0.0, 0.0], [-3.63, 0.35, 1.97, 0.06, 359.15, 358.75, 0.0, 1.0], [0.2, 25.0, 0.0, 0.0])
(90335711, [2.0, 0.56, 0.0, 0.59, 0.0, 1.33, 0.0, 2.26, 0.0, 0.0], [-3.6, 0.35, 2.0, 0.07, 359.15, 358.75, 0.0, 1.0], [0.2, 25.0, 0.0, 0.0])
(90435838, [2.0, 0.56, 0.0, 0.59, 0.0, 1.19, 0.0, 2.25, 0.0, 0.0], [-3.65, 0.35, 2.02, 0.07, 359.15, 358.75, 0.0, 1.0], [0.2, 25.0, 0.0, 0.0])
(90536258, [2.0, 0.56, 0.0, 0.59, 0.0, 1.19, 0.0, 2.24, 0.0, 0.0], [-3.6, 0.35, 2.02, 0.06, 359.15, 358.75, 0.0, 1.0], [0.2, 25.0, 0.0, 0.0])
(90635819, [2.0, 0.56, 0.0, 0.59, 0.0, 1.1, 0.0, 2.24, 0.0, 0.0], [-3.64, 0.35, 2.03, 0.06, 359.15, 358.75, 0.0, 1.0], [0.2, 25.0, 0.0, 0.0])
(90739046, [2.0, 0.56, 0.0, 0.59, 0.0, 1.04, 0.0, 2.23, 0.0, 0.0], [-3.63, 0.35, 2.03, 0.07, 359.15, 358.75, 0.0, 1.0], [0.2, 25.0, 0.0, 0.0])
(90838027, [2.0, 0.56, 0.0, 0.59, 0.0, 0.97, 0.0, 2.24, 0.0, 0.0], [-3.7, 0.35, 2.02, 0.06, 359.15, 358.75, 0.0, 1.0], [0.2, 25.0, 0.0, 0.0])
(90945049, [2.0, 0.56, 0.0, 0.59, 0.0, 0.97, 0.0, 2.24, 0.0, 0.0], [-3.74, 0.35, 1.99, 0.06, 359.15, 358.75, 0.0, 1.0], [0.2, 25.0, 0.0, 0.0])
(91068350, [2.0, 0.56, 0.0, 0.59, 0.0, 1.85, 0.0, 2.24, 0.0, 0.0], [-3.74, 0.36, 1.99, 0.06, 359.15, 358.75, 0.0, 1.0], [0.2, 25.0, 0.0, 0.0])
(91169559, [2.0, 0.56, 0.0, 0.59, 0.0, 1.54, 0.0, 2.24, 0.0, 0.0], [-3.71, 0.36, 2.01, 0.06, 359.15, 358.74, 0.0, 1.0], [0.2, 25.0, 0.0, 0.0])
(91270119, [2.0, 0.56, 0.0, 0.59, 0.0, 1.35, 0.0, 2.24, 0.0, 0.0], [-3.7, 0.36, 2.02, 0.07, 359.15, 358.74, 0.0, 1.0], [0.2, 25.0, 0.0, 0.0])
(91369498, [2.0, 0.56, 0.0, 0.59, 0.0, 1.2, 0.0, 2.22, 0.0, 0.0], [-3.61, 0.36, 2.02, 0.07, 359.15, 358.74, 0.0, 1.0], [0.2, 25.0, 0.0, 0.0])
(91474650, [2.0, 0.56, 0.0, 0.59, 0.0, 1.11, 0.0, 2.24, 0.0, 0.0], [-3.69, 0.36, 2.03, 0.07, 359.15, 358.74, 0.0, 1.0], [0.2, 25.0, 0.0, 0.0])
(91574321, [2.0, 0.56, 0.0, 0.59, 0.0, 1.05, 0.0, 2.24, 0.0, 0.0], [-3.72, 0.36, 2.03, 0.07, 359.15, 358.74, 0.0, 1.0], [0.2, 25.0, 0.0, 0.0])
(91683380, [2.0, 0.56, 0.0, 0.59, 0.0, 1.0, 0.0, 2.22, 0.0, 0.0], [-3.65, 0.36, 2.03, 0.06, 359.15, 358.74, 0.0, 1.0], [0.2, 25.0, 0.0, 0.0])
(91782379, [2.0, 0.56, 0.0, 0.59, 0.0, 0.97, 0.0, 2.23, 0.0, 0.0], [-3.71, 0.37, 2.01, 0.07, 359.15, 358.73, 0.0, 1.0], [0.2, 25.0, 0.0, 0.0])
(91882369, [2.0, 0.56, 0.0, 0.59, 0.0, 0.94, 0.0, 2.23, 0.0, 0.0], [-3.77, 0.37, 1.95, 0.07, 359.15, 358.73, 0.0, 1.0], [0.2, 25.0, 0.0, 0.0])
(91982998, [2.0, 0.56, 0.0, 0.59, 0.0, 0.94, 0.0, 2.23, 0.0, 0.0], [-3.8, 0.37, 1.91, 0.07, 359.15, 358.73, 0.0, 1.0], [0.2, 25.0, 0.0, 0.0])
(92082364, [2.0, 0.56, 0.0, 0.59, 0.0, 0.94, 0.0, 2.23, 0.0, 0.0], [-3.82, 0.37, 1.89, 0.07, 359.15, 358.73, 0.0, 1.0], [0.2, 25.0, 0.0, 0.0])
(92182537, [2.0, 0.56, 0.0, 0.59, 0.0, 0.94, 0.0, 2.23, 0.0, 0.0], [-3.83, 0.37, 1.88, 0.07, 359.15, 358.73, 0.0, 1.0], [0.2, 25.0, 0.0, 0.0])
(92282695, [2.0, 0.56, 0.0, 0.59, 0.0, 0.94, 0.0, 2.24, 0.0, 0.0], [-3.88, 0.37, 1.88, 0.07, 359.15, 358.73, 0.0, 1.0], [0.2, 25.0, 0.0, 0.0])
(92382524, [2.0, 0.56, 0.0, 0.59, 0.0, 0.94, 0.0, 2.24, 0.0, 0.0], [-3.87, 0.37, 1.88, 0.07, 359.15, 358.73, 0.0, 1.0], [0.2, 25.0, 0.0, 0.0])
(92482356, [2.0, 0.56, 0.0, 0.59, 0.0, 0.93, 0.0, 2.23, 0.0, 0.0], [-3.82, 0.36, 1.86, 0.08, 359.15, 358.73, 0.0, 1.0], [0.2, 25.0, 0.0, 0.0])
(92582511, [2.0, 0.56, 0.0, 0.59, 0.0, 0.93, 0.0, 2.23, 0.0, 0.0], [-3.84, 0.36, 1.85, 0.08, 359.15, 358.73, 0.0, 1.0], [0.2, 25.0, 0.0, 0.0])
(92682497, [2.0, 0.56, 0.0, 0.59, 0.0, 0.94, 0.0, 2.24, 0.0, 0.0], [-3.88, 0.36, 1.85, 0.08, 359.15, 358.73, 0.0, 1.0], [0.2, 25.0, 0.0, 0.0])
(92783361, [2.0, 0.56, 0.0, 0.59, 0.0, 0.92, 0.0, 2.69, 0.0, 0.0], [-3.87, 0.36, 1.85, 0.08, 359.15, 358.73, 0.0, 1.0], [0.2, 25.0, 0.0, 0.0])
(92882339, [2.0, 0.56, 0.0, 0.59, 0.0, 0.92, 0.0, 2.54, 0.0, 0.0], [-4.17, 0.36, 1.78, 0.08, 359.15, 358.72, 0.0, 1.0], [0.2, 25.0, 0.0, 0.0])
(92982269, [2.0, 0.56, 0.0, 0.59, 0.0, 1.81, 0.0, 2.44, 0.0, 0.0], [-4.15, 0.36, 1.81, 0.09, 359.15, 358.73, 0.0, 1.0], [0.2, 25.0, 0.0, 0.0])
(93082386, [2.0, 0.56, 0.0, 0.59, 0.0, 1.51, 0.0, 2.38, 0.0, 0.0], [-3.67, 0.36, 1.92, 0.09, 359.15, 358.72, 0.0, 1.0], [0.2, 25.0, 0.0, 0.0])
(93183389, [2.0, 0.56, 0.0, 0.59, 0.0, 1.17, 0.0, 2.32, 0.0, 0.0], [-3.74, 0.36, 1.98, 0.09, 359.15, 358.72, 0.0, 1.0], [0.2, 25.0, 0.0, 0.0])
(93282669, [2.0, 0.56, 0.0, 0.59, 0.0, 1.07, 0.0, 2.28, 0.0, 0.0], [-3.5, 0.36, 2.0, 0.09, 359.15, 358.71, 0.0, 1.0], [0.2, 25.0, 0.0, 0.0])
(93382380, [2.0, 0.56, 0.0, 0.59, 0.0, 1.02, 0.0, 2.28, 0.0, 0.0], [-3.61, 0.37, 2.02, 0.09, 359.15, 358.72, 0.0, 1.0], [0.2, 25.0, 0.0, 0.0])
(93482415, [2.0, 0.56, 0.0, 0.59, 0.0, 1.02, 0.0, 2.28, 0.0, 0.0], [-3.67, 0.37, 2.02, 0.09, 359.15, 358.71, 0.0, 1.0], [0.2, 25.0, 0.0, 0.0])
(93582419, [2.0, 0.56, 0.0, 0.59, 0.0, 1.56, 0.0, 2.26, 0.0, 0.0], [-3.62, 0.36, 2.03, 0.09, 359.15, 358.71, 0.0, 1.0], [0.2, 25.0, 0.0, 0.0])
(93682608, [2.0, 0.56, 0.0, 0.59, 0.0, 1.33, 0.0, 2.26, 0.0, 0.0], [-3.66, 0.36, 2.03, 0.09, 359.15, 358.71, 0.0, 1.0], [0.2, 25.0, 0.0, 0.0])
(93782393, [2.0, 0.56, 0.0, 0.59, 0.0, 1.09, 0.0, 2.24, 0.0, 0.0], [-3.61, 0.36, 2.03, 0.09, 359.15, 358.71, 0.0, 1.0], [0.2, 25.0, 0.0, 0.0])
(93882395, [2.0, 0.56, 0.0, 0.59, 0.0, 1.08, 0.0, 2.24, 0.0, 0.0], [-3.65, 0.37, 2.03, 0.09, 359.15, 358.7, 0.0, 1.0], [0.2, 25.0, 0.0, 0.0])
(93982436, [2.0, 0.56, 0.0, 0.59, 0.0, 1.91, 0.0, 2.23, 0.0, 0.0], [-3.62, 0.37, 2.03, 0.09, 359.15, 358.7, 0.0, 1.0], [0.2, 25.0, 0.0, 0.0])
(94082443, [2.0, 0.56, 0.0, 0.59, 0.0, 2.47, 0.0, 2.23, 0.0, 0.0], [-3.65, 0.36, 2.03, 0.09, 359.15, 358.7, 0.0, 1.0], [0.2, 25.0, 0.0, 0.0])
(94182418, [2.0, 0.56, 0.0, 0.59, 0.0, 1.96, 0.0, 2.25, 0.0, 0.0], [-3.75, 0.36, 2.03, 0.09, 359.15, 358.7, 0.0, 1.0], [0.2, 25.0, 0.0, 0.0])
(94282399, [2.0, 0.56, 0.0, 0.59, 0.0, 1.61, 0.0, 2.24, 0.0, 0.0], [-3.68, 0.37, 2.03, 0.09, 359.15, 358.7, 0.0, 1.0], [0.2, 25.0, 0.0, 0.0])
(94382402, [2.0, 0.56, 0.0, 0.59, 0.0, 1.61, 0.0, 2.23, 0.0, 0.0], [-3.65, 0.37, 2.03, 0.09, 359.15, 358.7, 0.0, 1.0], [0.2, 25.0, 0.0, 0.0])
(94482436, [2.0, 0.56, 0.0, 0.59, 0.0, 1.38, 0.0, 2.24, 0.0, 0.0], [-3.71, 0.37, 2.03, 0.09, 359.15, 358.7, 0.0, 1.0], [0.2, 25.0, 0.0, 0.0])
(94582095, [2.0, 0.56, 0.0, 0.59, 0.0, 1.21, 0.0, 2.22, 0.0, 0.0], [-3.61, 0.37, 2.03, 0.1, 359.15, 358.7, 0.0, 1.0], [0.2, 25.0, 0.0, 0.0])
(94682443, [2.0, 0.56, 0.0, 0.59, 0.0, 1.06, 0.0, 2.23, 0.0, 0.0], [-3.68, 0.37, 2.03, 0.1, 359.15, 358.7, 0.0, 1.0], [0.2, 25.0, 0.0, 0.0])
(94784015, [2.0, 0.56, 0.0, 0.59, 0.0, 1.06, 0.0, 2.23, 0.0, 0.0], [-3.68, 0.37, 2.03, 0.1, 359.15, 358.7, 0.0, 1.0], [0.2, 25.0, 0.0, 0.0])
(94882147, [2.0, 0.56, 0.0, 0.59, 0.0, 1.03, 0.0, 2.24, 0.0, 0.0], [-3.68, 0.37, 2.03, 0.1, 359.15, 358.7, 0.0, 1.0], [0.2, 25.0, 0.0, 0.0])
(94982153, [2.0, 0.56, 0.0, 0.59, 0.0, 1.03, 0.0, 2.24, 0.0, 0.0], [-3.72, 0.36, 2.03, 0.1, 359.15, 358.7, 0.0, 1.0], [0.2, 25.0, 0.0, 0.0])
(95082387, [2.0, 0.56, 0.0, 0.59, 0.0, 0.98, 0.0, 2.24, 0.0, 0.0], [-3.73, 0.36, 2.01, 0.1, 359.15, 358.7, 0.0, 1.0], [0.2, 25.0, 0.0, 0.0])
(95182345, [2.0, 0.56, 0.0, 0.59, 0.0, 0.98, 0.0, 2.24, 0.0, 0.0], [-3.72, 0.36, 2.0, 0.1, 359.15, 358.69, 0.0, 1.0], [0.2, 25.0, 0.0, 0.0])
(95282327, [2.0, 0.56, 0.0, 0.59, 0.0, 0.93, 0.0, 2.23, 0.0, 0.0], [-3.73, 0.36, 1.95, 0.1, 359.15, 358.69, 0.0, 1.0], [0.2, 25.0, 0.0, 0.0])
(95382112, [2.0, 0.56, 0.0, 0.59, 0.0, 0.92, 0.0, 2.24, 0.0, 0.0], [-3.85, 0.36, 1.89, 0.11, 359.15, 358.7, 0.0, 1.0], [0.2, 25.0, 0.0, 0.0])
(95482394, [2.0, 0.56, 0.0, 0.59, 0.0, 0.93, 0.0, 2.23, 0.0, 0.0], [-3.83, 0.37, 1.86, 0.1, 359.15, 358.7, 0.0, 1.0], [0.2, 25.0, 0.0, 0.0])
(95582348, [2.0, 0.56, 0.0, 0.59, 0.0, 0.93, 0.0, 2.23, 0.0, 0.0], [-3.83, 0.37, 1.85, 0.1, 359.15, 358.69, 0.0, 1.0], [0.2, 25.0, 0.0, 0.0])
(95682687, [2.0, 0.56, 0.0, 0.59, 0.0, 0.92, 0.0, 2.24, 0.0, 0.0], [-3.9, 0.37, 1.83, 0.1, 359.15, 358.69, 0.0, 1.0], [0.2, 25.0, 0.0, 0.0])
(95785214, [2.0, 0.56, 0.0, 0.59, 0.0, 0.92, 0.0, 2.24, 0.0, 0.0], [-3.9, 0.37, 1.82, 0.1, 359.15, 358.69, 0.0, 1.0], [0.2, 25.0, 0.0, 0.0])
(95885880, [2.0, 0.56, 0.0, 0.59, 0.0, 0.92, 0.0, 2.25, 0.0, 0.0], [-3.94, 0.37, 1.82, 0.1, 359.15, 358.68, 0.0, 1.0], [0.2, 25.0, 0.0, 0.0])
(95990321, [2.0, 0.56, 0.0, 0.59, 0.0, 0.92, 0.0, 2.24, 0.0, 0.0], [-3.88, 0.37, 1.82, 0.1, 359.15, 358.68, 0.0, 1.0], [0.2, 25.0, 0.0, 0.0])
(96095468, [2.0, 0.56, 0.0, 0.59, 0.0, 0.93, 0.0, 2.22, 0.0, 0.0], [-3.79, 0.37, 1.82, 0.1, 359.15, 358.67, 0.0, 1.0], [0.2, 25.0, 0.0, 0.0])
(96195462, [2.0, 0.56, 0.0, 0.59, 0.0, 0.92, 0.0, 2.23, 0.0, 0.0], [-3.87, 0.37, 1.83, 0.1, 359.15, 358.67, 0.0, 1.0], [0.2, 25.0, 0.0, 0.0])
(96295603, [2.0, 0.56, 0.0, 0.59, 0.0, 0.92, 0.0, 2.23, 0.0, 0.0], [-3.88, 0.37, 1.82, 0.11, 359.15, 358.67, 0.0, 1.0], [0.2, 25.0, 0.0, 0.0])
(96395515, [2.0, 0.56, 0.0, 0.59, 0.0, 0.91, 0.0, 2.23, 0.0, 0.0], [-3.88, 0.37, 1.83, 0.1, 359.15, 358.67, 0.0, 1.0], [0.2, 25.0, 0.0, 0.0])
(96495725, [2.0, 0.56, 0.0, 0.59, 0.0, 0.92, 0.0, 2.23, 0.0, 0.0], [-3.89, 0.37, 1.81, 0.11, 359.15, 358.67, 0.0, 1.0], [0.2, 25.0, 0.0, 0.0])
(96595700, [2.0, 0.56, 0.0, 0.59, 0.0, 0.93, 0.0, 2.25, 0.0, 0.0], [-3.94, 0.37, 1.83, 0.1, 359.15, 358.67, 0.0, 1.0], [0.2, 25.0, 0.0, 0.0])
(96695359, [2.0, 0.56, 0.0, 0.59, 0.0, 0.93, 0.0, 2.24, 0.0, 0.0], [-3.88, 0.37, 1.84, 0.11, 359.15, 358.67, 0.0, 1.0], [0.2, 25.0, 0.0, 0.0])
(96796413, [2.0, 0.56, 0.0, 0.59, 0.0, 1.51, 0.0, 2.23, 0.0, 0.0], [-3.76, 0.37, 1.92, 0.1, 359.15, 358.67, 0.0, 1.0], [0.2, 25.0, 0.0, 0.0])
(96895200, [2.0, 0.56, 0.0, 0.59, 0.0, 1.51, 0.0, 2.23, 0.0, 0.0], [-3.72, 0.37, 1.98, 0.1, 359.15, 358.66, 0.0, 1.0], [0.2, 25.0, 0.0, 0.0])
(96995327, [2.0, 0.56, 0.0, 0.59, 0.0, 1.18, 0.0, 2.53, 0.0, 0.0], [-4.07, 0.37, 1.94, 0.11, 359.15, 358.66, 0.0, 1.0], [0.2, 25.0, 0.0, 0.0])
(97095362, [2.0, 0.56, 0.0, 0.59, 0.0, 1.18, 0.0, 2.43, 0.0, 0.0], [-3.71, 0.38, 1.99, 0.1, 359.15, 358.66, 0.0, 1.0], [0.2, 25.0, 0.0, 0.0])
(97195300, [2.0, 0.56, 0.0, 0.59, 0.0, 1.99, 0.0, 2.36, 0.0, 0.0], [-3.63, 0.38, 2.01, 0.11, 359.15, 358.66, 0.0, 1.0], [0.2, 25.0, 0.0, 0.0])
(97305468, [2.0, 0.56, 0.0, 0.59, 0.0, 1.62, 0.0, 2.28, 0.0, 0.0], [-3.57, 0.38, 2.02, 0.11, 359.15, 358.66, 0.0, 1.0], [0.2, 25.0, 0.0, 0.0])
(97405202, [2.0, 0.56, 0.0, 0.59, 0.0, 1.39, 0.0, 2.26, 0.0, 0.0], [-3.5, 0.38, 2.02, 0.11, 359.15, 358.66, 0.0, 1.0], [0.2, 25.0, 0.0, 0.0])
(97505365, [2.0, 0.56, 0.0, 0.59, 0.0, 1.23, 0.0, 2.24, 0.0, 0.0], [-3.56, 0.37, 2.03, 0.11, 359.15, 358.66, 0.0, 1.0], [0.2, 25.0, 0.0, 0.0])
(97610305, [2.0, 0.56, 0.0, 0.59, 0.0, 1.12, 0.0, 2.24, 0.0, 0.0], [-3.6, 0.37, 2.03, 0.11, 359.15, 358.66, 0.0, 1.0], [0.2, 25.0, 0.0, 0.0])
(97710529, [2.0, 0.56, 0.0, 0.59, 0.0, 1.06, 0.0, 2.24, 0.0, 0.0], [-3.64, 0.37, 2.03, 0.11, 359.15, 358.65, 0.0, 1.0], [0.2, 25.0, 0.0, 0.0])
(97811781, [2.0, 0.56, 0.0, 0.59, 0.0, 1.06, 0.0, 2.24, 0.0, 0.0], [-3.67, 0.37, 2.03, 0.1, 359.15, 358.65, 0.0, 1.0], [0.2, 25.0, 0.0, 0.0])
(97913366, [2.0, 0.56, 0.0, 0.59, 0.0, 1.0, 0.0, 2.24, 0.0, 0.0], [-3.68, 0.37, 2.03, 0.1, 359.15, 358.65, 0.0, 1.0], [0.2, 25.0, 0.0, 0.0])
(98013700, [2.0, 0.56, 0.0, 0.59, 0.0, 1.0, 0.0, 2.23, 0.0, 0.0], [-3.64, 0.37, 2.03, 0.1, 359.15, 358.64, 0.0, 1.0], [0.2, 25.0, 0.0, 0.0])
(98113692, [2.0, 0.56, 0.0, 0.59, 0.0, 0.98, 0.0, 2.24, 0.0, 0.0], [-3.71, 0.37, 2.02, 0.1, 359.15, 358.64, 0.0, 1.0], [0.2, 25.0, 0.0, 0.0])
(98213243, [2.0, 0.56, 0.0, 0.59, 0.0, 0.95, 0.0, 2.25, 0.0, 0.0], [-3.79, 0.37, 1.98, 0.1, 359.15, 358.65, 0.0, 1.0], [0.2, 25.0, 0.0, 0.0])
(98313430, [2.0, 0.56, 0.0, 0.59, 0.0, 0.95, 0.0, 2.23, 0.0, 0.0], [-3.72, 0.37, 1.94, 0.1, 359.15, 358.64, 0.0, 1.0], [0.2, 25.0, 0.0, 0.0])
(98413269, [2.0, 0.56, 0.0, 0.59, 0.0, 0.95, 0.0, 2.24, 0.0, 0.0], [-3.81, 0.37, 1.92, 0.1, 359.15, 358.64, 0.0, 1.0], [0.2, 25.0, 0.0, 0.0])
(98514685, [2.0, 0.56, 0.0, 0.59, 0.0, 0.95, 0.0, 2.23, 0.0, 0.0], [-3.76, 0.37, 1.91, 0.11, 359.15, 358.64, 0.0, 1.0], [0.2, 25.0, 0.0, 0.0])
(98614602, [2.0, 0.56, 0.0, 0.59, 0.0, 0.92, 0.0, 2.24, 0.0, 0.0], [-3.85, 0.37, 1.88, 0.1, 359.15, 358.63, 0.0, 1.0], [0.2, 25.0, 0.0, 0.0])
(98714499, [2.0, 0.56, 0.0, 0.59, 0.0, 0.92, 0.0, 2.24, 0.0, 0.0], [-3.88, 0.37, 1.85, 0.1, 359.15, 358.63, 0.0, 1.0], [0.2, 25.0, 0.0, 0.0])
(98814523, [2.0, 0.56, 0.0, 0.59, 0.0, 0.91, 0.0, 2.26, 0.0, 0.0], [-3.96, 0.37, 1.83, 0.1, 359.15, 358.63, 0.0, 1.0], [0.2, 25.0, 0.0, 0.0])
(98914933, [2.0, 0.56, 0.0, 0.59, 0.0, 0.91, 0.0, 2.27, 0.0, 0.0], [-4.01, 0.37, 1.81, 0.1, 359.15, 358.63, 0.0, 1.0], [0.2, 25.0, 0.0, 0.0])
(99014418, [2.0, 0.56, 0.0, 0.59, 0.0, 0.91, 0.0, 2.26, 0.0, 0.0], [-3.94, 0.37, 1.79, 0.1, 359.15, 358.63, 0.0, 1.0], [0.2, 25.0, 0.0, 0.0])
(99114528, [2.0, 0.56, 0.0, 0.59, 0.0, 1.81, 0.0, 2.26, 0.0, 0.0], [-3.86, 0.37, 1.86, 0.1, 359.15, 358.62, 0.0, 1.0], [0.2, 25.0, 0.0, 0.0])
(99214547, [2.0, 0.56, 0.0, 0.59, 0.0, 1.51, 0.0, 2.25, 0.0, 0.0], [-3.74, 0.37, 1.95, 0.1, 359.15, 358.62, 0.0, 1.0], [0.2, 25.0, 0.0, 0.0])
(99314604, [2.0, 0.56, 0.0, 0.59, 0.0, 1.51, 0.0, 2.24, 0.0, 0.0], [-3.67, 0.37, 1.99, 0.1, 359.15, 358.62, 0.0, 1.0], [0.2, 25.0, 0.0, 0.0])
(99414453, [2.0, 0.56, 0.0, 0.59, 0.0, 2.67, 0.0, 2.24, 0.0, 0.0], [-3.68, 0.37, 2.01, 0.1, 359.15, 358.62, 0.0, 1.0], [0.2, 25.0, 0.0, 0.0])
(99514519, [2.0, 0.56, 0.0, 0.59, 0.0, 2.07, 0.0, 2.24, 0.0, 0.0], [-3.69, 0.37, 2.02, 0.09, 359.15, 358.61, 0.0, 1.0], [0.2, 25.0, 0.0, 0.0])
(99614706, [2.0, 0.56, 0.0, 0.59, 0.0, 1.68, 0.0, 2.24, 0.0, 0.0], [-3.69, 0.37, 2.02, 0.09, 359.15, 358.61, 0.0, 1.0], [0.2, 25.0, 0.0, 0.0])
(99714804, [2.0, 0.56, 0.0, 0.59, 0.0, 1.68, 0.0, 2.23, 0.0, 0.0], [-3.64, 0.37, 2.03, 0.09, 359.15, 358.6, 0.0, 1.0], [0.2, 25.0, 0.0, 0.0])
(99814629, [2.0, 0.56, 0.0, 0.59, 0.0, 2.32, 0.0, 2.24, 0.0, 0.0], [-3.7, 0.37, 2.03, 0.09, 359.15, 358.6, 0.0, 1.0], [0.2, 25.0, 0.0, 0.0])
(99919010, [2.0, 0.56, 0.0, 0.59, 0.0, 3.02, 0.0, 2.23, 0.0, 0.0], [-3.69, 0.37, 2.03, 0.08, 359.15, 358.6, 0.0, 1.0], [0.2, 25.0, 0.0, 0.0])
(100017787, [2.0, 0.56, 0.0, 0.59, 0.0, 3.21, 0.0, 2.23, 0.0, 0.0], [-3.65, 0.37, 2.03, 0.08, 359.15, 358.59, 0.0, 1.0], [0.2, 25.0, 0.0, 0.0])
(100118519, [2.0, 0.56, 0.0, 0.59, 0.0, 2.53, 0.0, 2.24, 0.0, 0.0], [-3.69, 0.37, 2.03, 0.08, 359.15, 358.59, 0.0, 1.0], [0.2, 25.0, 0.0, 0.0])
(100217659, [2.0, 0.56, 0.0, 0.59, 0.0, 2.53, 0.0, 2.24, 0.0, 0.0], [-3.71, 0.37, 2.03, 0.08, 359.15, 358.58, 0.0, 1.0], [0.2, 25.0, 0.0, 0.0])
(100317395, [2.0, 0.56, 0.0, 0.59, 0.0, 1.99, 0.0, 2.23, 0.0, 0.0], [-3.66, 0.37, 2.03, 0.08, 359.15, 358.58, 0.0, 1.0], [0.2, 25.0, 0.0, 0.0])
(100422993, [2.0, 0.56, 0.0, 0.59, 0.0, 1.63, 0.0, 2.23, 0.0, 0.0], [-3.67, 0.36, 2.03, 0.08, 359.15, 358.58, 0.0, 1.0], [0.2, 25.0, 0.0, 0.0])
(100521172, [2.0, 0.56, 0.0, 0.59, 0.0, 1.39, 0.0, 2.24, 0.0, 0.0], [-3.72, 0.36, 2.03, 0.08, 359.15, 358.58, 0.0, 1.0], [0.2, 25.0, 0.0, 0.0])
(100621086, [2.0, 0.56, 0.0, 0.59, 0.0, 1.24, 0.0, 2.24, 0.0, 0.0], [-3.7, 0.36, 2.03, 0.09, 359.15, 358.57, 0.0, 1.0], [0.2, 25.0, 0.0, 0.0])
(100721035, [2.0, 0.56, 0.0, 0.59, 0.0, 1.13, 0.0, 2.23, 0.0, 0.0], [-3.65, 0.36, 2.03, 0.09, 359.15, 358.57, 0.0, 1.0], [0.2, 25.0, 0.0, 0.0])
(100821300, [2.0, 0.56, 0.0, 0.59, 0.0, 1.13, 0.0, 2.23, 0.0, 0.0], [-3.66, 0.35, 2.03, 0.09, 359.15, 358.57, 0.0, 1.0], [0.2, 25.0, 0.0, 0.0])
(100923312, [2.0, 0.56, 0.0, 0.59, 0.0, 2.5, 0.0, 2.23, 0.0, 0.0], [-3.67, 0.35, 2.03, 0.09, 359.15, 358.57, 0.0, 1.0], [0.2, 25.0, 0.0, 0.0])
(101023084, [2.0, 0.56, 0.0, 0.59, 0.0, 2.86, 0.0, 2.23, 0.0, 0.0], [-3.68, 0.35, 2.03, 0.08, 359.15, 358.56, 0.0, 1.0], [0.2, 25.0, 0.0, 0.0])
(101124133, [2.0, 0.56, 0.0, 0.59, 0.0, 2.17, 0.0, 2.24, 0.0, 0.0], [-3.73, 0.36, 2.03, 0.08, 359.15, 358.56, 0.0, 1.0], [0.2, 25.0, 0.0, 0.0])
(101223314, [2.0, 0.56, 0.0, 0.59, 0.0, 2.64, 0.0, 2.24, 0.0, 0.0], [-3.71, 0.35, 2.03, 0.09, 359.15, 358.56, 0.0, 1.0], [0.2, 25.0, 0.0, 0.0])
(101323057, [2.0, 0.56, 0.0, 0.59, 0.0, 2.96, 0.0, 2.24, 0.0, 0.0], [-3.7, 0.35, 2.03, 0.08, 359.15, 358.55, 0.0, 1.0], [0.2, 25.0, 0.0, 0.0])
(101423156, [2.0, 0.56, 0.0, 0.59, 0.0, 2.42, 0.0, 2.24, 0.0, 0.0], [-3.7, 0.35, 2.03, 0.08, 359.15, 358.55, 0.0, 1.0], [0.2, 25.0, 0.0, 0.0])
(101523160, [2.0, 0.56, 0.0, 0.59, 0.0, 2.42, 0.0, 2.24, 0.0, 0.0], [-3.69, 0.35, 2.03, 0.08, 359.15, 358.55, 0.0, 1.0], [0.2, 25.0, 0.0, 0.0])
(101623304, [2.0, 0.56, 0.0, 0.59, 0.0, 1.92, 0.0, 2.23, 0.0, 0.0], [-3.69, 0.34, 2.03, 0.08, 359.15, 358.55, 0.0, 1.0], [0.2, 25.0, 0.0, 0.0])
(101723317, [2.0, 0.56, 0.0, 0.59, 0.0, 1.59, 0.0, 2.24, 0.0, 0.0], [-3.7, 0.34, 2.03, 0.09, 359.15, 358.55, 0.0, 1.0], [0.2, 25.0, 0.0, 0.0])
(101823194, [2.0, 0.56, 0.0, 0.59, 0.0, 1.36, 0.0, 2.23, 0.0, 0.0], [-3.66, 0.34, 2.03, 0.08, 359.15, 358.54, 0.0, 1.0], [0.2, 25.0, 0.0, 0.0])
(101923310, [2.0, 0.56, 0.0, 0.59, 0.0, 1.2, 0.0, 2.23, 0.0, 0.0], [-3.66, 0.34, 2.03, 0.07, 359.15, 358.54, 0.0, 1.0], [0.2, 25.0, 0.0, 0.0])
(102023132, [2.0, 0.56, 0.0, 0.59, 0.0, 1.1, 0.0, 2.23, 0.0, 0.0], [-3.67, 0.34, 2.03, 0.07, 359.15, 358.55, 0.0, 1.0], [0.2, 25.0, 0.0, 0.0])
(102123179, [2.0, 0.56, 0.0, 0.59, 0.0, 1.03, 0.0, 2.23, 0.0, 0.0], [-3.67, 0.34, 2.03, 0.07, 359.15, 358.54, 0.0, 1.0], [0.2, 25.0, 0.0, 0.0])
(102223157, [2.0, 0.56, 0.0, 0.59, 0.0, 1.03, 0.0, 2.24, 0.0, 0.0], [-3.71, 0.34, 2.03, 0.07, 359.15, 358.54, 0.0, 1.0], [0.2, 25.0, 0.0, 0.0])
(102323112, [2.0, 0.56, 0.0, 0.59, 0.0, 0.99, 0.0, 2.24, 0.0, 0.0], [-3.71, 0.34, 2.02, 0.07, 359.15, 358.54, 0.0, 1.0], [0.2, 25.0, 0.0, 0.0])
(102423723, [2.0, 0.56, 0.0, 0.59, 0.0, 0.97, 0.0, 2.24, 0.0, 0.0], [-3.72, 0.34, 1.99, 0.07, 359.15, 358.53, 0.0, 1.0], [0.2, 25.0, 0.0, 0.0])
(102529902, [2.0, 0.56, 0.0, 0.59, 0.0, 1.85, 0.0, 2.25, 0.0, 0.0], [-3.74, 0.34, 1.97, 0.07, 359.15, 358.53, 0.0, 1.0], [0.2, 25.0, 0.0, 0.0])
(102627943, [2.0, 0.56, 0.0, 0.59, 0.0, 1.54, 0.0, 2.24, 0.0, 0.0], [-3.7, 0.34, 2.0, 0.07, 359.15, 358.52, 0.0, 1.0], [0.2, 25.0, 0.0, 0.0])
(102728172, [2.0, 0.56, 0.0, 0.59, 0.0, 1.34, 0.0, 2.24, 0.0, 0.0], [-3.69, 0.34, 2.02, 0.07, 359.15, 358.52, 0.0, 1.0], [0.2, 25.0, 0.0, 0.0])
(102828046, [2.0, 0.56, 0.0, 0.59, 0.0, 1.19, 0.0, 2.24, 0.0, 0.0], [-3.69, 0.34, 2.02, 0.06, 359.15, 358.52, 0.0, 1.0], [0.2, 25.0, 0.0, 0.0])
(102928241, [2.0, 0.56, 0.0, 0.59, 0.0, 1.99, 0.0, 2.24, 0.0, 0.0], [-3.69, 0.34, 2.03, 0.06, 359.15, 358.51, 0.0, 1.0], [0.2, 25.0, 0.0, 0.0])
(103027910, [2.0, 0.56, 0.0, 0.59, 0.0, 1.63, 0.0, 2.24, 0.0, 0.0], [-2.83, 0.34, 1.5, 0.06, 359.15, 358.51, 0.0, 1.0], [0.2, 25.0, 0.0, 0.0])
(103128010, [2.0, 0.56, 0.0, 0.59, 0.0, 1.63, 0.0, 2.25, 0.0, 0.0], [-1.4, 0.34, 0.74, 0.06, 359.15, 358.51, 0.0, 1.0], [0.2, 25.0, 0.0, 0.0])
(103228021, [2.0, 0.56, 0.0, 0.59, 0.0, 2.28, 0.0, 2.25, 0.0, 0.0], [-0.69, 0.34, 0.36, 0.06, 359.15, 358.5, 0.0, 1.0], [0.2, 25.0, 0.0, 0.0])
(103327970, [2.0, 0.56, 0.0, 0.59, 0.0, 3.01, 0.0, 2.25, 0.0, 0.0], [-0.34, 0.35, 0.18, 0.05, 359.15, 358.5, 0.0, 1.0], [0.2, 25.0, 0.0, 0.0])
(103428044, [2.0, 0.56, 0.0, 0.59, 0.0, 2.31, 0.0, 2.24, 0.0, 0.0], [-0.16, 0.34, 0.08, 0.06, 359.15, 358.49, 0.0, 1.0], [0.2, 25.0, 0.0, 0.0])
(103528825, [2.0, 0.56, 0.0, 0.59, 0.0, 2.31, 0.0, 2.24, 0.0, 0.0], [-0.08, 0.34, 0.04, 0.06, 359.15, 358.49, 0.0, 1.0], [0.2, 25.0, 0.0, 0.0])
(103628062, [2.0, 0.56, 0.0, 0.59, 0.0, 1.85, 0.0, 2.22, 0.0, 0.0], [-0.04, 0.34, 0.02, 0.06, 359.15, 358.49, 0.0, 1.0], [0.2, 25.0, 0.0, 0.0])
(103728317, [2.0, 0.56, 0.0, 0.59, 0.0, 1.85, 0.0, 2.23, 0.0, 0.0], [-0.02, 0.34, 0.01, 0.06, 359.15, 358.49, 0.0, 1.0], [0.2, 25.0, 0.0, 0.0])
(103828333, [2.0, 0.56, 0.0, 0.59, 0.0, 2.43, 0.0, 2.23, 0.0, 0.0], [0.0, 0.34, 0.0, 0.06, 359.15, 358.49, 0.0, 1.0], [0.2, 25.0, 0.0, 0.0])
(103928246, [2.0, 0.56, 0.0, 0.59, 0.0, 2.18, 0.0, 2.23, 0.0, 0.0], [0.0, 0.34, 0.0, 0.06, 359.15, 358.49, 0.0, 1.0], [0.2, 25.0, 0.0, 0.0])
(104028474, [2.0, 0.56, 0.0, 0.59, 0.0, 1.77, 0.0, 2.23, 0.0, 0.0], [0.0, 0.34, 0.0, 0.06, 359.15, 358.48, 0.0, 1.0], [0.2, 25.0, 0.0, 0.0])
(104128302, [2.0, 0.56, 0.0, 0.59, 0.0, 1.29, 0.0, 2.23, 0.0, 0.0], [0.0, 0.34, 0.0, 0.05, 359.15, 358.48, 0.0, 1.0], [0.2, 25.0, 0.0, 0.0])
(104229050, [2.0, 0.56, 0.0, 0.59, 0.0, 1.29, 0.0, 2.22, 0.0, 0.0], [0.0, 0.35, 0.0, 0.05, 359.15, 358.47, 0.0, 1.0], [0.2, 25.0, 0.0, 0.0])
(104328898, [2.0, 0.56, 0.0, 0.59, 0.0, 1.16, 0.0, 2.23, 0.0, 0.0], [0.0, 0.35, 0.0, 0.04, 359.15, 358.47, 0.0, 1.0], [0.2, 25.0, 0.0, 0.0])
(104428788, [2.0, 0.56, 0.0, 0.59, 0.0, 1.02, 0.0, 2.22, 0.0, 0.0], [0.0, 0.35, 0.0, 0.04, 359.15, 358.47, 0.0, 1.0], [0.2, 25.0, 0.0, 0.0])
(104528882, [2.0, 0.56, 0.0, 0.59, 0.0, 0.97, 0.0, 2.23, 0.0, 0.0], [0.0, 0.35, 0.0, 0.05, 359.15, 358.47, 0.0, 1.0], [0.2, 25.0, 0.0, 0.0])
(104629037, [2.0, 0.56, 0.0, 0.59, 0.0, 0.93, 0.0, 2.23, 0.0, 0.0], [0.0, 0.34, 0.0, 0.04, 359.15, 358.47, 0.0, 1.0], [0.2, 25.0, 0.0, 0.0])
(104728784, [2.0, 0.56, 0.0, 0.59, 0.0, 0.93, 0.0, 2.24, 0.0, 0.0], [0.0, 0.34, 0.0, 0.04, 359.15, 358.47, 0.0, 1.0], [0.2, 25.0, 0.0, 0.0])
(104829079, [2.0, 0.56, 0.0, 0.59, 0.0, 1.82, 0.0, 2.26, 0.0, 0.0], [0.0, 0.34, 0.0, 0.04, 359.15, 358.47, 0.0, 1.0], [0.2, 25.0, 0.0, 0.0])
(104928911, [2.0, 0.56, 0.0, 0.59, 0.0, 1.5, 0.0, 2.24, 0.0, 0.0], [0.0, 0.34, 0.0, 0.04, 359.15, 358.47, 0.0, 1.0], [0.2, 25.0, 0.0, 0.0])
(105031355, [2.0, 0.56, 0.0, 0.59, 0.0, 1.5, 0.0, 2.25, 0.0, 0.0], [0.0, 0.34, 0.0, 0.04, 359.15, 358.47, 0.0, 1.0], [0.2, 25.0, 0.0, 0.0])
(105130444, [2.0, 0.56, 0.0, 0.59, 0.0, 2.2, 0.0, 2.25, 0.0, 0.0], [0.0, 0.34, 0.0, 0.04, 359.15, 358.47, 0.0, 1.0], [0.2, 25.0, 0.0, 0.0])
(105230516, [2.0, 0.56, 0.0, 0.59, 0.0, 2.97, 0.0, 2.24, 0.0, 0.0], [0.0, 0.33, 0.0, 0.04, 359.15, 358.46, 0.0, 1.0], [0.2, 25.0, 0.0, 0.0])
(105330539, [2.0, 0.56, 0.0, 0.59, 0.0, 2.27, 0.0, 2.24, 0.0, 0.0], [0.0, 0.33, 0.0, 0.03, 359.15, 358.46, 0.0, 1.0], [0.2, 25.0, 0.0, 0.0])
(105430548, [2.0, 0.56, 0.0, 0.59, 0.0, 1.5, 0.0, 2.23, 0.0, 0.0], [0.0, 0.33, 0.0, 0.03, 359.15, 358.46, 0.0, 1.0], [0.2, 25.0, 0.0, 0.0])
