(123127050, [2.0, 3.58, 0.0, 0.57, 0.0, 3.58, 0.0, 3.58, 0.0, 0.0], [0.0, 0.33, 0.0, 0.85, 271.51, 271.53, 0.0, 1.0], [0.2, 25.0, 0.0, 0.0])
(123227014, [2.0, 3.58, 0.0, 0.57, 0.0, 3.58, 0.0, 3.58, 0.0, 0.0], [0.0, 0.33, 0.0, 0.85, 271.52, 271.53, 0.0, 1.0], [0.2, 25.0, 0.0, 0.0])
(123327072, [1.0, 3.58, 0.0, 0.57, 0.0, 3.58, 0.0, 3.58, 0.0, 0.0], [0.0, 0.33, 0.0, 0.84, 271.52, 271.53, 0.0, 1.0], [0.2, 25.0, 0.0, 0.0])
(123426958, [1.0, 3.58, 0.0, 0.57, 0.0, 3.58, 0.0, 3.58, 0.0, 0.0], [0.0, 0.33, 0.0, 0.84, 271.52, 271.53, 0.0, 1.0], [0.2, 25.0, 0.0, 0.0])
(123527297, [1.0, 3.58, 0.0, 0.57, 0.0, 3.58, 0.0, 3.58, 0.0, 0.0], [0.0, 0.33, 0.0, 0.84, 271.52, 271.53, 0.0, 1.0], [0.2, 25.0, 0.0, 0.0])
(123627067, [2.0, 3.58, 0.0, 0.57, 0.0, 3.58, 0.0, 3.58, 0.0, 0.0], [0.0, 0.33, 0.0, 0.84, 271.52, 271.53, 0.0, 1.0], [0.2, 25.0, 0.0, 0.0])
(123727059, [2.0, 3.58, 0.0, 0.57, 0.0, 3.58, 0.0, 3.58, 0.0, 0.0], [0.0, 0.32, 0.0, 0.84, 271.52, 271.53, 0.0, 1.0], [0.2, 25.0, 0.0, 0.0])
(123827335, [1.0, 3.58, 0.0, 0.57, 0.0, 3.58, 0.0, 3.58, 0.0, 0.0], [0.0, 0.32, 0.0, 0.84, 271.52, 271.54, 0.0, 1.0], [0.2, 25.0, 0.0, 0.0])
(123926882, [1.0, 3.58, 0.0, 0.57, 0.0, 3.58, 0.0, 3.58, 0.0, 0.0], [0.0, 0.32, 0.0, 0.84, 271.52, 271.54, 0.0, 1.0], [0.2, 25.0, 0.0, 0.0])
(124026835, [1.0, 3.58, 0.0, 0.57, 0.0, 3.58, 0.0, 3.58, 0.0, 0.0], [0.0, 0.32, 0.0, 0.84, 271.52, 271.54, 0.0, 1.0], [0.2, 25.0, 0.0, 0.0])
(124127001, [2.0, 3.58, 0.0, 0.57, 0.0, 3.58, 0.0, 3.58, 0.0, 0.0], [0.0, 0.32, 0.0, 0.83, 271.53, 271.54, 0.0, 1.0], [0.2, 25.0, 0.0, 0.0])
(124227010, [2.0, 3.58, 0.0, 0.57, 0.0, 3.58, 0.0, 3.58, 0.0, 0.0], [0.0, 0.32, 0.0, 0.84, 271.53, 271.54, 0.0, 1.0], [0.2, 25.0, 0.0, 0.0])
(124326841, [1.0, 3.58, 0.0, 0.57, 0.0, 3.58, 0.0, 3.58, 0.0, 0.0], [0.0, 0.32, 0.0, 0.83, 271.53, 271.54, 0.0, 1.0], [0.2, 25.0, 0.0, 0.0])
(124426981, [1.0, 3.58, 0.0, 0.57, 0.0, 3.58, 0.0, 3.58, 0.0, 0.0], [0.0, 0.32, 0.0, 0.83, 271.53, 271.54, 0.0, 1.0], [0.2, 25.0, 0.0, 0.0])
(124526994, [1.0, 3.58, 0.0, 0.57, 0.0, 3.58, 0.0, 3.58, 0.0, 0.0], [0.0, 0.31, 0.0, 0.83, 271.53, 271.54, 0.0, 1.0], [0.2, 25.0, 0.0, 0.0])
(124626868, [2.0, 3.58, 0.0, 0.57, 0.0, 3.58, 0.0, 3.58, 0.0, 0.0], [0.0, 0.31, 0.0, 0.83, 271.53, 271.54, 0.0, 1.0], [0.2, 25.0, 0.0, 0.0])
(124727049, [2.0, 3.58, 0.0, 0.57, 0.0, 3.58, 0.0, 3.58, 0.0, 0.0], [0.0, 0.31, 0.0, 0.83, 271.53, 271.55, 0.0, 1.0], [0.2, 25.0, 0.0, 0.0])
(124827059, [1.0, 3.58, 0.0, 0.57, 0.0, 3.58, 0.0, 3.58, 0.0, 0.0], [0.0, 0.31, 0.0, 0.83, 271.53, 271.54, 0.0, 1.0], [0.2, 25.0, 0.0, 0.0])
(124926979, [1.0, 3.58, 0.0, 0.57, 0.0, 3.58, 0.0, 3.58, 0.0, 0.0], [0.0, 0.31, 0.0, 0.83, 271.53, 271.55, 0.0, 1.0], [0.2, 25.0, 0.0, 0.0])
(125026974, [1.0, 3.58, 0.0, 0.57, 0.0, 3.58, 0.0, 3.58, 0.0, 0.0], [0.0, 0.31, 0.0, 0.82, 271.54, 271.55, 0.0, 1.0], [0.2, 25.0, 0.0, 0.0])
(125126910, [2.0, 3.58, 0.0, 0.57, 0.0, 3.58, 0.0, 3.58, 0.0, 0.0], [0.0, 0.3, 0.0, 0.82, 271.54, 271.55, 0.0, 1.0], [0.2, 25.0, 0.0, 0.0])
(125226987, [2.0, 3.58, 0.0, 0.57, 0.0, 3.58, 0.0, 3.58, 0.0, 0.0], [0.0, 0.3, 0.0, 0.82, 271.54, 271.55, 0.0, 1.0], [0.2, 25.0, 0.0, 0.0])
(125327003, [1.0, 3.58, 0.0, 0.57, 0.0, 3.58, 0.0, 3.58, 0.0, 0.0], [0.0, 0.3, 0.0, 0.81, 271.58, 271.59, 0.0, 1.0], [0.2, 25.0, 0.0, 0.0])
(125427025, [1.0, 3.58, 0.0, 0.57, 0.0, 3.58, 0.0, 3.58, 0.0, 0.0], [0.0, 0.31, 0.0, 0.81, 271.59, 271.6, 0.0, 1.0], [0.2, 25.0, 0.0, 0.0])
(125527085, [1.0, 3.58, 0.0, 0.57, 0.0, 3.58, 0.0, 3.58, 0.0, 0.0], [0.0, 0.31, 0.0, 0.8, 271.55, 271.57, 0.0, 1.0], [0.2, 25.0, 0.0, 0.0])
(125626875, [2.0, 3.58, 0.0, 0.57, 0.0, 3.58, 0.0, 3.58, 0.0, 0.0], [0.0, 0.31, 0.0, 0.79, 271.55, 271.56, 0.0, 1.0], [0.2, 25.0, 0.0, 0.0])
(125727695, [2.0, 3.58, 0.0, 0.57, 0.0, 3.58, 0.0, 3.58, 0.0, 0.0], [0.0, 0.31, 0.0, 0.8, 271.55, 271.57, 0.0, 1.0], [0.2, 25.0, 0.0, 0.0])
(125826997, [1.0, 3.58, 0.0, 0.57, 0.0, 3.58, 0.0, 3.58, 0.0, 0.0], [0.0, 0.31, 0.0, 0.8, 271.56, 271.57, 0.0, 1.0], [0.2, 25.0, 0.0, 0.0])
(125926827, [1.0, 3.58, 0.0, 0.57, 0.0, 3.58, 0.0, 3.58, 0.0, 0.0], [0.0, 0.31, 0.0, 0.79, 271.55, 271.56, 0.0, 1.0], [0.2, 25.0, 0.0, 0.0])
(126026871, [1.0, 3.58, 0.0, 0.57, 0.0, 3.58, 0.0, 3.58, 0.0, 0.0], [0.0, 0.3, 0.0, 0.79, 271.55, 271.57, 0.0, 1.0], [0.2, 25.0, 0.0, 0.0])
(126126988, [2.0, 3.58, 0.0, 0.57, 0.0, 3.58, 0.0, 3.58, 0.0, 0.0], [0.0, 0.29, 0.0, 0.77, 271.57, 271.58, 0.0, 1.0], [0.2, 25.0, 0.0, 0.0])
(126226972, [2.0, 3.58, 0.0, 0.57, 0.0, 3.58, 0.0, 3.58, 0.0, 0.0], [0.0, 0.28, 0.0, 0.78, 271.55, 271.56, 0.0, 1.0], [0.2, 25.0, 0.0, 0.0])
(126326950, [1.0, 3.58, 0.0, 0.57, 0.0, 3.58, 0.0, 3.58, 0.0, 0.0], [0.0, 0.29, 0.0, 0.79, 271.57, 271.58, 0.0, 1.0], [0.2, 25.0, 0.0, 0.0])
(126427014, [1.0, 3.58, 0.0, 0.57, 0.0, 3.58, 0.0, 3.58, 0.0, 0.0], [0.0, 0.3, 0.0, 0.79, 271.57, 271.58, 0.0, 1.0], [0.2, 25.0, 0.0, 0.0])
(126526958, [1.0, 3.58, 0.0, 0.57, 0.0, 3.58, 0.0, 3.58, 0.0, 0.0], [0.0, 0.3, 0.0, 0.79, 271.57, 271.58, 0.0, 1.0], [0.2, 25.0, 0.0, 0.0])
(126626989, [2.0, 3.58, 0.0, 0.57, 0.0, 3.58, 0.0, 3.58, 0.0, 0.0], [0.0, 0.3, 0.0, 0.79, 271.57, 271.58, 0.0, 1.0], [0.2, 25.0, 0.0, 0.0])
(126727130, [2.0, 3.58, 0.0, 0.57, 0.0, 3.58, 0.0, 3.58, 0.0, 0.0], [0.0, 0.31, 0.0, 0.78, 271.57, 271.58, 0.0, 1.0], [0.2, 25.0, 0.0, 0.0])
(126827136, [1.0, 3.58, 0.0, 0.57, 0.0, 3.58, 0.0, 3.58, 0.0, 0.0], [0.0, 0.31, 0.0, 0.78, 271.57, 271.58, 0.0, 1.0], [0.2, 25.0, 0.0, 0.0])
(126927028, [1.0, 3.58, 0.0, 0.57, 0.0, 3.58, 0.0, 3.58, 0.0, 0.0], [0.0, 0.32, 0.0, 0.78, 271.57, 271.59, 0.0, 1.0], [0.2, 25.0, 0.0, 0.0])
(127027041, [1.0, 3.58, 0.0, 0.57, 0.0, 3.58, 0.0, 3.58, 0.0, 0.0], [0.0, 0.32, 0.0, 0.77, 271.57, 271.58, 0.0, 1.0], [0.2, 25.0, 0.0, 0.0])
(127127046, [2.0, 3.58, 0.0, 0.57, 0.0, 3.58, 0.0, 3.58, 0.0, 0.0], [0.0, 0.33, 0.0, 0.77, 271.58, 271.59, 0.0, 1.0], [0.2, 25.0, 0.0, 0.0])
(127227022, [2.0, 3.58, 0.0, 0.57, 0.0, 3.58, 0.0, 3.58, 0.0, 0.0], [0.0, 0.33, 0.0, 0.76, 271.58, 271.59, 0.0, 1.0], [0.2, 25.0, 0.0, 0.0])
(127327009, [1.0, 3.58, 0.0, 0.57, 0.0, 3.58, 0.0, 3.58, 0.0, 0.0], [0.0, 0.34, 0.0, 0.76, 271.58, 271.59, 0.0, 1.0], [0.2, 25.0, 0.0, 0.0])
(127426978, [1.0, 3.58, 0.0, 0.57, 0.0, 3.58, 0.0, 3.58, 0.0, 0.0], [0.0, 0.35, 0.0, 0.75, 271.58, 271.59, 0.0, 1.0], [0.2, 25.0, 0.0, 0.0])
(127526961, [1.0, 3.58, 0.0, 0.57, 0.0, 3.58, 0.0, 3.58, 0.0, 0.0], [0.0, 0.36, 0.0, 0.75, 271.58, 271.59, 0.0, 1.0], [0.2, 25.0, 0.0, 0.0])
(127626881, [2.0, 3.58, 0.0, 0.57, 0.0, 3.58, 0.0, 3.58, 0.0, 0.0], [0.0, 0.36, 0.0, 0.74, 271.57, 271.59, 0.0, 1.0], [0.2, 25.0, 0.0, 0.0])
(127727016, [2.0, 3.58, 0.0, 0.57, 0.0, 3.58, 0.0, 3.58, 0.0, 0.0], [0.0, 0.36, 0.0, 0.74, 271.58, 271.6, 0.0, 1.0], [0.2, 25.0, 0.0, 0.0])
(127827024, [1.0, 3.58, 0.0, 0.57, 0.0, 3.58, 0.0, 3.58, 0.0, 0.0], [0.0, 0.37, 0.0, 0.74, 271.58, 271.59, 0.0, 1.0], [0.2, 25.0, 0.0, 0.0])
(127926859, [1.0, 3.58, 0.0, 0.57, 0.0, 3.58, 0.0, 3.58, 0.0, 0.0], [0.0, 0.37, 0.0, 0.74, 271.58, 271.6, 0.0, 1.0], [0.2, 25.0, 0.0, 0.0])
(128026862, [1.0, 3.58, 0.0, 0.57, 0.0, 3.58, 0.0, 3.58, 0.0, 0.0], [0.0, 0.38, 0.0, 0.73, 271.58, 271.59, 0.0, 1.0], [0.2, 25.0, 0.0, 0.0])
(128127395, [2.0, 3.58, 0.0, 0.57, 0.0, 3.58, 0.0, 3.58, 0.0, 0.0], [0.0, 0.38, 0.0, 0.73, 271.58, 271.59, 0.0, 1.0], [0.2, 25.0, 0.0, 0.0])
(128227068, [2.0, 3.58, 0.0, 0.57, 0.0, 3.58, 0.0, 3.58, 0.0, 0.0], [0.0, 0.38, 0.0, 0.73, 271.58, 271.6, 0.0, 1.0], [0.2, 25.0, 0.0, 0.0])
(128327074, [1.0, 3.58, 0.0, 0.57, 0.0, 3.58, 0.0, 3.58, 0.0, 0.0], [0.0, 0.38, 0.0, 0.71, 271.56, 271.58, 0.0, 1.0], [0.2, 25.0, 0.0, 0.0])
(128427072, [1.0, 3.58, 0.0, 0.57, 0.0, 3.58, 0.0, 3.58, 0.0, 0.0], [0.0, 0.39, 0.0, 0.71, 271.58, 271.59, 0.0, 1.0], [0.2, 25.0, 0.0, 0.0])
(128527085, [1.0, 3.58, 0.0, 0.57, 0.0, 3.58, 0.0, 3.58, 0.0, 0.0], [0.0, 0.39, 0.0, 0.7, 271.57, 271.58, 0.0, 1.0], [0.2, 25.0, 0.0, 0.0])
(128627013, [2.0, 3.58, 0.0, 0.57, 0.0, 3.58, 0.0, 3.58, 0.0, 0.0], [0.0, 0.39, 0.0, 0.71, 271.57, 271.59, 0.0, 1.0], [0.2, 25.0, 0.0, 0.0])
(128726936, [2.0, 3.58, 0.0, 0.57, 0.0, 3.58, 0.0, 3.58, 0.0, 0.0], [0.0, 0.39, 0.0, 0.7, 271.57, 271.59, 0.0, 1.0], [0.2, 25.0, 0.0, 0.0])
(128827001, [1.0, 3.58, 0.0, 0.57, 0.0, 3.58, 0.0, 3.58, 0.0, 0.0], [0.0, 0.4, 0.0, 0.7, 271.57, 271.59, 0.0, 1.0], [0.2, 25.0, 0.0, 0.0])
(128927138, [1.0, 3.58, 0.0, 0.57, 0.0, 3.58, 0.0, 3.58, 0.0, 0.0], [0.0, 0.4, 0.0, 0.7, 271.57, 271.58, 0.0, 1.0], [0.2, 25.0, 0.0, 0.0])
(129026958, [1.0, 3.58, 0.0, 0.57, 0.0, 3.58, 0.0, 3.58, 0.0, 0.0], [0.0, 0.4, 0.0, 0.7, 271.57, 271.59, 0.0, 1.0], [0.2, 25.0, 0.0, 0.0])
(129126999, [2.0, 3.58, 0.0, 0.57, 0.0, 3.58, 0.0, 3.58, 0.0, 0.0], [0.0, 0.4, 0.0, 0.68, 271.58, 271.6, 0.0, 1.0], [0.2, 25.0, 0.0, 0.0])
(129226859, [2.0, 3.58, 0.0, 0.57, 0.0, 3.58, 0.0, 3.58, 0.0, 0.0], [0.0, 0.41, 0.0, 0.68, 271.58, 271.6, 0.0, 1.0], [0.2, 25.0, 0.0, 0.0])
(129326851, [1.0, 3.58, 0.0, 0.57, 0.0, 3.58, 0.0, 3.58, 0.0, 0.0], [0.0, 0.42, 0.0, 0.68, 271.59, 271.6, 0.0, 1.0], [0.2, 25.0, 0.0, 0.0])
(129426992, [1.0, 3.58, 0.0, 0.57, 0.0, 3.58, 0.0, 3.58, 0.0, 0.0], [0.0, 0.42, 0.0, 0.68, 271.59, 271.6, 0.0, 1.0], [0.2, 25.0, 0.0, 0.0])
(129526981, [1.0, 3.58, 0.0, 0.57, 0.0, 3.58, 0.0, 3.58, 0.0, 0.0], [0.0, 0.43, 0.0, 0.68, 271.59, 271.6, 0.0, 1.0], [0.2, 25.0, 0.0, 0.0])
(129626936, [2.0, 3.58, 0.0, 0.57, 0.0, 3.58, 0.0, 3.58, 0.0, 0.0], [0.0, 0.44, 0.0, 0.67, 271.58, 271.6, 0.0, 1.0], [0.2, 25.0, 0.0, 0.0])
(129727111, [2.0, 3.58, 0.0, 0.57, 0.0, 3.58, 0.0, 3.58, 0.0, 0.0], [0.0, 0.45, 0.0, 0.67, 271.59, 271.61, 0.0, 1.0], [0.2, 25.0, 0.0, 0.0])
(129827011, [1.0, 3.58, 0.0, 0.57, 0.0, 3.58, 0.0, 3.58, 0.0, 0.0], [0.0, 0.45, 0.0, 0.67, 271.6, 271.61, 0.0, 1.0], [0.2, 25.0, 0.0, 0.0])
(129927002, [1.0, 3.58, 0.0, 0.57, 0.0, 3.58, 0.0, 3.58, 0.0, 0.0], [0.0, 0.47, 0.0, 0.66, 271.6, 271.61, 0.0, 1.0], [0.2, 25.0, 0.0, 0.0])
(130026991, [1.0, 3.58, 0.0, 0.57, 0.0, 3.58, 0.0, 3.58, 0.0, 0.0], [0.0, 0.47, 0.0, 0.66, 271.6, 271.62, 0.0, 1.0], [0.2, 25.0, 0.0, 0.0])
(130127003, [2.0, 3.58, 0.0, 0.57, 0.0, 3.58, 0.0, 3.58, 0.0, 0.0], [0.0, 0.47, 0.0, 0.66, 271.6, 271.61, 0.0, 1.0], [0.2, 25.0, 0.0, 0.0])
(130226988, [2.0, 3.58, 0.0, 0.57, 0.0, 3.58, 0.0, 3.58, 0.0, 0.0], [0.0, 0.47, 0.0, 0.66, 271.61, 271.62, 0.0, 1.0], [0.2, 25.0, 0.0, 0.0])
(130327716, [1.0, 3.58, 0.0, 0.57, 0.0, 3.58, 0.0, 3.58, 0.0, 0.0], [0.0, 0.48, 0.0, 0.65, 271.6, 271.62, 0.0, 1.0], [0.2, 25.0, 0.0, 0.0])
(130427018, [1.0, 3.58, 0.0, 0.57, 0.0, 3.58, 0.0, 3.58, 0.0, 0.0], [0.0, 0.48, 0.0, 0.66, 271.61, 271.62, 0.0, 1.0], [0.2, 25.0, 0.0, 0.0])
(130527035, [1.0, 3.58, 0.0, 0.57, 0.0, 3.58, 0.0, 3.58, 0.0, 0.0], [0.0, 0.49, 0.0, 0.66, 271.61, 271.62, 0.0, 1.0], [0.2, 25.0, 0.0, 0.0])
(130627313, [2.0, 3.58, 0.0, 0.57, 0.0, 3.58, 0.0, 3.58, 0.0, 0.0], [0.0, 0.5, 0.0, 0.65, 271.61, 271.63, 0.0, 1.0], [0.2, 25.0, 0.0, 0.0])
(130726918, [2.0, 3.58, 0.0, 0.57, 0.0, 3.58, 0.0, 3.58, 0.0, 0.0], [0.0, 0.5, 0.0, 0.64, 271.61, 271.63, 0.0, 1.0], [0.2, 25.0, 0.0, 0.0])
(130827107, [1.0, 3.58, 0.0, 0.57, 0.0, 3.58, 0.0, 3.58, 0.0, 0.0], [0.0, 0.51, 0.0, 0.65, 271.62, 271.64, 0.0, 1.0], [0.2, 25.0, 0.0, 0.0])
(130926866, [1.0, 3.58, 0.0, 0.57, 0.0, 3.58, 0.0, 3.58, 0.0, 0.0], [0.0, 0.52, 0.0, 0.64, 271.63, 271.65, 0.0, 1.0], [0.2, 25.0, 0.0, 0.0])
(131026906, [1.0, 3.58, 0.0, 0.57, 0.0, 3.58, 0.0, 3.58, 0.0, 0.0], [0.0, 0.53, 0.0, 0.64, 271.63, 271.65, 0.0, 1.0], [0.2, 25.0, 0.0, 0.0])
(131127019, [2.0, 3.58, 0.0, 0.57, 0.0, 3.58, 0.0, 3.58, 0.0, 0.0], [0.0, 0.53, 0.0, 0.64, 271.63, 271.65, 0.0, 1.0], [0.2, 25.0, 0.0, 0.0])
(131226866, [2.0, 3.58, 0.0, 0.57, 0.0, 3.58, 0.0, 3.58, 0.0, 0.0], [0.0, 0.53, 0.0, 0.64, 271.64, 271.65, 0.0, 1.0], [0.2, 25.0, 0.0, 0.0])
(131326854, [1.0, 3.58, 0.0, 0.57, 0.0, 3.58, 0.0, 3.58, 0.0, 0.0], [0.0, 0.53, 0.0, 0.64, 271.64, 271.66, 0.0, 1.0], [0.2, 25.0, 0.0, 0.0])
(131427003, [1.0, 3.58, 0.0, 0.57, 0.0, 3.58, 0.0, 3.58, 0.0, 0.0], [0.0, 0.54, 0.0, 0.63, 271.65, 271.66, 0.0, 1.0], [0.2, 25.0, 0.0, 0.0])
(131527017, [1.0, 3.58, 0.0, 0.57, 0.0, 3.58, 0.0, 3.58, 0.0, 0.0], [0.0, 0.54, 0.0, 0.63, 271.65, 271.66, 0.0, 1.0], [0.2, 25.0, 0.0, 0.0])
(131627071, [1.0, 3.58, 0.0, 0.57, 0.0, 3.58, 0.0, 3.58, 0.0, 0.0], [0.0, 0.55, 0.0, 0.64, 271.65, 271.66, 0.0, 1.0], [0.2, 25.0, 0.0, 0.0])
(131727098, [2.0, 3.58, 0.0, 0.57, 0.0, 3.58, 0.0, 3.58, 0.0, 0.0], [0.0, 0.56, 0.0, 0.63, 271.66, 271.67, 0.0, 1.0], [0.2, 25.0, 0.0, 0.0])
(131827039, [2.0, 3.58, 0.0, 0.57, 0.0, 3.58, 0.0, 3.58, 0.0, 0.0], [0.0, 0.57, 0.0, 0.62, 271.66, 271.68, 0.0, 1.0], [0.2, 25.0, 0.0, 0.0])
(131927026, [1.0, 3.58, 0.0, 0.57, 0.0, 3.58, 0.0, 3.58, 0.0, 0.0], [0.0, 0.58, 0.0, 0.62, 271.67, 271.68, 0.0, 1.0], [0.2, 25.0, 0.0, 0.0])
(132026900, [1.0, 3.58, 0.0, 0.57, 0.0, 3.58, 0.0, 3.58, 0.0, 0.0], [0.0, 0.58, 0.0, 0.62, 271.67, 271.69, 0.0, 1.0], [0.2, 25.0, 0.0, 0.0])
(132127176, [1.0, 3.58, 0.0, 0.57, 0.0, 3.58, 0.0, 3.58, 0.0, 0.0], [0.0, 0.58, 0.0, 0.61, 271.67, 271.69, 0.0, 1.0], [0.2, 25.0, 0.0, 0.0])
(132226970, [2.0, 3.58, 0.0, 0.57, 0.0, 3.58, 0.0, 3.58, 0.0, 0.0], [0.0, 0.59, 0.0, 0.61, 271.68, 271.69, 0.0, 1.0], [0.2, 25.0, 0.0, 0.0])
(132326853, [2.0, 3.58, 0.0, 0.57, 0.0, 3.58, 0.0, 3.58, 0.0, 0.0], [0.0, 0.59, 0.0, 0.61, 271.68, 271.69, 0.0, 1.0], [0.2, 25.0, 0.0, 0.0])
(132426899, [1.0, 3.58, 0.0, 0.57, 0.0, 3.58, 0.0, 3.58, 0.0, 0.0], [0.0, 0.6, 0.0, 0.61, 271.68, 271.69, 0.0, 1.0], [0.2, 25.0, 0.0, 0.0])
(132526994, [1.0, 3.58, 0.0, 0.57, 0.0, 3.58, 0.0, 3.58, 0.0, 0.0], [0.0, 0.61, 0.0, 0.6, 271.69, 271.7, 0.0, 1.0], [0.2, 25.0, 0.0, 0.0])
(132626871, [1.0, 3.58, 0.0, 0.57, 0.0, 3.58, 0.0, 3.58, 0.0, 0.0], [0.0, 0.62, 0.0, 0.59, 271.69, 271.71, 0.0, 1.0], [0.2, 25.0, 0.0, 0.0])
(132727012, [2.0, 3.58, 0.0, 0.57, 0.0, 3.58, 0.0, 3.58, 0.0, 0.0], [0.0, 0.63, 0.0, 0.6, 271.69, 271.7, 0.0, 1.0], [0.2, 25.0, 0.0, 0.0])
(132827043, [2.0, 3.58, 0.0, 0.57, 0.0, 3.58, 0.0, 3.58, 0.0, 0.0], [0.0, 0.63, 0.0, 0.6, 271.7, 271.71, 0.0, 1.0], [0.2, 25.0, 0.0, 0.0])
(132927011, [1.0, 3.58, 0.0, 0.57, 0.0, 3.58, 0.0, 3.58, 0.0, 0.0], [0.0, 0.64, 0.0, 0.59, 271.7, 271.72, 0.0, 1.0], [0.2, 25.0, 0.0, 0.0])
(133027005, [1.0, 3.58, 0.0, 0.57, 0.0, 3.58, 0.0, 3.58, 0.0, 0.0], [0.0, 0.65, 0.0, 0.58, 271.71, 271.73, 0.0, 1.0], [0.2, 25.0, 0.0, 0.0])
(133126996, [1.0, 3.58, 0.0, 0.57, 0.0, 3.58, 0.0, 3.58, 0.0, 0.0], [0.0, 0.65, 0.0, 0.58, 271.71, 271.72, 0.0, 1.0], [0.2, 25.0, 0.0, 0.0])
(133227050, [2.0, 3.58, 0.0, 0.57, 0.0, 3.58, 0.0, 3.58, 0.0, 0.0], [0.0, 0.65, 0.0, 0.59, 271.71, 271.73, 0.0, 1.0], [0.2, 25.0, 0.0, 0.0])
(133326988, [2.0, 3.58, 0.0, 0.57, 0.0, 3.58, 0.0, 3.58, 0.0, 0.0], [0.0, 0.65, 0.0, 0.59, 271.72, 271.74, 0.0, 1.0], [0.2, 25.0, 0.0, 0.0])
(133426849, [1.0, 3.58, 0.0, 0.57, 0.0, 3.58, 0.0, 3.58, 0.0, 0.0], [0.0, 0.66, 0.0, 0.58, 271.73, 271.74, 0.0, 1.0], [0.2, 25.0, 0.0, 0.0])
(133526988, [1.0, 3.58, 0.0, 0.57, 0.0, 3.58, 0.0, 3.58, 0.0, 0.0], [0.0, 0.66, 0.0, 0.58, 271.72, 271.74, 0.0, 1.0], [0.2, 25.0, 0.0, 0.0])
(133627130, [1.0, 3.58, 0.0, 0.57, 0.0, 3.58, 0.0, 3.58, 0.0, 0.0], [0.0, 0.67, 0.0, 0.58, 271.73, 271.75, 0.0, 1.0], [0.2, 25.0, 0.0, 0.0])
(133726965, [2.0, 3.58, 0.0, 0.57, 0.0, 3.58, 0.0, 3.58, 0.0, 0.0], [0.0, 0.68, 0.0, 0.58, 271.73, 271.75, 0.0, 1.0], [0.2, 25.0, 0.0, 0.0])
(133827041, [2.0, 3.58, 0.0, 0.57, 0.0, 3.58, 0.0, 3.58, 0.0, 0.0], [0.0, 0.68, 0.0, 0.57, 271.73, 271.75, 0.0, 1.0], [0.2, 25.0, 0.0, 0.0])
(133926875, [1.0, 3.58, 0.0, 0.57, 0.0, 3.58, 0.0, 3.58, 0.0, 0.0], [0.0, 0.69, 0.0, 0.57, 271.73, 271.75, 0.0, 1.0], [0.2, 25.0, 0.0, 0.0])
(134026974, [1.0, 3.58, 0.0, 0.57, 0.0, 3.58, 0.0, 3.58, 0.0, 0.0], [0.0, 0.7, 0.0, 0.57, 271.74, 271.76, 0.0, 1.0], [0.2, 25.0, 0.0, 0.0])
(134126873, [1.0, 3.58, 0.0, 0.57, 0.0, 3.58, 0.0, 3.58, 0.0, 0.0], [0.0, 0.71, 0.0, 0.58, 271.75, 271.76, 0.0, 1.0], [0.2, 25.0, 0.0, 0.0])
(134226977, [2.0, 3.58, 0.0, 0.57, 0.0, 3.58, 0.0, 3.58, 0.0, 0.0], [0.0, 0.71, 0.0, 0.57, 271.75, 271.77, 0.0, 1.0], [0.2, 25.0, 0.0, 0.0])
(134326865, [2.0, 3.58, 0.0, 0.57, 0.0, 3.58, 0.0, 3.58, 0.0, 0.0], [0.0, 0.73, 0.0, 0.56, 271.75, 271.77, 0.0, 1.0], [0.2, 25.0, 0.0, 0.0])
(134427028, [1.0, 3.58, 0.0, 0.57, 0.0, 3.58, 0.0, 3.58, 0.0, 0.0], [0.0, 0.73, 0.0, 0.56, 271.76, 271.77, 0.0, 1.0], [0.2, 25.0, 0.0, 0.0])
(134527016, [1.0, 3.58, 0.0, 0.57, 0.0, 3.58, 0.0, 3.58, 0.0, 0.0], [0.0, 0.74, 0.0, 0.57, 271.76, 271.78, 0.0, 1.0], [0.2, 25.0, 0.0, 0.0])
(134627081, [1.0, 3.58, 0.0, 0.57, 0.0, 3.58, 0.0, 3.58, 0.0, 0.0], [0.0, 0.74, 0.0, 0.57, 271.77, 271.78, 0.0, 1.0], [0.2, 25.0, 0.0, 0.0])
(134727039, [2.0, 3.58, 0.0, 0.57, 0.0, 3.58, 0.0, 3.58, 0.0, 0.0], [0.0, 0.75, 0.0, 0.56, 271.77, 271.79, 0.0, 1.0], [0.2, 25.0, 0.0, 0.0])
(134827281, [2.0, 3.58, 0.0, 0.57, 0.0, 3.58, 0.0, 3.58, 0.0, 0.0], [0.0, 0.76, 0.0, 0.55, 271.78, 271.8, 0.0, 1.0], [0.2, 25.0, 0.0, 0.0])
(134926997, [1.0, 3.58, 0.0, 0.57, 0.0, 3.58, 0.0, 3.58, 0.0, 0.0], [0.0, 0.76, 0.0, 0.56, 271.77, 271.79, 0.0, 1.0], [0.2, 25.0, 0.0, 0.0])
(135027088, [1.0, 3.58, 0.0, 0.57, 0.0, 3.58, 0.0, 3.58, 0.0, 0.0], [0.0, 0.77, 0.0, 0.56, 271.79, 271.8, 0.0, 1.0], [0.2, 25.0, 0.0, 0.0])
(135127365, [1.0, 3.58, 0.0, 0.57, 0.0, 3.58, 0.0, 3.58, 0.0, 0.0], [0.0, 0.77, 0.0, 0.56, 271.79, 271.81, 0.0, 1.0], [0.2, 25.0, 0.0, 0.0])
(135227032, [2.0, 3.58, 0.0, 0.57, 0.0, 3.58, 0.0, 3.58, 0.0, 0.0], [0.0, 0.78, 0.0, 0.55, 271.79, 271.81, 0.0, 1.0], [0.2, 25.0, 0.0, 0.0])
(135326969, [2.0, 3.58, 0.0, 0.57, 0.0, 3.58, 0.0, 3.58, 0.0, 0.0], [0.0, 0.78, 0.0, 0.56, 271.8, 271.81, 0.0, 1.0], [0.2, 25.0, 0.0, 0.0])
(135426861, [1.0, 3.58, 0.0, 0.57, 0.0, 3.58, 0.0, 3.58, 0.0, 0.0], [0.0, 0.79, 0.0, 0.56, 271.8, 271.82, 0.0, 1.0], [0.2, 25.0, 0.0, 0.0])
(135527074, [1.0, 3.58, 0.0, 0.57, 0.0, 3.58, 0.0, 3.58, 0.0, 0.0], [0.0, 0.79, 0.0, 0.56, 271.81, 271.83, 0.0, 1.0], [0.2, 25.0, 0.0, 0.0])
(135626898, [1.0, 3.58, 0.0, 0.57, 0.0, 3.58, 0.0, 3.58, 0.0, 0.0], [0.0, 0.79, 0.0, 0.56, 271.81, 271.83, 0.0, 1.0], [0.2, 25.0, 0.0, 0.0])
(135726943, [2.0, 3.58, 0.0, 0.57, 0.0, 3.58, 0.0, 3.58, 0.0, 0.0], [0.0, 0.8, 0.0, 0.56, 271.81, 271.83, 0.0, 1.0], [0.2, 25.0, 0.0, 0.0])
(135827057, [2.0, 3.58, 0.0, 0.57, 0.0, 3.58, 0.0, 3.58, 0.0, 0.0], [0.0, 0.81, 0.0, 0.56, 271.81, 271.83, 0.0, 1.0], [0.2, 25.0, 0.0, 0.0])
(135927022, [1.0, 3.58, 0.0, 0.57, 0.0, 3.58, 0.0, 3.58, 0.0, 0.0], [0.0, 0.82, 0.0, 0.56, 271.82, 271.84, 0.0, 1.0], [0.2, 25.0, 0.0, 0.0])
(136027068, [1.0, 3.58, 0.0, 0.57, 0.0, 3.58, 0.0, 3.58, 0.0, 0.0], [0.0, 0.82, 0.0, 0.56, 271.82, 271.84, 0.0, 1.0], [0.2, 25.0, 0.0, 0.0])
(136127079, [1.0, 3.58, 0.0, 0.57, 0.0, 3.58, 0.0, 3.58, 0.0, 0.0], [0.0, 0.83, 0.0, 0.56, 271.83, 271.85, 0.0, 1.0], [0.2, 25.0, 0.0, 0.0])
(136227015, [2.0, 3.58, 0.0, 0.57, 0.0, 3.58, 0.0, 3.58, 0.0, 0.0], [0.0, 0.84, 0.0, 0.56, 271.84, 271.86, 0.0, 1.0], [0.2, 25.0, 0.0, 0.0])
(136327020, [2.0, 3.58, 0.0, 0.57, 0.0, 3.58, 0.0, 3.58, 0.0, 0.0], [0.0, 0.84, 0.0, 0.56, 271.83, 271.85, 0.0, 1.0], [0.2, 25.0, 0.0, 0.0])
(136427024, [1.0, 3.58, 0.0, 0.57, 0.0, 3.58, 0.0, 3.58, 0.0, 0.0], [0.0, 0.85, 0.0, 0.56, 271.84, 271.86, 0.0, 1.0], [0.2, 25.0, 0.0, 0.0])
(136527421, [1.0, 3.58, 0.0, 0.57, 0.0, 3.58, 0.0, 3.58, 0.0, 0.0], [0.0, 0.86, 0.0, 0.56, 271.85, 271.87, 0.0, 1.0], [0.2, 25.0, 0.0, 0.0])
(136627396, [1.0, 3.58, 0.0, 0.57, 0.0, 3.58, 0.0, 3.58, 0.0, 0.0], [0.0, 0.86, 0.0, 0.56, 271.85, 271.87, 0.0, 1.0], [0.2, 25.0, 0.0, 0.0])
(136726992, [2.0, 3.58, 0.0, 0.57, 0.0, 3.58, 0.0, 3.58, 0.0, 0.0], [0.0, 0.87, 0.0, 0.55, 271.86, 271.88, 0.0, 1.0], [0.2, 25.0, 0.0, 0.0])
(136827048, [2.0, 3.58, 0.0, 0.57, 0.0, 3.58, 0.0, 3.58, 0.0, 0.0], [0.0, 0.88, 0.0, 0.55, 271.86, 271.88, 0.0, 1.0], [0.2, 25.0, 0.0, 0.0])
(136927005, [1.0, 3.58, 0.0, 0.57, 0.0, 3.58, 0.0, 3.58, 0.0, 0.0], [0.0, 0.88, 0.0, 0.55, 271.86, 271.88, 0.0, 1.0], [0.2, 25.0, 0.0, 0.0])
(137027296, [1.0, 3.58, 0.0, 0.57, 0.0, 3.58, 0.0, 3.58, 0.0, 0.0], [0.0, 0.89, 0.0, 0.56, 271.87, 271.89, 0.0, 1.0], [0.2, 25.0, 0.0, 0.0])
(137126868, [1.0, 3.58, 0.0, 0.57, 0.0, 3.58, 0.0, 3.58, 0.0, 0.0], [0.0, 0.9, 0.0, 0.56, 271.88, 271.9, 0.0, 1.0], [0.2, 25.0, 0.0, 0.0])
(137227058, [2.0, 3.58, 0.0, 0.57, 0.0, 3.58, 0.0, 3.58, 0.0, 0.0], [0.0, 0.9, 0.0, 0.56, 271.88, 271.9, 0.0, 1.0], [0.2, 25.0, 0.0, 0.0])
(137326974, [2.0, 3.58, 0.0, 0.57, 0.0, 3.58, 0.0, 3.58, 0.0, 0.0], [0.0, 0.91, 0.0, 0.56, 271.89, 271.91, 0.0, 1.0], [0.2, 25.0, 0.0, 0.0])
(137427055, [1.0, 3.58, 0.0, 0.57, 0.0, 3.58, 0.0, 3.58, 0.0, 0.0], [0.0, 0.91, 0.0, 0.56, 271.9, 271.92, 0.0, 1.0], [0.2, 25.0, 0.0, 0.0])
(137527018, [1.0, 3.58, 0.0, 0.57, 0.0, 3.58, 0.0, 3.58, 0.0, 0.0], [0.0, 0.92, 0.0, 0.56, 271.9, 271.92, 0.0, 1.0], [0.2, 25.0, 0.0, 0.0])
(137627705, [1.0, 3.58, 0.0, 0.57, 0.0, 3.58, 0.0, 3.58, 0.0, 0.0], [0.0, 0.92, 0.0, 0.57, 271.91, 271.92, 0.0, 1.0], [0.2, 25.0, 0.0, 0.0])
(137727147, [2.0, 3.58, 0.0, 0.57, 0.0, 3.58, 0.0, 3.58, 0.0, 0.0], [0.0, 0.93, 0.0, 0.57, 271.91, 271.93, 0.0, 1.0], [0.2, 25.0, 0.0, 0.0])
(137826980, [2.0, 3.58, 0.0, 0.57, 0.0, 3.58, 0.0, 3.58, 0.0, 0.0], [0.0, 0.94, 0.0, 0.57, 271.91, 271.93, 0.0, 1.0], [0.2, 25.0, 0.0, 0.0])
(137927020, [1.0, 3.58, 0.0, 0.57, 0.0, 3.58, 0.0, 3.58, 0.0, 0.0], [0.0, 0.94, 0.0, 0.56, 271.92, 271.93, 0.0, 1.0], [0.2, 25.0, 0.0, 0.0])
(138027054, [1.0, 3.58, 0.0, 0.57, 0.0, 3.58, 0.0, 3.58, 0.0, 0.0], [0.0, 0.95, 0.0, 0.56, 271.92, 271.94, 0.0, 1.0], [0.2, 25.0, 0.0, 0.0])
(138127040, [1.0, 3.58, 0.0, 0.57, 0.0, 3.58, 0.0, 3.58, 0.0, 0.0], [0.0, 0.95, 0.0, 0.57, 271.93, 271.95, 0.0, 1.0], [0.2, 25.0, 0.0, 0.0])
(138227030, [2.0, 3.58, 0.0, 0.57, 0.0, 3.58, 0.0, 3.58, 0.0, 0.0], [0.0, 0.96, 0.0, 0.57, 271.92, 271.94, 0.0, 1.0], [0.2, 25.0, 0.0, 0.0])
(138326995, [2.0, 3.58, 0.0, 0.57, 0.0, 3.58, 0.0, 3.58, 0.0, 0.0], [0.0, 0.96, 0.0, 0.57, 271.93, 271.95, 0.0, 1.0], [0.2, 25.0, 0.0, 0.0])
(138426843, [1.0, 3.58, 0.0, 0.57, 0.0, 3.58, 0.0, 3.58, 0.0, 0.0], [0.0, 0.97, 0.0, 0.57, 271.94, 271.96, 0.0, 1.0], [0.2, 25.0, 0.0, 0.0])
(138526970, [1.0, 3.58, 0.0, 0.57, 0.0, 3.58, 0.0, 3.58, 0.0, 0.0], [0.0, 0.98, 0.0, 0.57, 271.95, 271.97, 0.0, 1.0], [0.2, 25.0, 0.0, 0.0])
(138627301, [1.0, 3.58, 0.0, 0.57, 0.0, 3.58, 0.0, 3.58, 0.0, 0.0], [0.0, 0.99, 0.0, 0.57, 271.95, 271.97, 0.0, 1.0], [0.2, 25.0, 0.0, 0.0])
(138727106, [2.0, 3.58, 0.0, 0.57, 0.0, 3.58, 0.0, 3.58, 0.0, 0.0], [0.0, 0.99, 0.0, 0.57, 271.96, 271.98, 0.0, 1.0], [0.2, 25.0, 0.0, 0.0])
(138826867, [2.0, 3.58, 0.0, 0.57, 0.0, 3.58, 0.0, 3.58, 0.0, 0.0], [0.0, 0.99, 0.0, 0.56, 271.96, 271.98, 0.0, 1.0], [0.2, 25.0, 0.0, 0.0])
(138927015, [1.0, 3.58, 0.0, 0.57, 0.0, 3.58, 0.0, 3.58, 0.0, 0.0], [0.0, 1.0, 0.0, 0.55, 271.96, 271.98, 0.0, 1.0], [0.2, 25.0, 0.0, 0.0])
(139026879, [1.0, 3.58, 0.0, 0.57, 0.0, 3.58, 0.0, 3.58, 0.0, 0.0], [0.0, 1.01, 0.0, 0.56, 271.96, 271.98, 0.0, 1.0], [0.2, 25.0, 0.0, 0.0])
(139126879, [1.0, 3.58, 0.0, 0.57, 0.0, 3.58, 0.0, 3.58, 0.0, 0.0], [0.0, 1.02, 0.0, 0.56, 271.97, 271.99, 0.0, 1.0], [0.2, 25.0, 0.0, 0.0])
(139227046, [2.0, 3.58, 0.0, 0.57, 0.0, 3.58, 0.0, 3.58, 0.0, 0.0], [0.0, 1.02, 0.0, 0.56, 271.98, 272.0, 0.0, 1.0], [0.2, 25.0, 0.0, 0.0])
(139327001, [2.0, 3.58, 0.0, 0.57, 0.0, 3.58, 0.0, 3.58, 0.0, 0.0], [0.0, 1.03, 0.0, 0.56, 271.98, 272.0, 0.0, 1.0], [0.2, 25.0, 0.0, 0.0])
(139426990, [1.0, 3.58, 0.0, 0.57, 0.0, 3.58, 0.0, 3.58, 0.0, 0.0], [0.0, 1.04, 0.0, 0.56, 271.99, 272.01, 0.0, 1.0], [0.2, 25.0, 0.0, 0.0])
(139527032, [1.0, 3.58, 0.0, 0.57, 0.0, 3.58, 0.0, 3.58, 0.0, 0.0], [0.0, 1.04, 0.0, 0.56, 272.0, 272.02, 0.0, 1.0], [0.2, 25.0, 0.0, 0.0])
(139627043, [1.0, 3.58, 0.0, 0.57, 0.0, 3.58, 0.0, 3.58, 0.0, 0.0], [0.0, 1.05, 0.0, 0.56, 272.0, 272.02, 0.0, 1.0], [0.2, 25.0, 0.0, 0.0])
(139727480, [2.0, 3.58, 0.0, 0.57, 0.0, 3.58, 0.0, 3.58, 0.0, 0.0], [0.0, 1.05, 0.0, 0.56, 272.0, 272.02, 0.0, 1.0], [0.2, 25.0, 0.0, 0.0])
(139826845, [2.0, 3.58, 0.0, 0.57, 0.0, 3.58, 0.0, 3.58, 0.0, 0.0], [0.0, 1.06, 0.0, 0.56, 272.01, 272.03, 0.0, 1.0], [0.2, 25.0, 0.0, 0.0])
(139927096, [1.0, 3.58, 0.0, 0.57, 0.0, 3.58, 0.0, 3.58, 0.0, 0.0], [0.0, 1.07, 0.0, 0.56, 272.01, 272.03, 0.0, 1.0], [0.2, 25.0, 0.0, 0.0])
(140026886, [1.0, 3.58, 0.0, 0.57, 0.0, 3.58, 0.0, 3.58, 0.0, 0.0], [0.0, 1.07, 0.0, 0.56, 272.01, 272.03, 0.0, 1.0], [0.2, 25.0, 0.0, 0.0])
(140126861, [1.0, 3.58, 0.0, 0.57, 0.0, 3.58, 0.0, 3.58, 0.0, 0.0], [0.0, 1.08, 0.0, 0.55, 272.02, 272.04, 0.0, 1.0], [0.2, 25.0, 0.0, 0.0])
(140227026, [2.0, 3.58, 0.0, 0.57, 0.0, 3.58, 0.0, 3.58, 0.0, 0.0], [0.0, 1.08, 0.0, 0.55, 272.03, 272.05, 0.0, 1.0], [0.2, 25.0, 0.0, 0.0])
(140327041, [2.0, 3.58, 0.0, 0.57, 0.0, 3.58, 0.0, 3.58, 0.0, 0.0], [0.0, 1.09, 0.0, 0.55, 272.03, 272.05, 0.0, 1.0], [0.2, 25.0, 0.0, 0.0])
(140427465, [1.0, 3.58, 0.0, 0.57, 0.0, 3.58, 0.0, 3.58, 0.0, 0.0], [0.0, 1.09, 0.0, 0.55, 272.03, 272.05, 0.0, 1.0], [0.2, 25.0, 0.0, 0.0])
(140527095, [1.0, 3.58, 0.0, 0.57, 0.0, 3.58, 0.0, 3.58, 0.0, 0.0], [0.0, 1.1, 0.0, 0.55, 272.04, 272.06, 0.0, 1.0], [0.2, 25.0, 0.0, 0.0])
(140627029, [1.0, 3.58, 0.0, 0.57, 0.0, 3.58, 0.0, 3.58, 0.0, 0.0], [0.0, 1.09, 0.0, 0.55, 272.04, 272.06, 0.0, 1.0], [0.2, 25.0, 0.0, 0.0])
(140727001, [2.0, 3.58, 0.0, 0.57, 0.0, 3.58, 0.0, 3.58, 0.0, 0.0], [0.0, 1.1, 0.0, 0.55, 272.04, 272.06, 0.0, 1.0], [0.2, 25.0, 0.0, 0.0])
(140827016, [2.0, 3.58, 0.0, 0.57, 0.0, 3.58, 0.0, 3.58, 0.0, 0.0], [0.0, 1.1, 0.0, 0.56, 272.05, 272.07, 0.0, 1.0], [0.2, 25.0, 0.0, 0.0])
(140927110, [1.0, 3.58, 0.0, 0.57, 0.0, 3.58, 0.0, 3.58, 0.0, 0.0], [0.0, 1.11, 0.0, 0.56, 272.06, 272.08, 0.0, 1.0], [0.2, 25.0, 0.0, 0.0])
(141027024, [1.0, 3.58, 0.0, 0.57, 0.0, 3.58, 0.0, 3.58, 0.0, 0.0], [0.0, 1.11, 0.0, 0.56, 272.07, 272.09, 0.0, 1.0], [0.2, 25.0, 0.0, 0.0])
(141127024, [1.0, 3.58, 0.0, 0.57, 0.0, 3.58, 0.0, 3.58, 0.0, 0.0], [0.0, 1.12, 0.0, 0.57, 272.07, 272.09, 0.0, 1.0], [0.2, 25.0, 0.0, 0.0])
(141227164, [1.0, 3.58, 0.0, 0.57, 0.0, 3.58, 0.0, 3.58, 0.0, 0.0], [0.0, 1.13, 0.0, 0.56, 272.07, 272.1, 0.0, 1.0], [0.2, 25.0, 0.0, 0.0])
(141327019, [2.0, 3.58, 0.0, 0.57, 0.0, 3.58, 0.0, 3.58, 0.0, 0.0], [0.0, 1.13, 0.0, 0.56, 272.08, 272.1, 0.0, 1.0], [0.2, 25.0, 0.0, 0.0])
(141426890, [2.0, 3.58, 0.0, 0.57, 0.0, 3.58, 0.0, 3.58, 0.0, 0.0], [0.0, 1.14, 0.0, 0.56, 272.09, 272.11, 0.0, 1.0], [0.2, 25.0, 0.0, 0.0])
(141527030, [1.0, 3.58, 0.0, 0.57, 0.0, 3.58, 0.0, 3.58, 0.0, 0.0], [0.0, 1.14, 0.0, 0.56, 272.08, 272.1, 0.0, 1.0], [0.2, 25.0, 0.0, 0.0])
(141627018, [1.0, 3.58, 0.0, 0.57, 0.0, 3.58, 0.0, 3.58, 0.0, 0.0], [0.0, 1.15, 0.0, 0.57, 272.08, 272.1, 0.0, 1.0], [0.2, 25.0, 0.0, 0.0])
(141727064, [1.0, 3.58, 0.0, 0.57, 0.0, 3.58, 0.0, 3.58, 0.0, 0.0], [0.0, 1.16, 0.0, 0.57, 272.09, 272.11, 0.0, 1.0], [0.2, 25.0, 0.0, 0.0])
(141826856, [2.0, 3.58, 0.0, 0.57, 0.0, 3.58, 0.0, 3.58, 0.0, 0.0], [0.0, 1.16, 0.0, 0.57, 272.09, 272.11, 0.0, 1.0], [0.2, 25.0, 0.0, 0.0])
(141927018, [2.0, 3.58, 0.0, 0.57, 0.0, 3.58, 0.0, 3.58, 0.0, 0.0], [0.0, 1.17, 0.0, 0.58, 272.09, 272.11, 0.0, 1.0], [0.2, 25.0, 0.0, 0.0])
(142026999, [1.0, 3.58, 0.0, 0.57, 0.0, 3.58, 0.0, 3.58, 0.0, 0.0], [0.0, 1.17, 0.0, 0.58, 272.1, 272.12, 0.0, 1.0], [0.2, 25.0, 0.0, 0.0])
(142126873, [1.0, 3.58, 0.0, 0.57, 0.0, 3.58, 0.0, 3.58, 0.0, 0.0], [0.0, 1.17, 0.0, 0.58, 272.1, 272.12, 0.0, 1.0], [0.2, 25.0, 0.0, 0.0])
(142227025, [1.0, 3.58, 0.0, 0.57, 0.0, 3.58, 0.0, 3.58, 0.0, 0.0], [0.0, 1.17, 0.0, 0.58, 272.11, 272.13, 0.0, 1.0], [0.2, 25.0, 0.0, 0.0])
(142326877, [2.0, 3.58, 0.0, 0.57, 0.0, 3.58, 0.0, 3.58, 0.0, 0.0], [0.0, 1.18, 0.0, 0.57, 272.11, 272.13, 0.0, 1.0], [0.2, 25.0, 0.0, 0.0])
(142427048, [2.0, 3.58, 0.0, 0.57, 0.0, 3.58, 0.0, 3.58, 0.0, 0.0], [0.0, 1.18, 0.0, 0.57, 272.12, 272.14, 0.0, 1.0], [0.2, 25.0, 0.0, 0.0])
(142527420, [1.0, 3.58, 0.0, 0.57, 0.0, 3.58, 0.0, 3.58, 0.0, 0.0], [0.0, 1.19, 0.0, 0.57, 272.13, 272.15, 0.0, 1.0], [0.2, 25.0, 0.0, 0.0])
(142627122, [1.0, 3.58, 0.0, 0.57, 0.0, 3.58, 0.0, 3.58, 0.0, 0.0], [0.0, 1.19, 0.0, 0.57, 272.13, 272.15, 0.0, 1.0], [0.2, 25.0, 0.0, 0.0])
(142727645, [1.0, 3.58, 0.0, 0.57, 0.0, 3.58, 0.0, 3.58, 0.0, 0.0], [0.0, 1.2, 0.0, 0.58, 272.13, 272.15, 0.0, 1.0], [0.2, 25.0, 0.0, 0.0])
(142827407, [2.0, 3.58, 0.0, 0.57, 0.0, 3.58, 0.0, 3.58, 0.0, 0.0], [0.0, 1.2, 0.0, 0.57, 272.13, 272.15, 0.0, 1.0], [0.2, 25.0, 0.0, 0.0])
(142927571, [2.0, 3.58, 0.0, 0.57, 0.0, 3.58, 0.0, 3.58, 0.0, 0.0], [0.0, 1.2, 0.0, 0.57, 272.13, 272.15, 0.0, 1.0], [0.2, 25.0, 0.0, 0.0])
(143026875, [1.0, 3.58, 0.0, 0.57, 0.0, 3.58, 0.0, 3.58, 0.0, 0.0], [0.0, 1.2, 0.0, 0.58, 272.14, 272.16, 0.0, 1.0], [0.2, 25.0, 0.0, 0.0])
(143126863, [1.0, 3.58, 0.0, 0.57, 0.0, 3.58, 0.0, 3.58, 0.0, 0.0], [0.0, 1.2, 0.0, 0.58, 272.14, 272.16, 0.0, 1.0], [0.2, 25.0, 0.0, 0.0])
(143227152, [1.0, 3.58, 0.0, 0.57, 0.0, 3.58, 0.0, 3.58, 0.0, 0.0], [0.0, 1.21, 0.0, 0.58, 272.15, 272.17, 0.0, 1.0], [0.2, 25.0, 0.0, 0.0])
(143327068, [2.0, 3.58, 0.0, 0.57, 0.0, 3.58, 0.0, 3.58, 0.0, 0.0], [0.0, 1.21, 0.0, 0.58, 272.15, 272.17, 0.0, 1.0], [0.2, 25.0, 0.0, 0.0])
(143426863, [2.0, 3.58, 0.0, 0.57, 0.0, 3.58, 0.0, 3.58, 0.0, 0.0], [0.0, 1.21, 0.0, 0.59, 272.16, 272.18, 0.0, 1.0], [0.2, 25.0, 0.0, 0.0])
(143526863, [1.0, 3.58, 0.0, 0.57, 0.0, 3.58, 0.0, 3.58, 0.0, 0.0], [0.0, 1.22, 0.0, 0.59, 272.16, 272.18, 0.0, 1.0], [0.2, 25.0, 0.0, 0.0])
(143627030, [1.0, 3.58, 0.0, 0.57, 0.0, 3.58, 0.0, 3.58, 0.0, 0.0], [0.0, 1.23, 0.0, 0.58, 272.17, 272.19, 0.0, 1.0], [0.2, 25.0, 0.0, 0.0])
(143726954, [1.0, 3.58, 0.0, 0.57, 0.0, 3.58, 0.0, 3.58, 0.0, 0.0], [0.0, 1.23, 0.0, 0.58, 272.18, 272.2, 0.0, 1.0], [0.2, 25.0, 0.0, 0.0])
(143827013, [2.0, 3.58, 0.0, 0.57, 0.0, 3.58, 0.0, 3.58, 0.0, 0.0], [0.0, 1.23, 0.0, 0.58, 272.18, 272.2, 0.0, 1.0], [0.2, 25.0, 0.0, 0.0])
(143927061, [2.0, 3.58, 0.0, 0.57, 0.0, 3.58, 0.0, 3.58, 0.0, 0.0], [0.0, 1.23, 0.0, 0.58, 272.19, 272.21, 0.0, 1.0], [0.2, 25.0, 0.0, 0.0])
(144027079, [1.0, 3.58, 0.0, 0.57, 0.0, 3.58, 0.0, 3.58, 0.0, 0.0], [0.0, 1.23, 0.0, 0.58, 272.19, 272.21, 0.0, 1.0], [0.2, 25.0, 0.0, 0.0])
(144127068, [1.0, 3.58, 0.0, 0.57, 0.0, 3.58, 0.0, 3.58, 0.0, 0.0], [0.0, 1.24, 0.0, 0.58, 272.19, 272.21, 0.0, 1.0], [0.2, 25.0, 0.0, 0.0])
(144227048, [1.0, 3.58, 0.0, 0.57, 0.0, 3.58, 0.0, 3.58, 0.0, 0.0], [0.0, 1.24, 0.0, 0.59, 272.2, 272.22, 0.0, 1.0], [0.2, 25.0, 0.0, 0.0])
(144327024, [2.0, 3.58, 0.0, 0.57, 0.0, 3.58, 0.0, 3.58, 0.0, 0.0], [0.0, 1.24, 0.0, 0.59, 272.2, 272.23, 0.0, 1.0], [0.2, 25.0, 0.0, 0.0])
(144427132, [2.0, 3.58, 0.0, 0.57, 0.0, 3.58, 0.0, 3.58, 0.0, 0.0], [0.0, 1.25, 0.0, 0.59, 272.21, 272.23, 0.0, 1.0], [0.2, 25.0, 0.0, 0.0])
(144526973, [1.0, 3.58, 0.0, 0.57, 0.0, 3.58, 0.0, 3.58, 0.0, 0.0], [0.0, 1.25, 0.0, 0.6, 272.21, 272.23, 0.0, 1.0], [0.2, 25.0, 0.0, 0.0])
(144627369, [1.0, 3.58, 0.0, 0.57, 0.0, 3.58, 0.0, 3.58, 0.0, 0.0], [0.0, 1.26, 0.0, 0.59, 272.21, 272.24, 0.0, 1.0], [0.2, 25.0, 0.0, 0.0])
(144727099, [1.0, 3.58, 0.0, 0.57, 0.0, 3.58, 0.0, 3.58, 0.0, 0.0], [0.0, 1.26, 0.0, 0.59, 272.22, 272.24, 0.0, 1.0], [0.2, 25.0, 0.0, 0.0])
(144827021, [2.0, 3.58, 0.0, 0.57, 0.0, 3.58, 0.0, 3.58, 0.0, 0.0], [0.0, 1.26, 0.0, 0.59, 272.21, 272.24, 0.0, 1.0], [0.2, 25.0, 0.0, 0.0])
(144927023, [2.0, 3.58, 0.0, 0.57, 0.0, 3.58, 0.0, 3.58, 0.0, 0.0], [0.0, 1.26, 0.0, 0.59, 272.22, 272.24, 0.0, 1.0], [0.2, 25.0, 0.0, 0.0])
(145027014, [1.0, 3.58, 0.0, 0.57, 0.0, 3.58, 0.0, 3.58, 0.0, 0.0], [0.0, 1.26, 0.0, 0.6, 272.23, 272.25, 0.0, 1.0], [0.2, 25.0, 0.0, 0.0])
(145127012, [1.0, 3.58, 0.0, 0.57, 0.0, 3.58, 0.0, 3.58, 0.0, 0.0], [0.0, 1.26, 0.0, 0.6, 272.23, 272.25, 0.0, 1.0], [0.2, 25.0, 0.0, 0.0])
(145227066, [1.0, 3.58, 0.0, 0.57, 0.0, 3.58, 0.0, 3.58, 0.0, 0.0], [0.0, 1.26, 0.0, 0.6, 272.23, 272.25, 0.0, 1.0], [0.2, 25.0, 0.0, 0.0])
(145327047, [2.0, 3.58, 0.0, 0.57, 0.0, 3.58, 0.0, 3.58, 0.0, 0.0], [0.0, 1.26, 0.0, 0.61, 272.25, 272.27, 0.0, 1.0], [0.2, 25.0, 0.0, 0.0])
(145427436, [2.0, 3.58, 0.0, 0.57, 0.0, 3.58, 0.0, 3.58, 0.0, 0.0], [0.0, 1.26, 0.0, 0.61, 272.25, 272.27, 0.0, 1.0], [0.2, 25.0, 0.0, 0.0])
(145527018, [1.0, 3.58, 0.0, 0.57, 0.0, 3.58, 0.0, 3.58, 0.0, 0.0], [0.0, 1.27, 0.0, 0.61, 272.26, 272.28, 0.0, 1.0], [0.2, 25.0, 0.0, 0.0])
(145627109, [1.0, 3.58, 0.0, 0.57, 0.0, 3.58, 0.0, 3.58, 0.0, 0.0], [0.0, 1.27, 0.0, 0.61, 272.26, 272.28, 0.0, 1.0], [0.2, 25.0, 0.0, 0.0])
(145727099, [1.0, 3.58, 0.0, 0.57, 0.0, 3.58, 0.0, 3.58, 0.0, 0.0], [0.0, 1.28, 0.0, 0.6, 272.26, 272.28, 0.0, 1.0], [0.2, 25.0, 0.0, 0.0])
(145827118, [2.0, 3.58, 0.0, 0.57, 0.0, 3.58, 0.0, 3.58, 0.0, 0.0], [0.0, 1.28, 0.0, 0.6, 272.26, 272.28, 0.0, 1.0], [0.2, 25.0, 0.0, 0.0])
(145927015, [2.0, 3.58, 0.0, 0.57, 0.0, 3.58, 0.0, 3.58, 0.0, 0.0], [0.0, 1.28, 0.0, 0.6, 272.27, 272.29, 0.0, 1.0], [0.2, 25.0, 0.0, 0.0])
(146027651, [1.0, 3.58, 0.0, 0.57, 0.0, 3.58, 0.0, 3.58, 0.0, 0.0], [0.0, 1.28, 0.0, 0.6, 272.27, 272.3, 0.0, 1.0], [0.2, 25.0, 0.0, 0.0])
(146126840, [1.0, 3.58, 0.0, 0.57, 0.0, 3.58, 0.0, 3.58, 0.0, 0.0], [0.0, 1.29, 0.0, 0.6, 272.28, 272.31, 0.0, 1.0], [0.2, 25.0, 0.0, 0.0])
(146226901, [1.0, 3.58, 0.0, 0.57, 0.0, 3.58, 0.0, 3.58, 0.0, 0.0], [0.0, 1.29, 0.0, 0.6, 272.29, 272.31, 0.0, 1.0], [0.2, 25.0, 0.0, 0.0])
(146327022, [2.0, 3.58, 0.0, 0.57, 0.0, 3.58, 0.0, 3.58, 0.0, 0.0], [0.0, 1.3, 0.0, 0.6, 272.29, 272.31, 0.0, 1.0], [0.2, 25.0, 0.0, 0.0])
(146427694, [2.0, 3.58, 0.0, 0.57, 0.0, 3.58, 0.0, 3.58, 0.0, 0.0], [0.0, 1.3, 0.0, 0.6, 272.29, 272.31, 0.0, 1.0], [0.2, 25.0, 0.0, 0.0])
(146526860, [1.0, 3.58, 0.0, 0.57, 0.0, 3.58, 0.0, 3.58, 0.0, 0.0], [0.0, 1.31, 0.0, 0.6, 272.29, 272.31, 0.0, 1.0], [0.2, 25.0, 0.0, 0.0])
(146627033, [1.0, 3.58, 0.0, 0.57, 0.0, 3.58, 0.0, 3.58, 0.0, 0.0], [0.0, 1.31, 0.0, 0.6, 272.29, 272.32, 0.0, 1.0], [0.2, 25.0, 0.0, 0.0])
(146727108, [1.0, 3.58, 0.0, 0.57, 0.0, 3.58, 0.0, 3.58, 0.0, 0.0], [0.0, 1.31, 0.0, 0.6, 272.29, 272.31, 0.0, 1.0], [0.2, 25.0, 0.0, 0.0])
(146827377, [2.0, 3.58, 0.0, 0.57, 0.0, 3.58, 0.0, 3.58, 0.0, 0.0], [0.0, 1.31, 0.0, 0.6, 272.29, 272.31, 0.0, 1.0], [0.2, 25.0, 0.0, 0.0])
(146927004, [2.0, 3.58, 0.0, 0.57, 0.0, 3.58, 0.0, 3.58, 0.0, 0.0], [0.0, 1.31, 0.0, 0.61, 272.3, 272.32, 0.0, 1.0], [0.2, 25.0, 0.0, 0.0])
(147026983, [1.0, 3.58, 0.0, 0.57, 0.0, 3.58, 0.0, 3.58, 0.0, 0.0], [0.0, 1.32, 0.0, 0.61, 272.3, 272.32, 0.0, 1.0], [0.2, 25.0, 0.0, 0.0])
(147127000, [1.0, 3.58, 0.0, 0.57, 0.0, 3.58, 0.0, 3.58, 0.0, 0.0], [0.0, 1.32, 0.0, 0.61, 272.31, 272.33, 0.0, 1.0], [0.2, 25.0, 0.0, 0.0])
(147226988, [1.0, 3.58, 0.0, 0.57, 0.0, 3.58, 0.0, 3.58, 0.0, 0.0], [0.0, 1.32, 0.0, 0.61, 272.32, 272.34, 0.0, 1.0], [0.2, 25.0, 0.0, 0.0])
(147327021, [2.0, 3.58, 0.0, 0.57, 0.0, 3.58, 0.0, 3.58, 0.0, 0.0], [0.0, 1.33, 0.0, 0.61, 272.32, 272.34, 0.0, 1.0], [0.2, 25.0, 0.0, 0.0])
(147427131, [2.0, 3.58, 0.0, 0.57, 0.0, 3.58, 0.0, 3.58, 0.0, 0.0], [0.0, 1.33, 0.0, 0.61, 272.32, 272.34, 0.0, 1.0], [0.2, 25.0, 0.0, 0.0])
(147526840, [1.0, 3.58, 0.0, 0.57, 0.0, 3.58, 0.0, 3.58, 0.0, 0.0], [0.0, 1.34, 0.0, 0.6, 272.32, 272.34, 0.0, 1.0], [0.2, 25.0, 0.0, 0.0])
(147627057, [1.0, 3.58, 0.0, 0.57, 0.0, 3.58, 0.0, 3.58, 0.0, 0.0], [0.0, 1.34, 0.0, 0.61, 272.32, 272.34, 0.0, 1.0], [0.2, 25.0, 0.0, 0.0])
(147727082, [1.0, 3.58, 0.0, 0.57, 0.0, 3.58, 0.0, 3.58, 0.0, 0.0], [0.0, 1.34, 0.0, 0.61, 272.33, 272.35, 0.0, 1.0], [0.2, 25.0, 0.0, 0.0])
(147826964, [2.0, 3.58, 0.0, 0.57, 0.0, 3.58, 0.0, 3.58, 0.0, 0.0], [0.0, 1.34, 0.0, 0.61, 272.34, 272.36, 0.0, 1.0], [0.2, 25.0, 0.0, 0.0])
(147926864, [2.0, 3.58, 0.0, 0.57, 0.0, 3.58, 0.0, 3.58, 0.0, 0.0], [0.0, 1.34, 0.0, 0.61, 272.34, 272.36, 0.0, 1.0], [0.2, 25.0, 0.0, 0.0])
(148027826, [1.0, 3.58, 0.0, 0.57, 0.0, 3.58, 0.0, 3.58, 0.0, 0.0], [0.0, 1.34, 0.0, 0.61, 272.34, 272.37, 0.0, 1.0], [0.2, 25.0, 0.0, 0.0])
(148126864, [1.0, 3.58, 0.0, 0.57, 0.0, 3.58, 0.0, 3.58, 0.0, 0.0], [0.0, 1.35, 0.0, 0.6, 272.34, 272.36, 0.0, 1.0], [0.2, 25.0, 0.0, 0.0])
(148227329, [1.0, 3.58, 0.0, 0.57, 0.0, 3.58, 0.0, 3.58, 0.0, 0.0], [0.0, 1.35, 0.0, 0.6, 272.35, 272.37, 0.0, 1.0], [0.2, 25.0, 0.0, 0.0])
(148327013, [2.0, 3.58, 0.0, 0.57, 0.0, 3.58, 0.0, 3.58, 0.0, 0.0], [0.0, 1.34, 0.0, 0.61, 272.35, 272.37, 0.0, 1.0], [0.2, 25.0, 0.0, 0.0])
(148427016, [2.0, 3.58, 0.0, 0.57, 0.0, 3.58, 0.0, 3.58, 0.0, 0.0], [0.0, 1.35, 0.0, 0.62, 272.36, 272.38, 0.0, 1.0], [0.2, 25.0, 0.0, 0.0])
(148527036, [1.0, 3.58, 0.0, 0.57, 0.0, 3.58, 0.0, 3.58, 0.0, 0.0], [0.0, 1.35, 0.0, 0.62, 272.37, 272.39, 0.0, 1.0], [0.2, 25.0, 0.0, 0.0])
(148626975, [1.0, 3.58, 0.0, 0.57, 0.0, 3.58, 0.0, 3.58, 0.0, 0.0], [0.0, 1.35, 0.0, 0.62, 272.37, 272.4, 0.0, 1.0], [0.2, 25.0, 0.0, 0.0])
(148727050, [1.0, 3.58, 0.0, 0.57, 0.0, 3.58, 0.0, 3.58, 0.0, 0.0], [0.0, 1.36, 0.0, 0.62, 272.37, 272.4, 0.0, 1.0], [0.2, 25.0, 0.0, 0.0])
(148827461, [2.0, 3.58, 0.0, 0.57, 0.0, 3.58, 0.0, 3.58, 0.0, 0.0], [0.0, 1.36, 0.0, 0.62, 272.37, 272.4, 0.0, 1.0], [0.2, 25.0, 0.0, 0.0])
(148927002, [2.0, 3.58, 0.0, 0.57, 0.0, 3.58, 0.0, 3.58, 0.0, 0.0], [0.0, 1.36, 0.0, 0.62, 272.37, 272.4, 0.0, 1.0], [0.2, 25.0, 0.0, 0.0])
(149026973, [1.0, 3.58, 0.0, 0.57, 0.0, 3.58, 0.0, 3.58, 0.0, 0.0], [0.0, 1.36, 0.0, 0.63, 272.38, 272.41, 0.0, 1.0], [0.2, 25.0, 0.0, 0.0])
(149127027, [1.0, 3.58, 0.0, 0.57, 0.0, 3.58, 0.0, 3.58, 0.0, 0.0], [0.0, 1.36, 0.0, 0.64, 272.38, 272.41, 0.0, 1.0], [0.2, 25.0, 0.0, 0.0])
(149226875, [1.0, 3.58, 0.0, 0.57, 0.0, 3.58, 0.0, 3.58, 0.0, 0.0], [0.0, 1.36, 0.0, 0.62, 272.4, 272.42, 0.0, 1.0], [0.2, 25.0, 0.0, 0.0])
(149327436, [2.0, 3.58, 0.0, 0.57, 0.0, 3.58, 0.0, 3.58, 0.0, 0.0], [0.0, 1.37, 0.0, 0.63, 272.4, 272.42, 0.0, 1.0], [0.2, 25.0, 0.0, 0.0])
(149427088, [2.0, 3.58, 0.0, 0.57, 0.0, 3.58, 0.0, 3.58, 0.0, 0.0], [0.0, 1.37, 0.0, 0.63, 272.4, 272.42, 0.0, 1.0], [0.2, 25.0, 0.0, 0.0])
(149526865, [1.0, 3.58, 0.0, 0.57, 0.0, 3.58, 0.0, 3.58, 0.0, 0.0], [0.0, 1.38, 0.0, 0.63, 272.4, 272.42, 0.0, 1.0], [0.2, 25.0, 0.0, 0.0])
(149627987, [1.0, 3.58, 0.0, 0.57, 0.0, 3.58, 0.0, 3.58, 0.0, 0.0], [0.0, 1.38, 0.0, 0.63, 272.4, 272.42, 0.0, 1.0], [0.2, 25.0, 0.0, 0.0])
(149727046, [1.0, 3.58, 0.0, 0.57, 0.0, 3.58, 0.0, 3.58, 0.0, 0.0], [0.0, 1.38, 0.0, 0.63, 272.41, 272.43, 0.0, 1.0], [0.2, 25.0, 0.0, 0.0])
(149827767, [2.0, 3.58, 0.0, 0.57, 0.0, 3.58, 0.0, 3.58, 0.0, 0.0], [0.0, 1.38, 0.0, 0.63, 272.41, 272.43, 0.0, 1.0], [0.2, 25.0, 0.0, 0.0])
(149926847, [2.0, 3.58, 0.0, 0.57, 0.0, 3.58, 0.0, 3.58, 0.0, 0.0], [0.0, 1.38, 0.0, 0.63, 272.42, 272.45, 0.0, 1.0], [0.2, 25.0, 0.0, 0.0])
(150027113, [1.0, 3.58, 0.0, 0.57, 0.0, 3.58, 0.0, 3.58, 0.0, 0.0], [0.0, 1.38, 0.0, 0.64, 272.43, 272.45, 0.0, 1.0], [0.2, 25.0, 0.0, 0.0])
(150127016, [1.0, 3.58, 0.0, 0.57, 0.0, 3.58, 0.0, 3.58, 0.0, 0.0], [0.0, 1.39, 0.0, 0.63, 272.43, 272.45, 0.0, 1.0], [0.2, 25.0, 0.0, 0.0])
(150227031, [1.0, 3.58, 0.0, 0.57, 0.0, 3.58, 0.0, 3.58, 0.0, 0.0], [0.0, 1.39, 0.0, 0.63, 272.43, 272.45, 0.0, 1.0], [0.2, 25.0, 0.0, 0.0])
(150327070, [2.0, 3.58, 0.0, 0.57, 0.0, 3.58, 0.0, 3.58, 0.0, 0.0], [0.0, 1.4, 0.0, 0.63, 272.43, 272.46, 0.0, 1.0], [0.2, 25.0, 0.0, 0.0])
(150427005, [2.0, 3.58, 0.0, 0.57, 0.0, 3.58, 0.0, 3.58, 0.0, 0.0], [0.0, 1.4, 0.0, 0.64, 272.44, 272.47, 0.0, 1.0], [0.2, 25.0, 0.0, 0.0])
(150527091, [2.0, 3.58, 0.0, 0.57, 0.0, 3.58, 0.0, 3.58, 0.0, 0.0], [0.0, 1.41, 0.0, 0.64, 272.45, 272.47, 0.0, 1.0], [0.2, 25.0, 0.0, 0.0])
(150627087, [1.0, 3.58, 0.0, 0.57, 0.0, 3.58, 0.0, 3.58, 0.0, 0.0], [0.0, 1.41, 0.0, 0.64, 272.46, 272.48, 0.0, 1.0], [0.2, 25.0, 0.0, 0.0])
(150727129, [1.0, 3.58, 0.0, 0.57, 0.0, 3.58, 0.0, 3.58, 0.0, 0.0], [0.0, 1.42, 0.0, 0.64, 272.47, 272.49, 0.0, 1.0], [0.2, 25.0, 0.0, 0.0])
(150826975, [1.0, 3.58, 0.0, 0.57, 0.0, 3.58, 0.0, 3.58, 0.0, 0.0], [0.0, 1.42, 0.0, 0.64, 272.46, 272.48, 0.0, 1.0], [0.2, 25.0, 0.0, 0.0])
(150926829, [2.0, 3.58, 0.0, 0.57, 0.0, 3.58, 0.0, 3.58, 0.0, 0.0], [0.0, 1.42, 0.0, 0.64, 272.46, 272.48, 0.0, 1.0], [0.2, 25.0, 0.0, 0.0])
(151027073, [2.0, 3.58, 0.0, 0.57, 0.0, 3.58, 0.0, 3.58, 0.0, 0.0], [0.0, 1.42, 0.0, 0.64, 272.46, 272.49, 0.0, 1.0], [0.2, 25.0, 0.0, 0.0])
(151126863, [1.0, 3.58, 0.0, 0.57, 0.0, 3.58, 0.0, 3.58, 0.0, 0.0], [0.0, 1.42, 0.0, 0.63, 272.47, 272.49, 0.0, 1.0], [0.2, 25.0, 0.0, 0.0])
(151227137, [1.0, 3.58, 0.0, 0.57, 0.0, 3.58, 0.0, 3.58, 0.0, 0.0], [0.0, 1.42, 0.0, 0.64, 272.47, 272.5, 0.0, 1.0], [0.2, 25.0, 0.0, 0.0])
(151327322, [1.0, 3.58, 0.0, 0.57, 0.0, 3.58, 0.0, 3.58, 0.0, 0.0], [0.0, 1.42, 0.0, 0.64, 272.48, 272.51, 0.0, 1.0], [0.2, 25.0, 0.0, 0.0])
(151427063, [2.0, 3.58, 0.0, 0.57, 0.0, 3.58, 0.0, 3.58, 0.0, 0.0], [0.0, 1.43, 0.0, 0.64, 272.48, 272.51, 0.0, 1.0], [0.2, 25.0, 0.0, 0.0])
(151526853, [2.0, 3.58, 0.0, 0.57, 0.0, 3.58, 0.0, 3.58, 0.0, 0.0], [0.0, 1.43, 0.0, 0.64, 272.48, 272.51, 0.0, 1.0], [0.2, 25.0, 0.0, 0.0])
(151627078, [1.0, 3.58, 0.0, 0.57, 0.0, 3.58, 0.0, 3.58, 0.0, 0.0], [0.0, 1.43, 0.0, 0.64, 272.49, 272.51, 0.0, 1.0], [0.2, 25.0, 0.0, 0.0])
(151727082, [1.0, 3.58, 0.0, 0.57, 0.0, 3.58, 0.0, 3.58, 0.0, 0.0], [0.0, 1.43, 0.0, 0.64, 272.49, 272.52, 0.0, 1.0], [0.2, 25.0, 0.0, 0.0])
(151827062, [1.0, 3.58, 0.0, 0.57, 0.0, 3.58, 0.0, 3.58, 0.0, 0.0], [0.0, 1.44, 0.0, 0.65, 272.49, 272.52, 0.0, 1.0], [0.2, 25.0, 0.0, 0.0])
(151927003, [2.0, 3.58, 0.0, 0.57, 0.0, 3.58, 0.0, 3.58, 0.0, 0.0], [0.0, 1.44, 0.0, 0.65, 272.5, 272.52, 0.0, 1.0], [0.2, 25.0, 0.0, 0.0])
(152027450, [2.0, 3.58, 0.0, 0.57, 0.0, 3.58, 0.0, 3.58, 0.0, 0.0], [0.0, 1.44, 0.0, 0.64, 272.5, 272.53, 0.0, 1.0], [0.2, 25.0, 0.0, 0.0])
(152127004, [1.0, 3.58, 0.0, 0.57, 0.0, 3.58, 0.0, 3.58, 0.0, 0.0], [0.0, 1.45, 0.0, 0.64, 272.5, 272.53, 0.0, 1.0], [0.2, 25.0, 0.0, 0.0])
(152227070, [1.0, 3.58, 0.0, 0.57, 0.0, 3.58, 0.0, 3.58, 0.0, 0.0], [0.0, 1.44, 0.0, 0.64, 272.51, 272.53, 0.0, 1.0], [0.2, 25.0, 0.0, 0.0])
(152326995, [1.0, 3.58, 0.0, 0.57, 0.0, 3.58, 0.0, 3.58, 0.0, 0.0], [0.0, 1.44, 0.0, 0.65, 272.51, 272.53, 0.0, 1.0], [0.2, 25.0, 0.0, 0.0])
(152427605, [2.0, 3.58, 0.0, 0.57, 0.0, 3.58, 0.0, 3.58, 0.0, 0.0], [0.0, 1.44, 0.0, 0.65, 272.51, 272.54, 0.0, 1.0], [0.2, 25.0, 0.0, 0.0])
(152526860, [2.0, 3.58, 0.0, 0.57, 0.0, 3.58, 0.0, 3.58, 0.0, 0.0], [0.0, 1.45, 0.0, 0.66, 272.52, 272.54, 0.0, 1.0], [0.2, 25.0, 0.0, 0.0])
(152626850, [1.0, 3.58, 0.0, 0.57, 0.0, 3.58, 0.0, 3.58, 0.0, 0.0], [0.0, 1.45, 0.0, 0.65, 272.52, 272.54, 0.0, 1.0], [0.2, 25.0, 0.0, 0.0])
(152727123, [1.0, 3.58, 0.0, 0.57, 0.0, 3.58, 0.0, 3.58, 0.0, 0.0], [0.0, 1.45, 0.0, 0.66, 272.51, 272.54, 0.0, 1.0], [0.2, 25.0, 0.0, 0.0])
(152826891, [1.0, 3.58, 0.0, 0.57, 0.0, 3.58, 0.0, 3.58, 0.0, 0.0], [0.0, 1.45, 0.0, 0.66, 272.52, 272.55, 0.0, 1.0], [0.2, 25.0, 0.0, 0.0])
(152926941, [2.0, 3.58, 0.0, 0.57, 0.0, 3.58, 0.0, 3.58, 0.0, 0.0], [0.0, 1.45, 0.0, 0.66, 272.53, 272.55, 0.0, 1.0], [0.2, 25.0, 0.0, 0.0])
(153027032, [2.0, 3.58, 0.0, 0.57, 0.0, 3.58, 0.0, 3.58, 0.0, 0.0], [0.0, 1.45, 0.0, 0.67, 272.54, 272.56, 0.0, 1.0], [0.2, 25.0, 0.0, 0.0])
(153126873, [1.0, 3.58, 0.0, 0.57, 0.0, 3.58, 0.0, 3.58, 0.0, 0.0], [0.0, 1.46, 0.0, 0.67, 272.54, 272.56, 0.0, 1.0], [0.2, 25.0, 0.0, 0.0])
(153226870, [1.0, 3.58, 0.0, 0.57, 0.0, 3.58, 0.0, 3.58, 0.0, 0.0], [0.0, 1.46, 0.0, 0.66, 272.54, 272.57, 0.0, 1.0], [0.2, 25.0, 0.0, 0.0])
(153327064, [1.0, 3.58, 0.0, 0.57, 0.0, 3.58, 0.0, 3.58, 0.0, 0.0], [0.0, 1.47, 0.0, 0.65, 272.54, 272.57, 0.0, 1.0], [0.2, 25.0, 0.0, 0.0])
(153427025, [2.0, 3.58, 0.0, 0.57, 0.0, 3.58, 0.0, 3.58, 0.0, 0.0], [0.0, 1.47, 0.0, 0.65, 272.54, 272.57, 0.0, 1.0], [0.2, 25.0, 0.0, 0.0])
(153526974, [2.0, 3.58, 0.0, 0.57, 0.0, 3.58, 0.0, 3.58, 0.0, 0.0], [0.0, 1.47, 0.0, 0.65, 272.55, 272.58, 0.0, 1.0], [0.2, 25.0, 0.0, 0.0])
(153626984, [1.0, 3.58, 0.0, 0.57, 0.0, 3.58, 0.0, 3.58, 0.0, 0.0], [0.0, 1.47, 0.0, 0.66, 272.56, 272.58, 0.0, 1.0], [0.2, 25.0, 0.0, 0.0])
(153727043, [1.0, 3.58, 0.0, 0.57, 0.0, 3.58, 0.0, 3.58, 0.0, 0.0], [0.0, 1.47, 0.0, 0.66, 272.56, 272.58, 0.0, 1.0], [0.2, 25.0, 0.0, 0.0])
(153827030, [1.0, 3.58, 0.0, 0.57, 0.0, 3.58, 0.0, 3.58, 0.0, 0.0], [0.0, 1.48, 0.0, 0.65, 272.55, 272.57, 0.0, 1.0], [0.2, 25.0, 0.0, 0.0])
(153927023, [2.0, 3.58, 0.0, 0.57, 0.0, 3.58, 0.0, 3.58, 0.0, 0.0], [0.0, 1.48, 0.0, 0.65, 272.55, 272.58, 0.0, 1.0], [0.2, 25.0, 0.0, 0.0])
(154027048, [2.0, 3.58, 0.0, 0.57, 0.0, 3.58, 0.0, 3.58, 0.0, 0.0], [0.0, 1.48, 0.0, 0.66, 272.55, 272.58, 0.0, 1.0], [0.2, 25.0, 0.0, 0.0])
(154127022, [1.0, 3.58, 0.0, 0.57, 0.0, 3.58, 0.0, 3.58, 0.0, 0.0], [0.0, 1.49, 0.0, 0.66, 272.57, 272.59, 0.0, 1.0], [0.2, 25.0, 0.0, 0.0])
(154226884, [1.0, 3.58, 0.0, 0.57, 0.0, 3.58, 0.0, 3.58, 0.0, 0.0], [0.0, 1.5, 0.0, 0.66, 272.57, 272.59, 0.0, 1.0], [0.2, 25.0, 0.0, 0.0])
(154327014, [1.0, 3.58, 0.0, 0.57, 0.0, 3.58, 0.0, 3.58, 0.0, 0.0], [0.0, 1.5, 0.0, 0.65, 272.57, 272.6, 0.0, 1.0], [0.2, 25.0, 0.0, 0.0])
(154427144, [2.0, 3.58, 0.0, 0.57, 0.0, 3.58, 0.0, 3.58, 0.0, 0.0], [0.0, 1.5, 0.0, 0.66, 272.57, 272.59, 0.0, 1.0], [0.2, 25.0, 0.0, 0.0])
(154526879, [2.0, 3.58, 0.0, 0.57, 0.0, 3.58, 0.0, 3.58, 0.0, 0.0], [0.0, 1.5, 0.0, 0.65, 272.57, 272.6, 0.0, 1.0], [0.2, 25.0, 0.0, 0.0])
(154626918, [1.0, 3.58, 0.0, 0.57, 0.0, 3.58, 0.0, 3.58, 0.0, 0.0], [0.0, 1.5, 0.0, 0.66, 272.58, 272.6, 0.0, 1.0], [0.2, 25.0, 0.0, 0.0])
(154727126, [1.0, 3.58, 0.0, 0.57, 0.0, 3.58, 0.0, 3.58, 0.0, 0.0], [0.0, 1.5, 0.0, 0.66, 272.58, 272.61, 0.0, 1.0], [0.2, 25.0, 0.0, 0.0])
(154827103, [1.0, 3.58, 0.0, 0.57, 0.0, 3.58, 0.0, 3.58, 0.0, 0.0], [0.0, 1.51, 0.0, 0.66, 272.59, 272.62, 0.0, 1.0], [0.2, 25.0, 0.0, 0.0])
(154926797, [2.0, 3.58, 0.0, 0.57, 0.0, 3.58, 0.0, 3.58, 0.0, 0.0], [0.0, 1.52, 0.0, 0.66, 272.6, 272.62, 0.0, 1.0], [0.2, 25.0, 0.0, 0.0])
(155027016, [2.0, 3.58, 0.0, 0.57, 0.0, 3.58, 0.0, 3.58, 0.0, 0.0], [0.0, 1.52, 0.0, 0.66, 272.59, 272.62, 0.0, 1.0], [0.2, 25.0, 0.0, 0.0])
(155127020, [1.0, 3.58, 0.0, 0.57, 0.0, 3.58, 0.0, 3.58, 0.0, 0.0], [0.0, 1.52, 0.0, 0.66, 272.6, 272.62, 0.0, 1.0], [0.2, 25.0, 0.0, 0.0])
(155227019, [1.0, 3.58, 0.0, 0.57, 0.0, 3.58, 0.0, 3.58, 0.0, 0.0], [0.0, 1.52, 0.0, 0.67, 272.61, 272.63, 0.0, 1.0], [0.2, 25.0, 0.0, 0.0])
(155327000, [1.0, 3.58, 0.0, 0.57, 0.0, 3.58, 0.0, 3.58, 0.0, 0.0], [0.0, 1.52, 0.0, 0.67, 272.62, 272.64, 0.0, 1.0], [0.2, 25.0, 0.0, 0.0])
(155427068, [2.0, 3.58, 0.0, 0.57, 0.0, 3.58, 0.0, 3.58, 0.0, 0.0], [0.0, 1.53, 0.0, 0.67, 272.62, 272.64, 0.0, 1.0], [0.2, 25.0, 0.0, 0.0])
(155527055, [2.0, 3.58, 0.0, 0.57, 0.0, 3.58, 0.0, 3.58, 0.0, 0.0], [0.0, 1.53, 0.0, 0.67, 272.61, 272.64, 0.0, 1.0], [0.2, 25.0, 0.0, 0.0])
(155627052, [1.0, 3.58, 0.0, 0.57, 0.0, 3.58, 0.0, 3.58, 0.0, 0.0], [0.0, 1.53, 0.0, 0.68, 272.61, 272.63, 0.0, 1.0], [0.2, 25.0, 0.0, 0.0])
(155727140, [1.0, 3.58, 0.0, 0.57, 0.0, 3.58, 0.0, 3.58, 0.0, 0.0], [0.0, 1.54, 0.0, 0.67, 272.61, 272.64, 0.0, 1.0], [0.2, 25.0, 0.0, 0.0])
(155826937, [1.0, 3.58, 0.0, 0.57, 0.0, 3.58, 0.0, 3.58, 0.0, 0.0], [0.0, 1.54, 0.0, 0.67, 272.62, 272.64, 0.0, 1.0], [0.2, 25.0, 0.0, 0.0])
(155926862, [2.0, 3.58, 0.0, 0.57, 0.0, 3.58, 0.0, 3.58, 0.0, 0.0], [0.0, 1.55, 0.0, 0.67, 272.62, 272.65, 0.0, 1.0], [0.2, 25.0, 0.0, 0.0])
(156027070, [2.0, 3.58, 0.0, 0.57, 0.0, 3.58, 0.0, 3.58, 0.0, 0.0], [0.0, 1.55, 0.0, 0.67, 272.62, 272.64, 0.0, 1.0], [0.2, 25.0, 0.0, 0.0])
(156126953, [1.0, 3.58, 0.0, 0.57, 0.0, 3.58, 0.0, 3.58, 0.0, 0.0], [0.0, 1.56, 0.0, 0.67, 272.62, 272.64, 0.0, 1.0], [0.2, 25.0, 0.0, 0.0])
(156227034, [1.0, 3.58, 0.0, 0.57, 0.0, 3.58, 0.0, 3.58, 0.0, 0.0], [0.0, 1.56, 0.0, 0.67, 272.62, 272.65, 0.0, 1.0], [0.2, 25.0, 0.0, 0.0])
(156326870, [1.0, 3.58, 0.0, 0.57, 0.0, 3.58, 0.0, 3.58, 0.0, 0.0], [0.0, 1.56, 0.0, 0.67, 272.63, 272.66, 0.0, 1.0], [0.2, 25.0, 0.0, 0.0])
(156427052, [2.0, 3.58, 0.0, 0.57, 0.0, 3.58, 0.0, 3.58, 0.0, 0.0], [0.0, 1.57, 0.0, 0.67, 272.64, 272.66, 0.0, 1.0], [0.2, 25.0, 0.0, 0.0])
(156526918, [2.0, 3.58, 0.0, 0.57, 0.0, 3.58, 0.0, 3.58, 0.0, 0.0], [0.0, 1.57, 0.0, 0.67, 272.64, 272.67, 0.0, 1.0], [0.2, 25.0, 0.0, 0.0])
(156627047, [1.0, 3.58, 0.0, 0.57, 0.0, 3.58, 0.0, 3.58, 0.0, 0.0], [0.0, 1.57, 0.0, 0.68, 272.64, 272.67, 0.0, 1.0], [0.2, 25.0, 0.0, 0.0])
(156727189, [1.0, 3.58, 0.0, 0.57, 0.0, 3.58, 0.0, 3.58, 0.0, 0.0], [0.0, 1.58, 0.0, 0.69, 272.66, 272.69, 0.0, 1.0], [0.2, 25.0, 0.0, 0.0])
(156827065, [1.0, 3.58, 0.0, 0.57, 0.0, 3.58, 0.0, 3.58, 0.0, 0.0], [0.0, 1.58, 0.0, 0.69, 272.66, 272.69, 0.0, 1.0], [0.2, 25.0, 0.0, 0.0])
(156927060, [2.0, 3.58, 0.0, 0.57, 0.0, 3.58, 0.0, 3.58, 0.0, 0.0], [0.0, 1.59, 0.0, 0.68, 272.68, 272.7, 0.0, 1.0], [0.2, 25.0, 0.0, 0.0])
(157027066, [2.0, 3.58, 0.0, 0.57, 0.0, 3.58, 0.0, 3.58, 0.0, 0.0], [0.0, 1.59, 0.0, 0.69, 272.67, 272.7, 0.0, 1.0], [0.2, 25.0, 0.0, 0.0])
(157127024, [1.0, 3.58, 0.0, 0.57, 0.0, 3.58, 0.0, 3.58, 0.0, 0.0], [0.0, 1.59, 0.0, 0.69, 272.67, 272.7, 0.0, 1.0], [0.2, 25.0, 0.0, 0.0])
(157227315, [1.0, 3.58, 0.0, 0.57, 0.0, 3.58, 0.0, 3.58, 0.0, 0.0], [0.0, 1.6, 0.0, 0.7, 272.68, 272.7, 0.0, 1.0], [0.2, 25.0, 0.0, 0.0])
(157327330, [1.0, 3.58, 0.0, 0.57, 0.0, 3.58, 0.0, 3.58, 0.0, 0.0], [0.0, 1.6, 0.0, 0.69, 272.68, 272.71, 0.0, 1.0], [0.2, 25.0, 0.0, 0.0])
(157427089, [2.0, 3.58, 0.0, 0.57, 0.0, 3.58, 0.0, 3.58, 0.0, 0.0], [0.0, 1.61, 0.0, 0.7, 272.68, 272.71, 0.0, 1.0], [0.2, 25.0, 0.0, 0.0])
(157527042, [2.0, 3.58, 0.0, 0.57, 0.0, 3.58, 0.0, 3.58, 0.0, 0.0], [0.0, 1.61, 0.0, 0.69, 272.68, 272.71, 0.0, 1.0], [0.2, 25.0, 0.0, 0.0])
(157627412, [1.0, 3.58, 0.0, 0.57, 0.0, 3.58, 0.0, 3.58, 0.0, 0.0], [0.0, 1.61, 0.0, 0.7, 272.68, 272.71, 0.0, 1.0], [0.2, 25.0, 0.0, 0.0])
(157727076, [1.0, 3.58, 0.0, 0.57, 0.0, 3.58, 0.0, 3.58, 0.0, 0.0], [0.0, 1.62, 0.0, 0.69, 272.69, 272.71, 0.0, 1.0], [0.2, 25.0, 0.0, 0.0])
(157826998, [1.0, 3.58, 0.0, 0.57, 0.0, 3.58, 0.0, 3.58, 0.0, 0.0], [0.0, 1.62, 0.0, 0.7, 272.69, 272.72, 0.0, 1.0], [0.2, 25.0, 0.0, 0.0])
(157926898, [2.0, 3.58, 0.0, 0.57, 0.0, 3.58, 0.0, 3.58, 0.0, 0.0], [0.0, 1.62, 0.0, 0.69, 272.69, 272.72, 0.0, 1.0], [0.2, 25.0, 0.0, 0.0])
(158026975, [2.0, 3.58, 0.0, 0.57, 0.0, 3.58, 0.0, 3.58, 0.0, 0.0], [0.0, 1.63, 0.0, 0.7, 272.69, 272.72, 0.0, 1.0], [0.2, 25.0, 0.0, 0.0])
(158126866, [1.0, 3.58, 0.0, 0.57, 0.0, 3.58, 0.0, 3.58, 0.0, 0.0], [0.0, 1.63, 0.0, 0.7, 272.69, 272.72, 0.0, 1.0], [0.2, 25.0, 0.0, 0.0])
(158226853, [1.0, 3.58, 0.0, 0.57, 0.0, 3.58, 0.0, 3.58, 0.0, 0.0], [0.0, 1.63, 0.0, 0.7, 272.7, 272.72, 0.0, 1.0], [0.2, 25.0, 0.0, 0.0])
(158326865, [1.0, 3.58, 0.0, 0.57, 0.0, 3.58, 0.0, 3.58, 0.0, 0.0], [0.0, 1.64, 0.0, 0.7, 272.7, 272.73, 0.0, 1.0], [0.2, 25.0, 0.0, 0.0])
(158427396, [2.0, 3.58, 0.0, 0.57, 0.0, 3.58, 0.0, 3.58, 0.0, 0.0], [0.0, 1.64, 0.0, 0.7, 272.7, 272.73, 0.0, 1.0], [0.2, 25.0, 0.0, 0.0])
(158527649, [2.0, 3.58, 0.0, 0.57, 0.0, 3.58, 0.0, 3.58, 0.0, 0.0], [0.0, 1.65, 0.0, 0.71, 272.7, 272.72, 0.0, 1.0], [0.2, 25.0, 0.0, 0.0])
(158627434, [1.0, 3.58, 0.0, 0.57, 0.0, 3.58, 0.0, 3.58, 0.0, 0.0], [0.0, 1.65, 0.0, 0.71, 272.7, 272.73, 0.0, 1.0], [0.2, 25.0, 0.0, 0.0])
(158727613, [1.0, 3.58, 0.0, 0.57, 0.0, 3.58, 0.0, 3.58, 0.0, 0.0], [0.0, 1.64, 0.0, 0.7, 272.7, 272.73, 0.0, 1.0], [0.2, 25.0, 0.0, 0.0])
(158827466, [1.0, 3.58, 0.0, 0.57, 0.0, 3.58, 0.0, 3.58, 0.0, 0.0], [0.0, 1.65, 0.0, 0.7, 272.71, 272.74, 0.0, 1.0], [0.2, 25.0, 0.0, 0.0])
(158927951, [2.0, 3.58, 0.0, 0.57, 0.0, 3.58, 0.0, 3.58, 0.0, 0.0], [0.0, 1.65, 0.0, 0.7, 272.71, 272.73, 0.0, 1.0], [0.2, 25.0, 0.0, 0.0])
(159027292, [2.0, 3.58, 0.0, 0.57, 0.0, 3.58, 0.0, 3.58, 0.0, 0.0], [0.0, 1.64, 0.0, 0.71, 272.72, 272.74, 0.0, 1.0], [0.2, 25.0, 0.0, 0.0])
(159127455, [1.0, 3.58, 0.0, 0.57, 0.0, 3.58, 0.0, 3.58, 0.0, 0.0], [0.0, 1.65, 0.0, 0.7, 272.72, 272.74, 0.0, 1.0], [0.2, 25.0, 0.0, 0.0])
(159227253, [1.0, 3.58, 0.0, 0.57, 0.0, 3.58, 0.0, 3.58, 0.0, 0.0], [0.0, 1.66, 0.0, 0.7, 272.72, 272.75, 0.0, 1.0], [0.2, 25.0, 0.0, 0.0])
(159327230, [1.0, 3.58, 0.0, 0.57, 0.0, 3.58, 0.0, 3.58, 0.0, 0.0], [0.0, 1.66, 0.0, 0.69, 272.71, 272.74, 0.0, 1.0], [0.2, 25.0, 0.0, 0.0])
(159427393, [2.0, 3.58, 0.0, 0.57, 0.0, 3.58, 0.0, 3.58, 0.0, 0.0], [0.0, 1.66, 0.0, 0.69, 272.72, 272.75, 0.0, 1.0], [0.2, 25.0, 0.0, 0.0])
(159527249, [2.0, 3.58, 0.0, 0.57, 0.0, 3.58, 0.0, 3.58, 0.0, 0.0], [0.0, 1.66, 0.0, 0.7, 272.73, 272.76, 0.0, 1.0], [0.2, 25.0, 0.0, 0.0])
(159627276, [1.0, 3.58, 0.0, 0.57, 0.0, 3.58, 0.0, 3.58, 0.0, 0.0], [0.0, 1.67, 0.0, 0.7, 272.73, 272.76, 0.0, 1.0], [0.2, 25.0, 0.0, 0.0])
(159727445, [1.0, 3.58, 0.0, 0.57, 0.0, 3.58, 0.0, 3.58, 0.0, 0.0], [0.0, 1.67, 0.0, 0.7, 272.73, 272.76, 0.0, 1.0], [0.2, 25.0, 0.0, 0.0])
(159827263, [1.0, 3.58, 0.0, 0.57, 0.0, 3.58, 0.0, 3.58, 0.0, 0.0], [0.0, 1.67, 0.0, 0.7, 272.73, 272.76, 0.0, 1.0], [0.2, 25.0, 0.0, 0.0])
(159927364, [1.0, 3.58, 0.0, 0.57, 0.0, 3.58, 0.0, 3.58, 0.0, 0.0], [0.0, 1.68, 0.0, 0.7, 272.73, 272.76, 0.0, 1.0], [0.2, 25.0, 0.0, 0.0])
(160027444, [2.0, 3.58, 0.0, 0.57, 0.0, 3.58, 0.0, 3.58, 0.0, 0.0], [0.0, 1.68, 0.0, 0.69, 272.74, 272.76, 0.0, 1.0], [0.2, 25.0, 0.0, 0.0])
(160127435, [2.0, 3.58, 0.0, 0.57, 0.0, 3.58, 0.0, 3.58, 0.0, 0.0], [0.0, 1.69, 0.0, 0.68, 272.74, 272.76, 0.0, 1.0], [0.2, 25.0, 0.0, 0.0])
(160227413, [1.0, 3.58, 0.0, 0.57, 0.0, 3.58, 0.0, 3.58, 0.0, 0.0], [0.0, 1.69, 0.0, 0.68, 272.74, 272.76, 0.0, 1.0], [0.2, 25.0, 0.0, 0.0])
(160327480, [1.0, 3.58, 0.0, 0.57, 0.0, 3.58, 0.0, 3.58, 0.0, 0.0], [0.0, 1.69, 0.0, 0.69, 272.75, 272.77, 0.0, 1.0], [0.2, 25.0, 0.0, 0.0])
(160427623, [2.0, 3.58, 0.0, 0.57, 0.0, 3.58, 0.0, 3.58, 0.0, 0.0], [0.0, 1.69, 0.0, 0.69, 272.75, 272.78, 0.0, 1.0], [0.2, 25.0, 0.0, 0.0])
(160527453, [2.0, 3.58, 0.0, 0.57, 0.0, 3.58, 0.0, 3.58, 0.0, 0.0], [0.0, 1.7, 0.0, 0.69, 272.75, 272.77, 0.0, 1.0], [0.2, 25.0, 0.0, 0.0])
(160627422, [1.0, 3.58, 0.0, 0.57, 0.0, 3.58, 0.0, 3.58, 0.0, 0.0], [0.0, 1.7, 0.0, 0.69, 272.74, 272.77, 0.0, 1.0], [0.2, 25.0, 0.0, 0.0])
(160727655, [1.0, 3.58, 0.0, 0.57, 0.0, 3.58, 0.0, 3.58, 0.0, 0.0], [0.0, 1.7, 0.0, 0.68, 272.74, 272.77, 0.0, 1.0], [0.2, 25.0, 0.0, 0.0])
(160827485, [1.0, 3.58, 0.0, 0.57, 0.0, 3.58, 0.0, 3.58, 0.0, 0.0], [0.0, 1.7, 0.0, 0.68, 272.74, 272.77, 0.0, 1.0], [0.2, 25.0, 0.0, 0.0])
(160927281, [1.0, 3.58, 0.0, 0.57, 0.0, 3.58, 0.0, 3.58, 0.0, 0.0], [0.0, 1.71, 0.0, 0.69, 272.75, 272.78, 0.0, 1.0], [0.2, 25.0, 0.0, 0.0])
(161027238, [2.0, 3.58, 0.0, 0.57, 0.0, 3.58, 0.0, 3.58, 0.0, 0.0], [0.0, 1.71, 0.0, 0.69, 272.75, 272.78, 0.0, 1.0], [0.2, 25.0, 0.0, 0.0])
(161127598, [2.0, 3.58, 0.0, 0.57, 0.0, 3.58, 0.0, 3.58, 0.0, 0.0], [0.0, 1.71, 0.0, 0.69, 272.76, 272.78, 0.0, 1.0], [0.2, 25.0, 0.0, 0.0])
(161227258, [1.0, 3.58, 0.0, 0.57, 0.0, 3.58, 0.0, 3.58, 0.0, 0.0], [0.0, 1.72, 0.0, 0.7, 272.77, 272.8, 0.0, 1.0], [0.2, 25.0, 0.0, 0.0])
(161327285, [1.0, 3.58, 0.0, 0.57, 0.0, 3.58, 0.0, 3.58, 0.0, 0.0], [0.0, 1.72, 0.0, 0.69, 272.76, 272.79, 0.0, 1.0], [0.2, 25.0, 0.0, 0.0])
(161427437, [1.0, 3.58, 0.0, 0.57, 0.0, 3.58, 0.0, 3.58, 0.0, 0.0], [0.0, 1.72, 0.0, 0.68, 272.76, 272.79, 0.0, 1.0], [0.2, 25.0, 0.0, 0.0])
(161527267, [2.0, 3.58, 0.0, 0.57, 0.0, 3.58, 0.0, 3.58, 0.0, 0.0], [0.0, 1.72, 0.0, 0.68, 272.76, 272.78, 0.0, 1.0], [0.2, 25.0, 0.0, 0.0])
(161627434, [2.0, 3.58, 0.0, 0.57, 0.0, 3.58, 0.0, 3.58, 0.0, 0.0], [0.0, 1.72, 0.0, 0.68, 272.77, 272.79, 0.0, 1.0], [0.2, 25.0, 0.0, 0.0])
(161727665, [1.0, 3.58, 0.0, 0.57, 0.0, 3.58, 0.0, 3.58, 0.0, 0.0], [0.0, 1.72, 0.0, 0.68, 272.76, 272.79, 0.0, 1.0], [0.2, 25.0, 0.0, 0.0])
(161827472, [1.0, 3.58, 0.0, 0.57, 0.0, 3.58, 0.0, 3.58, 0.0, 0.0], [0.0, 1.72, 0.0, 0.67, 272.76, 272.78, 0.0, 1.0], [0.2, 25.0, 0.0, 0.0])
(161927416, [1.0, 3.58, 0.0, 0.57, 0.0, 3.58, 0.0, 3.58, 0.0, 0.0], [0.0, 1.71, 0.0, 0.67, 272.77, 272.79, 0.0, 1.0], [0.2, 25.0, 0.0, 0.0])
(162027607, [2.0, 3.58, 0.0, 0.57, 0.0, 3.58, 0.0, 3.58, 0.0, 0.0], [0.0, 1.72, 0.0, 0.67, 272.78, 272.8, 0.0, 1.0], [0.2, 25.0, 0.0, 0.0])
(162127470, [2.0, 3.58, 0.0, 0.57, 0.0, 3.58, 0.0, 3.58, 0.0, 0.0], [0.0, 1.72, 0.0, 0.67, 272.78, 272.81, 0.0, 1.0], [0.2, 25.0, 0.0, 0.0])
(162227258, [1.0, 3.58, 0.0, 0.57, 0.0, 3.58, 0.0, 3.58, 0.0, 0.0], [0.0, 1.72, 0.0, 0.67, 272.78, 272.8, 0.0, 1.0], [0.2, 25.0, 0.0, 0.0])
(162327247, [1.0, 3.58, 0.0, 0.57, 0.0, 3.58, 0.0, 3.58, 0.0, 0.0], [0.0, 1.72, 0.0, 0.67, 272.78, 272.8, 0.0, 1.0], [0.2, 25.0, 0.0, 0.0])
(162427458, [1.0, 3.58, 0.0, 0.57, 0.0, 3.58, 0.0, 3.58, 0.0, 0.0], [0.0, 1.73, 0.0, 0.67, 272.78, 272.8, 0.0, 1.0], [0.2, 25.0, 0.0, 0.0])
(162527252, [2.0, 3.58, 0.0, 0.57, 0.0, 3.58, 0.0, 3.58, 0.0, 0.0], [0.0, 1.74, 0.0, 0.66, 272.78, 272.81, 0.0, 1.0], [0.2, 25.0, 0.0, 0.0])
(162627262, [2.0, 3.58, 0.0, 0.57, 0.0, 3.58, 0.0, 3.58, 0.0, 0.0], [0.0, 1.73, 0.0, 0.66, 272.78, 272.8, 0.0, 1.0], [0.2, 25.0, 0.0, 0.0])
(162727646, [1.0, 3.58, 0.0, 0.57, 0.0, 3.58, 0.0, 3.58, 0.0, 0.0], [0.0, 1.73, 0.0, 0.66, 272.79, 272.82, 0.0, 1.0], [0.2, 25.0, 0.0, 0.0])
(162827311, [1.0, 3.58, 0.0, 0.57, 0.0, 3.58, 0.0, 3.58, 0.0, 0.0], [0.0, 1.73, 0.0, 0.67, 272.79, 272.82, 0.0, 1.0], [0.2, 25.0, 0.0, 0.0])
(162927410, [1.0, 3.58, 0.0, 0.57, 0.0, 3.58, 0.0, 3.58, 0.0, 0.0], [0.0, 1.74, 0.0, 0.66, 272.79, 272.82, 0.0, 1.0], [0.2, 25.0, 0.0, 0.0])
(163027220, [2.0, 3.58, 0.0, 0.57, 0.0, 3.58, 0.0, 3.58, 0.0, 0.0], [0.0, 1.74, 0.0, 0.67, 272.8, 272.83, 0.0, 1.0], [0.2, 25.0, 0.0, 0.0])
(163127456, [2.0, 3.58, 0.0, 0.57, 0.0, 3.58, 0.0, 3.58, 0.0, 0.0], [0.0, 1.74, 0.0, 0.67, 272.8, 272.83, 0.0, 1.0], [0.2, 25.0, 0.0, 0.0])
(163227597, [1.0, 3.58, 0.0, 0.57, 0.0, 3.58, 0.0, 3.58, 0.0, 0.0], [0.0, 1.73, 0.0, 0.67, 272.8, 272.83, 0.0, 1.0], [0.2, 25.0, 0.0, 0.0])
(163327381, [1.0, 3.58, 0.0, 0.57, 0.0, 3.58, 0.0, 3.58, 0.0, 0.0], [0.0, 1.74, 0.0, 0.66, 272.8, 272.83, 0.0, 1.0], [0.2, 25.0, 0.0, 0.0])
(163427590, [1.0, 3.58, 0.0, 0.57, 0.0, 3.58, 0.0, 3.58, 0.0, 0.0], [0.0, 1.74, 0.0, 0.67, 272.8, 272.83, 0.0, 1.0], [0.2, 25.0, 0.0, 0.0])
(163527447, [2.0, 3.58, 0.0, 0.57, 0.0, 3.58, 0.0, 3.58, 0.0, 0.0], [0.0, 1.75, 0.0, 0.67, 272.8, 272.83, 0.0, 1.0], [0.2, 25.0, 0.0, 0.0])
(163627248, [2.0, 3.58, 0.0, 0.57, 0.0, 3.58, 0.0, 3.58, 0.0, 0.0], [0.0, 1.75, 0.0, 0.67, 272.81, 272.84, 0.0, 1.0], [0.2, 25.0, 0.0, 0.0])
(163727344, [1.0, 3.58, 0.0, 0.57, 0.0, 3.58, 0.0, 3.58, 0.0, 0.0], [0.0, 1.76, 0.0, 0.66, 272.81, 272.84, 0.0, 1.0], [0.2, 25.0, 0.0, 0.0])
(163827437, [1.0, 3.58, 0.0, 0.57, 0.0, 3.58, 0.0, 3.58, 0.0, 0.0], [0.0, 1.76, 0.0, 0.66, 272.8, 272.83, 0.0, 1.0], [0.2, 25.0, 0.0, 0.0])
(163927255, [1.0, 3.58, 0.0, 0.57, 0.0, 3.58, 0.0, 3.58, 0.0, 0.0], [0.0, 1.76, 0.0, 0.66, 272.82, 272.84, 0.0, 1.0], [0.2, 25.0, 0.0, 0.0])
(164027225, [2.0, 3.58, 0.0, 0.57, 0.0, 3.58, 0.0, 3.58, 0.0, 0.0], [0.0, 1.76, 0.0, 0.66, 272.82, 272.84, 0.0, 1.0], [0.2, 25.0, 0.0, 0.0])
(164127430, [2.0, 3.58, 0.0, 0.57, 0.0, 3.58, 0.0, 3.58, 0.0, 0.0], [0.0, 1.77, 0.0, 0.66, 272.82, 272.85, 0.0, 1.0], [0.2, 25.0, 0.0, 0.0])
(164227270, [1.0, 3.58, 0.0, 0.57, 0.0, 3.58, 0.0, 3.58, 0.0, 0.0], [0.0, 1.77, 0.0, 0.66, 272.81, 272.84, 0.0, 1.0], [0.2, 25.0, 0.0, 0.0])
(164327243, [1.0, 3.58, 0.0, 0.57, 0.0, 3.58, 0.0, 3.58, 0.0, 0.0], [0.0, 1.77, 0.0, 0.65, 272.82, 272.85, 0.0, 1.0], [0.2, 25.0, 0.0, 0.0])
(164427594, [1.0, 3.58, 0.0, 0.57, 0.0, 3.58, 0.0, 3.58, 0.0, 0.0], [0.0, 1.78, 0.0, 0.65, 272.82, 272.85, 0.0, 1.0], [0.2, 25.0, 0.0, 0.0])
(164527468, [2.0, 3.58, 0.0, 0.57, 0.0, 3.58, 0.0, 3.58, 0.0, 0.0], [0.0, 1.78, 0.0, 0.65, 272.82, 272.85, 0.0, 1.0], [0.2, 25.0, 0.0, 0.0])
(164627436, [2.0, 3.58, 0.0, 0.57, 0.0, 3.58, 0.0, 3.58, 0.0, 0.0], [0.0, 1.78, 0.0, 0.65, 272.82, 272.85, 0.0, 1.0], [0.2, 25.0, 0.0, 0.0])
(164727681, [1.0, 3.58, 0.0, 0.57, 0.0, 3.58, 0.0, 3.58, 0.0, 0.0], [0.0, 1.78, 0.0, 0.66, 272.83, 272.86, 0.0, 1.0], [0.2, 25.0, 0.0, 0.0])
(164827458, [1.0, 3.58, 0.0, 0.57, 0.0, 3.58, 0.0, 3.58, 0.0, 0.0], [0.0, 1.79, 0.0, 0.66, 272.82, 272.85, 0.0, 1.0], [0.2, 25.0, 0.0, 0.0])
(164927397, [1.0, 3.58, 0.0, 0.57, 0.0, 3.58, 0.0, 3.58, 0.0, 0.0], [0.0, 1.8, 0.0, 0.67, 272.82, 272.85, 0.0, 1.0], [0.2, 25.0, 0.0, 0.0])
(165027410, [2.0, 3.58, 0.0, 0.57, 0.0, 3.58, 0.0, 3.58, 0.0, 0.0], [0.0, 1.8, 0.0, 0.67, 272.83, 272.85, 0.0, 1.0], [0.2, 25.0, 0.0, 0.0])
(165127420, [2.0, 3.58, 0.0, 0.57, 0.0, 3.58, 0.0, 3.58, 0.0, 0.0], [0.0, 1.81, 0.0, 0.67, 272.83, 272.86, 0.0, 1.0], [0.2, 25.0, 0.0, 0.0])
(165227390, [1.0, 3.58, 0.0, 0.57, 0.0, 3.58, 0.0, 3.58, 0.0, 0.0], [0.0, 1.81, 0.0, 0.67, 272.83, 272.85, 0.0, 1.0], [0.2, 25.0, 0.0, 0.0])
(165327245, [1.0, 3.58, 0.0, 0.57, 0.0, 3.58, 0.0, 3.58, 0.0, 0.0], [0.0, 1.8, 0.0, 0.66, 272.83, 272.86, 0.0, 1.0], [0.2, 25.0, 0.0, 0.0])
(165427572, [1.0, 3.58, 0.0, 0.57, 0.0, 3.58, 0.0, 3.58, 0.0, 0.0], [0.0, 1.81, 0.0, 0.66, 272.84, 272.87, 0.0, 1.0], [0.2, 25.0, 0.0, 0.0])
(165527401, [2.0, 3.58, 0.0, 0.57, 0.0, 3.58, 0.0, 3.58, 0.0, 0.0], [0.0, 1.82, 0.0, 0.67, 272.84, 272.87, 0.0, 1.0], [0.2, 25.0, 0.0, 0.0])
(165627338, [2.0, 3.58, 0.0, 0.57, 0.0, 3.58, 0.0, 3.58, 0.0, 0.0], [0.0, 1.82, 0.0, 0.67, 272.84, 272.86, 0.0, 1.0], [0.2, 25.0, 0.0, 0.0])
(165727321, [1.0, 3.58, 0.0, 0.57, 0.0, 3.58, 0.0, 3.58, 0.0, 0.0], [0.0, 1.82, 0.0, 0.67, 272.84, 272.87, 0.0, 1.0], [0.2, 25.0, 0.0, 0.0])
(165827419, [1.0, 3.58, 0.0, 0.57, 0.0, 3.58, 0.0, 3.58, 0.0, 0.0], [0.0, 1.83, 0.0, 0.67, 272.84, 272.87, 0.0, 1.0], [0.2, 25.0, 0.0, 0.0])
(165927245, [1.0, 3.58, 0.0, 0.57, 0.0, 3.58, 0.0, 3.58, 0.0, 0.0], [0.0, 1.84, 0.0, 0.67, 272.84, 272.87, 0.0, 1.0], [0.2, 25.0, 0.0, 0.0])
(166027246, [2.0, 3.58, 0.0, 0.57, 0.0, 3.58, 0.0, 3.58, 0.0, 0.0], [0.0, 1.84, 0.0, 0.68, 272.85, 272.88, 0.0, 1.0], [0.2, 25.0, 0.0, 0.0])
(166127442, [2.0, 3.58, 0.0, 0.57, 0.0, 3.58, 0.0, 3.58, 0.0, 0.0], [0.0, 1.84, 0.0, 0.68, 272.86, 272.89, 0.0, 1.0], [0.2, 25.0, 0.0, 0.0])
(166227415, [1.0, 3.58, 0.0, 0.57, 0.0, 3.58, 0.0, 3.58, 0.0, 0.0], [0.0, 1.84, 0.0, 0.68, 272.86, 272.89, 0.0, 1.0], [0.2, 25.0, 0.0, 0.0])
(166327443, [1.0, 3.58, 0.0, 0.57, 0.0, 3.58, 0.0, 3.58, 0.0, 0.0], [0.0, 1.85, 0.0, 0.69, 272.86, 272.88, 0.0, 1.0], [0.2, 25.0, 0.0, 0.0])
(166427594, [1.0, 3.58, 0.0, 0.57, 0.0, 3.58, 0.0, 3.58, 0.0, 0.0], [0.0, 1.85, 0.0, 0.68, 272.86, 272.88, 0.0, 1.0], [0.2, 25.0, 0.0, 0.0])
(166527599, [2.0, 3.58, 0.0, 0.57, 0.0, 3.58, 0.0, 3.58, 0.0, 0.0], [0.0, 1.86, 0.0, 0.68, 272.85, 272.88, 0.0, 1.0], [0.2, 25.0, 0.0, 0.0])
(166627431, [2.0, 3.58, 0.0, 0.57, 0.0, 3.58, 0.0, 3.58, 0.0, 0.0], [0.0, 1.87, 0.0, 0.67, 272.85, 272.88, 0.0, 1.0], [0.2, 25.0, 0.0, 0.0])
(166727311, [1.0, 3.58, 0.0, 0.57, 0.0, 3.58, 0.0, 3.58, 0.0, 0.0], [0.0, 1.86, 0.0, 0.67, 272.85, 272.88, 0.0, 1.0], [0.2, 25.0, 0.0, 0.0])
(166827594, [1.0, 3.58, 0.0, 0.57, 0.0, 3.58, 0.0, 3.58, 0.0, 0.0], [0.0, 1.87, 0.0, 0.68, 272.87, 272.89, 0.0, 1.0], [0.2, 25.0, 0.0, 0.0])
(166927338, [1.0, 3.58, 0.0, 0.57, 0.0, 3.58, 0.0, 3.58, 0.0, 0.0], [0.0, 1.88, 0.0, 0.68, 272.87, 272.9, 0.0, 1.0], [0.2, 25.0, 0.0, 0.0])
(167027275, [2.0, 3.58, 0.0, 0.57, 0.0, 3.58, 0.0, 3.58, 0.0, 0.0], [0.0, 1.88, 0.0, 0.69, 272.86, 272.89, 0.0, 1.0], [0.2, 25.0, 0.0, 0.0])
(167127590, [2.0, 3.58, 0.0, 0.57, 0.0, 3.58, 0.0, 3.58, 0.0, 0.0], [0.0, 1.88, 0.0, 0.68, 272.87, 272.9, 0.0, 1.0], [0.2, 25.0, 0.0, 0.0])
(167227248, [1.0, 3.58, 0.0, 0.57, 0.0, 3.58, 0.0, 3.58, 0.0, 0.0], [0.0, 1.88, 0.0, 0.68, 272.87, 272.9, 0.0, 1.0], [0.2, 25.0, 0.0, 0.0])
(167327231, [1.0, 3.58, 0.0, 0.57, 0.0, 3.58, 0.0, 3.58, 0.0, 0.0], [0.0, 1.89, 0.0, 0.68, 272.87, 272.9, 0.0, 1.0], [0.2, 25.0, 0.0, 0.0])
(167427400, [1.0, 3.58, 0.0, 0.57, 0.0, 3.58, 0.0, 3.58, 0.0, 0.0], [0.0, 1.88, 0.0, 0.69, 272.88, 272.91, 0.0, 1.0], [0.2, 25.0, 0.0, 0.0])
(167527407, [2.0, 3.58, 0.0, 0.57, 0.0, 3.58, 0.0, 3.58, 0.0, 0.0], [0.0, 1.89, 0.0, 0.69, 272.89, 272.92, 0.0, 1.0], [0.2, 25.0, 0.0, 0.0])
(167627249, [2.0, 3.58, 0.0, 0.57, 0.0, 3.58, 0.0, 3.58, 0.0, 0.0], [0.0, 1.9, 0.0, 0.69, 272.88, 272.91, 0.0, 1.0], [0.2, 25.0, 0.0, 0.0])
(167727621, [1.0, 3.58, 0.0, 0.57, 0.0, 3.58, 0.0, 3.58, 0.0, 0.0], [0.0, 1.9, 0.0, 0.68, 272.88, 272.91, 0.0, 1.0], [0.2, 25.0, 0.0, 0.0])
(167827417, [1.0, 3.58, 0.0, 0.57, 0.0, 3.58, 0.0, 3.58, 0.0, 0.0], [0.0, 1.9, 0.0, 0.68, 272.88, 272.91, 0.0, 1.0], [0.2, 25.0, 0.0, 0.0])
(167927588, [1.0, 3.58, 0.0, 0.57, 0.0, 3.58, 0.0, 3.58, 0.0, 0.0], [0.0, 1.91, 0.0, 0.68, 272.88, 272.91, 0.0, 1.0], [0.2, 25.0, 0.0, 0.0])
(168027569, [2.0, 3.58, 0.0, 0.57, 0.0, 3.58, 0.0, 3.58, 0.0, 0.0], [0.0, 1.91, 0.0, 0.68, 272.88, 272.91, 0.0, 1.0], [0.2, 25.0, 0.0, 0.0])
(168127461, [2.0, 3.58, 0.0, 0.57, 0.0, 3.58, 0.0, 3.58, 0.0, 0.0], [0.0, 1.91, 0.0, 0.69, 272.89, 272.92, 0.0, 1.0], [0.2, 25.0, 0.0, 0.0])
(168227481, [1.0, 3.58, 0.0, 0.57, 0.0, 3.58, 0.0, 3.58, 0.0, 0.0], [0.0, 1.92, 0.0, 0.69, 272.9, 272.92, 0.0, 1.0], [0.2, 25.0, 0.0, 0.0])
(168327249, [1.0, 3.58, 0.0, 0.57, 0.0, 3.58, 0.0, 3.58, 0.0, 0.0], [0.0, 1.92, 0.0, 0.69, 272.89, 272.92, 0.0, 1.0], [0.2, 25.0, 0.0, 0.0])
(168427269, [1.0, 3.58, 0.0, 0.57, 0.0, 3.58, 0.0, 3.58, 0.0, 0.0], [0.0, 1.92, 0.0, 0.7, 272.89, 272.92, 0.0, 1.0], [0.2, 25.0, 0.0, 0.0])
(168527599, [2.0, 3.58, 0.0, 0.57, 0.0, 3.58, 0.0, 3.58, 0.0, 0.0], [0.0, 1.92, 0.0, 0.69, 272.9, 272.93, 0.0, 1.0], [0.2, 25.0, 0.0, 0.0])
(168627254, [2.0, 3.58, 0.0, 0.57, 0.0, 3.58, 0.0, 3.58, 0.0, 0.0], [0.0, 1.92, 0.0, 0.69, 272.91, 272.94, 0.0, 1.0], [0.2, 25.0, 0.0, 0.0])
(168727312, [1.0, 3.58, 0.0, 0.57, 0.0, 3.58, 0.0, 3.58, 0.0, 0.0], [0.0, 1.92, 0.0, 0.69, 272.9, 272.93, 0.0, 1.0], [0.2, 25.0, 0.0, 0.0])
(168827454, [1.0, 3.58, 0.0, 0.57, 0.0, 3.58, 0.0, 3.58, 0.0, 0.0], [0.0, 1.93, 0.0, 0.7, 272.91, 272.94, 0.0, 1.0], [0.2, 25.0, 0.0, 0.0])
(168927265, [1.0, 3.58, 0.0, 0.57, 0.0, 3.58, 0.0, 3.58, 0.0, 0.0], [0.0, 1.94, 0.0, 0.7, 272.91, 272.94, 0.0, 1.0], [0.2, 25.0, 0.0, 0.0])
(169027317, [1.0, 3.58, 0.0, 0.57, 0.0, 3.58, 0.0, 3.58, 0.0, 0.0], [0.0, 1.94, 0.0, 0.7, 272.91, 272.94, 0.0, 1.0], [0.2, 25.0, 0.0, 0.0])
(169127441, [2.0, 3.58, 0.0, 0.57, 0.0, 3.58, 0.0, 3.58, 0.0, 0.0], [0.0, 1.94, 0.0, 0.7, 272.92, 272.95, 0.0, 1.0], [0.2, 25.0, 0.0, 0.0])
(169227755, [2.0, 3.58, 0.0, 0.57, 0.0, 3.58, 0.0, 3.58, 0.0, 0.0], [0.0, 1.95, 0.0, 0.7, 272.93, 272.95, 0.0, 1.0], [0.2, 25.0, 0.0, 0.0])
(169327573, [1.0, 3.58, 0.0, 0.57, 0.0, 3.58, 0.0, 3.58, 0.0, 0.0], [0.0, 1.95, 0.0, 0.7, 272.92, 272.95, 0.0, 1.0], [0.2, 25.0, 0.0, 0.0])
(169427461, [1.0, 3.58, 0.0, 0.57, 0.0, 3.58, 0.0, 3.58, 0.0, 0.0], [0.0, 1.95, 0.0, 0.7, 272.93, 272.95, 0.0, 1.0], [0.2, 25.0, 0.0, 0.0])
(169527589, [2.0, 3.58, 0.0, 0.57, 0.0, 3.58, 0.0, 3.58, 0.0, 0.0], [0.0, 1.96, 0.0, 0.71, 272.93, 272.96, 0.0, 1.0], [0.2, 25.0, 0.0, 0.0])
(169627451, [2.0, 3.58, 0.0, 0.57, 0.0, 3.58, 0.0, 3.58, 0.0, 0.0], [0.0, 1.97, 0.0, 0.71, 272.93, 272.96, 0.0, 1.0], [0.2, 25.0, 0.0, 0.0])
(169727476, [1.0, 3.58, 0.0, 0.57, 0.0, 3.58, 0.0, 3.58, 0.0, 0.0], [0.0, 1.97, 0.0, 0.71, 272.94, 272.97, 0.0, 1.0], [0.2, 25.0, 0.0, 0.0])
(169827603, [1.0, 3.58, 0.0, 0.57, 0.0, 3.58, 0.0, 3.58, 0.0, 0.0], [0.0, 1.98, 0.0, 0.71, 272.92, 272.95, 0.0, 1.0], [0.2, 25.0, 0.0, 0.0])
(169927379, [1.0, 3.58, 0.0, 0.57, 0.0, 3.58, 0.0, 3.58, 0.0, 0.0], [0.0, 1.98, 0.0, 0.71, 272.92, 272.95, 0.0, 1.0], [0.2, 25.0, 0.0, 0.0])
(170027341, [1.0, 3.58, 0.0, 0.57, 0.0, 3.58, 0.0, 3.58, 0.0, 0.0], [0.0, 1.98, 0.0, 0.71, 272.93, 272.96, 0.0, 1.0], [0.2, 25.0, 0.0, 0.0])
(170127438, [2.0, 3.58, 0.0, 0.57, 0.0, 3.58, 0.0, 3.58, 0.0, 0.0], [0.0, 1.98, 0.0, 0.71, 272.94, 272.97, 0.0, 1.0], [0.2, 25.0, 0.0, 0.0])
(170227451, [2.0, 3.58, 0.0, 0.57, 0.0, 3.58, 0.0, 3.58, 0.0, 0.0], [0.0, 1.98, 0.0, 0.71, 272.94, 272.97, 0.0, 1.0], [0.2, 25.0, 0.0, 0.0])
(170327246, [1.0, 3.58, 0.0, 0.57, 0.0, 3.58, 0.0, 3.58, 0.0, 0.0], [0.0, 1.98, 0.0, 0.71, 272.95, 272.97, 0.0, 1.0], [0.2, 25.0, 0.0, 0.0])
(170427301, [1.0, 3.58, 0.0, 0.57, 0.0, 3.58, 0.0, 3.58, 0.0, 0.0], [0.0, 1.99, 0.0, 0.71, 272.94, 272.97, 0.0, 1.0], [0.2, 25.0, 0.0, 0.0])
(170527462, [1.0, 3.58, 0.0, 0.57, 0.0, 3.58, 0.0, 3.58, 0.0, 0.0], [0.0, 1.99, 0.0, 0.72, 272.94, 272.97, 0.0, 1.0], [0.2, 25.0, 0.0, 0.0])
(170627259, [2.0, 3.58, 0.0, 0.57, 0.0, 3.58, 0.0, 3.58, 0.0, 0.0], [0.0, 2.0, 0.0, 0.72, 272.95, 272.98, 0.0, 1.0], [0.2, 25.0, 0.0, 0.0])
(170727312, [2.0, 3.58, 0.0, 0.57, 0.0, 3.58, 0.0, 3.58, 0.0, 0.0], [0.0, 2.0, 0.0, 0.72, 272.96, 272.99, 0.0, 1.0], [0.2, 25.0, 0.0, 0.0])
(170827577, [1.0, 3.58, 0.0, 0.57, 0.0, 3.58, 0.0, 3.58, 0.0, 0.0], [0.0, 2.0, 0.0, 0.73, 272.97, 273.0, 0.0, 1.0], [0.2, 25.0, 0.0, 0.0])
(170927587, [1.0, 3.58, 0.0, 0.57, 0.0, 3.58, 0.0, 3.58, 0.0, 0.0], [0.0, 2.0, 0.0, 0.74, 272.96, 272.99, 0.0, 1.0], [0.2, 25.0, 0.0, 0.0])
(171027459, [1.0, 3.58, 0.0, 0.57, 0.0, 3.58, 0.0, 3.58, 0.0, 0.0], [0.0, 2.01, 0.0, 0.73, 272.96, 272.99, 0.0, 1.0], [0.2, 25.0, 0.0, 0.0])
(171127452, [2.0, 3.58, 0.0, 0.57, 0.0, 3.58, 0.0, 3.58, 0.0, 0.0], [0.0, 2.01, 0.0, 0.72, 272.95, 272.98, 0.0, 1.0], [0.2, 25.0, 0.0, 0.0])
(171227596, [2.0, 3.58, 0.0, 0.57, 0.0, 3.58, 0.0, 3.58, 0.0, 0.0], [0.0, 2.01, 0.0, 0.73, 272.97, 273.0, 0.0, 1.0], [0.2, 25.0, 0.0, 0.0])
(171327446, [1.0, 3.58, 0.0, 0.57, 0.0, 3.58, 0.0, 3.58, 0.0, 0.0], [0.0, 2.01, 0.0, 0.73, 272.96, 272.99, 0.0, 1.0], [0.2, 25.0, 0.0, 0.0])
(171427443, [1.0, 3.58, 0.0, 0.57, 0.0, 3.58, 0.0, 3.58, 0.0, 0.0], [0.0, 2.01, 0.0, 0.73, 272.96, 272.99, 0.0, 1.0], [0.2, 25.0, 0.0, 0.0])
(171527406, [1.0, 3.58, 0.0, 0.57, 0.0, 3.58, 0.0, 3.58, 0.0, 0.0], [0.0, 2.02, 0.0, 0.73, 272.97, 273.0, 0.0, 1.0], [0.2, 25.0, 0.0, 0.0])
(171627295, [2.0, 3.58, 0.0, 0.57, 0.0, 3.58, 0.0, 3.58, 0.0, 0.0], [0.0, 2.02, 0.0, 0.73, 272.97, 272.99, 0.0, 1.0], [0.2, 25.0, 0.0, 0.0])
(171727311, [2.0, 3.58, 0.0, 0.57, 0.0, 3.58, 0.0, 3.58, 0.0, 0.0], [0.0, 2.02, 0.0, 0.74, 272.97, 273.0, 0.0, 1.0], [0.2, 25.0, 0.0, 0.0])
(171827445, [1.0, 3.58, 0.0, 0.57, 0.0, 3.58, 0.0, 3.58, 0.0, 0.0], [0.0, 2.02, 0.0, 0.74, 272.97, 273.0, 0.0, 1.0], [0.2, 25.0, 0.0, 0.0])
(171927456, [1.0, 3.58, 0.0, 0.57, 0.0, 3.58, 0.0, 3.58, 0.0, 0.0], [0.0, 2.03, 0.0, 0.74, 272.97, 273.0, 0.0, 1.0], [0.2, 25.0, 0.0, 0.0])
(172027243, [1.0, 3.58, 0.0, 0.57, 0.0, 3.58, 0.0, 3.58, 0.0, 0.0], [0.0, 2.03, 0.0, 0.74, 272.97, 273.0, 0.0, 1.0], [0.2, 25.0, 0.0, 0.0])
(172127436, [2.0, 3.58, 0.0, 0.57, 0.0, 3.58, 0.0, 3.58, 0.0, 0.0], [0.0, 2.04, 0.0, 0.74, 272.98, 273.01, 0.0, 1.0], [0.2, 25.0, 0.0, 0.0])
(172227483, [2.0, 3.58, 0.0, 0.57, 0.0, 3.58, 0.0, 3.58, 0.0, 0.0], [0.0, 2.04, 0.0, 0.75, 272.97, 273.0, 0.0, 1.0], [0.2, 25.0, 0.0, 0.0])
(172327257, [1.0, 3.58, 0.0, 0.57, 0.0, 3.58, 0.0, 3.58, 0.0, 0.0], [0.0, 2.04, 0.0, 0.75, 272.98, 273.01, 0.0, 1.0], [0.2, 25.0, 0.0, 0.0])
(172427444, [1.0, 3.58, 0.0, 0.57, 0.0, 3.58, 0.0, 3.58, 0.0, 0.0], [0.0, 2.05, 0.0, 0.75, 272.98, 273.01, 0.0, 1.0], [0.2, 25.0, 0.0, 0.0])
(172527462, [1.0, 3.58, 0.0, 0.57, 0.0, 3.58, 0.0, 3.58, 0.0, 0.0], [0.0, 2.05, 0.0, 0.75, 272.98, 273.01, 0.0, 1.0], [0.2, 25.0, 0.0, 0.0])
(172627404, [2.0, 3.58, 0.0, 0.57, 0.0, 3.58, 0.0, 3.58, 0.0, 0.0], [0.0, 2.05, 0.0, 0.76, 272.99, 273.02, 0.0, 1.0], [0.2, 25.0, 0.0, 0.0])
(172727650, [2.0, 3.58, 0.0, 0.57, 0.0, 3.58, 0.0, 3.58, 0.0, 0.0], [0.0, 2.06, 0.0, 0.77, 272.99, 273.02, 0.0, 1.0], [0.2, 25.0, 0.0, 0.0])
(172827596, [1.0, 3.58, 0.0, 0.57, 0.0, 3.58, 0.0, 3.58, 0.0, 0.0], [0.0, 2.05, 0.0, 0.76, 272.99, 273.02, 0.0, 1.0], [0.2, 25.0, 0.0, 0.0])
(172927428, [1.0, 3.58, 0.0, 0.57, 0.0, 3.58, 0.0, 3.58, 0.0, 0.0], [0.0, 2.06, 0.0, 0.76, 273.0, 273.03, 0.0, 1.0], [0.2, 25.0, 0.0, 0.0])
(173027384, [1.0, 3.58, 0.0, 0.57, 0.0, 3.58, 0.0, 3.58, 0.0, 0.0], [0.0, 2.06, 0.0, 0.76, 273.0, 273.03, 0.0, 1.0], [0.2, 25.0, 0.0, 0.0])
(173127267, [2.0, 3.58, 0.0, 0.57, 0.0, 3.58, 0.0, 3.58, 0.0, 0.0], [0.0, 2.06, 0.0, 0.77, 273.0, 273.03, 0.0, 1.0], [0.2, 25.0, 0.0, 0.0])
(173227444, [2.0, 3.58, 0.0, 0.57, 0.0, 3.58, 0.0, 3.58, 0.0, 0.0], [0.0, 2.06, 0.0, 0.78, 273.0, 273.03, 0.0, 1.0], [0.2, 25.0, 0.0, 0.0])
(173327247, [1.0, 3.58, 0.0, 0.57, 0.0, 3.58, 0.0, 3.58, 0.0, 0.0], [0.0, 2.08, 0.0, 0.78, 273.01, 273.04, 0.0, 1.0], [0.2, 25.0, 0.0, 0.0])
(173427579, [1.0, 3.58, 0.0, 0.57, 0.0, 3.58, 0.0, 3.58, 0.0, 0.0], [0.0, 2.07, 0.0, 0.78, 273.01, 273.04, 0.0, 1.0], [0.2, 25.0, 0.0, 0.0])
(173527437, [1.0, 3.58, 0.0, 0.57, 0.0, 3.58, 0.0, 3.58, 0.0, 0.0], [0.0, 2.08, 0.0, 0.78, 273.02, 273.05, 0.0, 1.0], [0.2, 25.0, 0.0, 0.0])
(173627334, [2.0, 3.58, 0.0, 0.57, 0.0, 3.58, 0.0, 3.58, 0.0, 0.0], [0.0, 2.09, 0.0, 0.77, 273.01, 273.04, 0.0, 1.0], [0.2, 25.0, 0.0, 0.0])
(173727343, [2.0, 3.58, 0.0, 0.57, 0.0, 3.58, 0.0, 3.58, 0.0, 0.0], [0.0, 2.09, 0.0, 0.77, 273.01, 273.04, 0.0, 1.0], [0.2, 25.0, 0.0, 0.0])
(173827441, [1.0, 3.58, 0.0, 0.57, 0.0, 3.58, 0.0, 3.58, 0.0, 0.0], [0.0, 2.09, 0.0, 0.77, 273.01, 273.04, 0.0, 1.0], [0.2, 25.0, 0.0, 0.0])
(173927457, [1.0, 3.58, 0.0, 0.57, 0.0, 3.58, 0.0, 3.58, 0.0, 0.0], [0.0, 2.09, 0.0, 0.76, 273.01, 273.04, 0.0, 1.0], [0.2, 25.0, 0.0, 0.0])
(174027300, [1.0, 3.58, 0.0, 0.57, 0.0, 3.58, 0.0, 3.58, 0.0, 0.0], [0.0, 2.09, 0.0, 0.77, 273.01, 273.04, 0.0, 1.0], [0.2, 25.0, 0.0, 0.0])
(174127485, [2.0, 3.58, 0.0, 0.57, 0.0, 3.58, 0.0, 3.58, 0.0, 0.0], [0.0, 2.1, 0.0, 0.77, 273.01, 273.04, 0.0, 1.0], [0.2, 25.0, 0.0, 0.0])
(174227433, [2.0, 3.58, 0.0, 0.57, 0.0, 3.58, 0.0, 3.58, 0.0, 0.0], [0.0, 2.1, 0.0, 0.76, 273.01, 273.04, 0.0, 1.0], [0.2, 25.0, 0.0, 0.0])
(174327615, [1.0, 3.58, 0.0, 0.57, 0.0, 3.58, 0.0, 3.58, 0.0, 0.0], [0.0, 2.09, 0.0, 0.76, 273.02, 273.05, 0.0, 1.0], [0.2, 25.0, 0.0, 0.0])
(174427430, [1.0, 3.58, 0.0, 0.57, 0.0, 3.58, 0.0, 3.58, 0.0, 0.0], [0.0, 2.1, 0.0, 0.77, 273.02, 273.05, 0.0, 1.0], [0.2, 25.0, 0.0, 0.0])
(174527432, [1.0, 3.58, 0.0, 0.57, 0.0, 3.58, 0.0, 3.58, 0.0, 0.0], [0.0, 2.1, 0.0, 0.78, 273.01, 273.05, 0.0, 1.0], [0.2, 25.0, 0.0, 0.0])
(174627444, [2.0, 3.58, 0.0, 0.57, 0.0, 3.58, 0.0, 3.58, 0.0, 0.0], [0.0, 2.1, 0.0, 0.78, 273.03, 273.06, 0.0, 1.0], [0.2, 25.0, 0.0, 0.0])
(174727473, [2.0, 3.58, 0.0, 0.57, 0.0, 3.58, 0.0, 3.58, 0.0, 0.0], [0.0, 2.11, 0.0, 0.78, 273.03, 273.06, 0.0, 1.0], [0.2, 25.0, 0.0, 0.0])
(174827388, [1.0, 3.58, 0.0, 0.57, 0.0, 3.58, 0.0, 3.58, 0.0, 0.0], [0.0, 2.1, 0.0, 0.79, 273.02, 273.05, 0.0, 1.0], [0.2, 25.0, 0.0, 0.0])
(174927625, [1.0, 3.58, 0.0, 0.57, 0.0, 3.58, 0.0, 3.58, 0.0, 0.0], [0.0, 2.11, 0.0, 0.79, 273.02, 273.05, 0.0, 1.0], [0.2, 25.0, 0.0, 0.0])
(175027270, [1.0, 3.58, 0.0, 0.57, 0.0, 3.58, 0.0, 3.58, 0.0, 0.0], [0.0, 2.11, 0.0, 0.78, 273.01, 273.04, 0.0, 1.0], [0.2, 25.0, 0.0, 0.0])
(175127253, [2.0, 3.58, 0.0, 0.57, 0.0, 3.58, 0.0, 3.58, 0.0, 0.0], [0.0, 2.1, 0.0, 0.79, 273.03, 273.06, 0.0, 1.0], [0.2, 25.0, 0.0, 0.0])
(175227646, [2.0, 3.58, 0.0, 0.57, 0.0, 3.58, 0.0, 3.58, 0.0, 0.0], [0.0, 2.11, 0.0, 0.79, 273.03, 273.06, 0.0, 1.0], [0.2, 25.0, 0.0, 0.0])
(175327256, [1.0, 3.58, 0.0, 0.57, 0.0, 3.58, 0.0, 3.58, 0.0, 0.0], [0.0, 2.11, 0.0, 0.8, 273.03, 273.06, 0.0, 1.0], [0.2, 25.0, 0.0, 0.0])
(175427249, [1.0, 3.58, 0.0, 0.57, 0.0, 3.58, 0.0, 3.58, 0.0, 0.0], [0.0, 2.11, 0.0, 0.8, 273.04, 273.07, 0.0, 1.0], [0.2, 25.0, 0.0, 0.0])
(175527430, [1.0, 3.58, 0.0, 0.57, 0.0, 3.58, 0.0, 3.58, 0.0, 0.0], [0.0, 2.11, 0.0, 0.81, 273.03, 273.06, 0.0, 1.0], [0.2, 25.0, 0.0, 0.0])
(175627269, [2.0, 3.58, 0.0, 0.57, 0.0, 3.58, 0.0, 3.58, 0.0, 0.0], [0.0, 2.11, 0.0, 0.81, 273.04, 273.07, 0.0, 1.0], [0.2, 25.0, 0.0, 0.0])
(175727646, [2.0, 3.58, 0.0, 0.57, 0.0, 3.58, 0.0, 3.58, 0.0, 0.0], [0.0, 2.11, 0.0, 0.81, 273.03, 273.06, 0.0, 1.0], [0.2, 25.0, 0.0, 0.0])
(175827415, [1.0, 3.58, 0.0, 0.57, 0.0, 3.58, 0.0, 3.58, 0.0, 0.0], [0.0, 2.12, 0.0, 0.82, 273.04, 273.07, 0.0, 1.0], [0.2, 25.0, 0.0, 0.0])
(175927421, [1.0, 3.58, 0.0, 0.57, 0.0, 3.58, 0.0, 3.58, 0.0, 0.0], [0.0, 2.12, 0.0, 0.82, 273.04, 273.07, 0.0, 1.0], [0.2, 25.0, 0.0, 0.0])
(176027583, [1.0, 3.58, 0.0, 0.57, 0.0, 3.58, 0.0, 3.58, 0.0, 0.0], [0.0, 2.12, 0.0, 0.82, 273.04, 273.07, 0.0, 1.0], [0.2, 25.0, 0.0, 0.0])
(176127397, [2.0, 3.58, 0.0, 0.57, 0.0, 3.58, 0.0, 3.58, 0.0, 0.0], [0.0, 2.12, 0.0, 0.81, 273.03, 273.06, 0.0, 1.0], [0.2, 25.0, 0.0, 0.0])
(176227659, [2.0, 3.58, 0.0, 0.57, 0.0, 3.58, 0.0, 3.58, 0.0, 0.0], [0.0, 2.12, 0.0, 0.81, 273.03, 273.06, 0.0, 1.0], [0.2, 25.0, 0.0, 0.0])
(176327288, [1.0, 3.58, 0.0, 0.57, 0.0, 3.58, 0.0, 3.58, 0.0, 0.0], [0.0, 2.12, 0.0, 0.81, 273.03, 273.06, 0.0, 1.0], [0.2, 25.0, 0.0, 0.0])
(176427290, [1.0, 3.58, 0.0, 0.57, 0.0, 3.58, 0.0, 3.58, 0.0, 0.0], [0.0, 2.12, 0.0, 0.81, 273.02, 273.05, 0.0, 1.0], [0.2, 25.0, 0.0, 0.0])
(176527446, [1.0, 3.58, 0.0, 0.57, 0.0, 3.58, 0.0, 3.58, 0.0, 0.0], [0.0, 2.12, 0.0, 0.81, 273.03, 273.06, 0.0, 1.0], [0.2, 25.0, 0.0, 0.0])
(176627272, [2.0, 3.58, 0.0, 0.57, 0.0, 3.58, 0.0, 3.58, 0.0, 0.0], [0.0, 2.13, 0.0, 0.81, 273.03, 273.06, 0.0, 1.0], [0.2, 25.0, 0.0, 0.0])
(176727302, [2.0, 3.58, 0.0, 0.57, 0.0, 3.58, 0.0, 3.58, 0.0, 0.0], [0.0, 2.13, 0.0, 0.82, 273.03, 273.06, 0.0, 1.0], [0.2, 25.0, 0.0, 0.0])
(176827403, [1.0, 3.58, 0.0, 0.57, 0.0, 3.58, 0.0, 3.58, 0.0, 0.0], [0.0, 2.13, 0.0, 0.82, 273.04, 273.07, 0.0, 1.0], [0.2, 25.0, 0.0, 0.0])
(176927281, [1.0, 3.58, 0.0, 0.57, 0.0, 3.58, 0.0, 3.58, 0.0, 0.0], [0.0, 2.13, 0.0, 0.83, 273.03, 273.07, 0.0, 1.0], [0.2, 25.0, 0.0, 0.0])
(177027242, [1.0, 3.58, 0.0, 0.57, 0.0, 3.58, 0.0, 3.58, 0.0, 0.0], [0.0, 2.13, 0.0, 0.82, 273.04, 273.07, 0.0, 1.0], [0.2, 25.0, 0.0, 0.0])
(177127253, [2.0, 3.58, 0.0, 0.57, 0.0, 3.58, 0.0, 3.58, 0.0, 0.0], [0.0, 2.13, 0.0, 0.82, 273.04, 273.07, 0.0, 1.0], [0.2, 25.0, 0.0, 0.0])
(177227458, [2.0, 3.58, 0.0, 0.57, 0.0, 3.58, 0.0, 3.58, 0.0, 0.0], [0.0, 2.13, 0.0, 0.82, 273.03, 273.06, 0.0, 1.0], [0.2, 25.0, 0.0, 0.0])
(177327461, [1.0, 3.58, 0.0, 0.57, 0.0, 3.58, 0.0, 3.58, 0.0, 0.0], [0.0, 2.13, 0.0, 0.82, 273.05, 273.08, 0.0, 1.0], [0.2, 25.0, 0.0, 0.0])
(177427422, [1.0, 3.58, 0.0, 0.57, 0.0, 3.58, 0.0, 3.58, 0.0, 0.0], [0.0, 2.13, 0.0, 0.83, 273.04, 273.07, 0.0, 1.0], [0.2, 25.0, 0.0, 0.0])
(177530793, [1.0, 3.58, 0.0, 0.57, 0.0, 3.58, 0.0, 3.58, 0.0, 0.0], [0.0, 2.14, 0.0, 0.82, 273.04, 273.07, 0.0, 1.0], [0.2, 25.0, 0.0, 0.0])
(177630843, [2.0, 3.58, 0.0, 0.57, 0.0, 3.58, 0.0, 3.58, 0.0, 0.0], [0.0, 2.14, 0.0, 0.83, 273.04, 273.07, 0.0, 1.0], [0.2, 25.0, 0.0, 0.0])
(177730785, [2.0, 3.58, 0.0, 0.57, 0.0, 3.58, 0.0, 3.58, 0.0, 0.0], [0.0, 2.14, 0.0, 0.84, 273.04, 273.07, 0.0, 1.0], [0.2, 25.0, 0.0, 0.0])
(177830819, [1.0, 3.58, 0.0, 0.57, 0.0, 3.58, 0.0, 3.58, 0.0, 0.0], [0.0, 2.14, 0.0, 0.83, 273.04, 273.07, 0.0, 1.0], [0.2, 25.0, 0.0, 0.0])
(177930820, [1.0, 3.58, 0.0, 0.57, 0.0, 3.58, 0.0, 3.58, 0.0, 0.0], [0.0, 2.15, 0.0, 0.83, 273.04, 273.07, 0.0, 1.0], [0.2, 25.0, 0.0, 0.0])
(178030929, [1.0, 3.58, 0.0, 0.57, 0.0, 3.58, 0.0, 3.58, 0.0, 0.0], [0.0, 2.14, 0.0, 0.83, 273.04, 273.07, 0.0, 1.0], [0.2, 25.0, 0.0, 0.0])
(178130543, [2.0, 3.58, 0.0, 0.57, 0.0, 3.58, 0.0, 3.58, 0.0, 0.0], [0.0, 2.14, 0.0, 0.84, 273.05, 273.08, 0.0, 1.0], [0.2, 25.0, 0.0, 0.0])
(178230817, [2.0, 3.58, 0.0, 0.57, 0.0, 3.58, 0.0, 3.58, 0.0, 0.0], [0.0, 2.15, 0.0, 0.83, 273.05, 273.08, 0.0, 1.0], [0.2, 25.0, 0.0, 0.0])
(178330636, [1.0, 3.58, 0.0, 0.57, 0.0, 3.58, 0.0, 3.58, 0.0, 0.0], [0.0, 2.15, 0.0, 0.83, 273.05, 273.08, 0.0, 1.0], [0.2, 25.0, 0.0, 0.0])
(178430572, [1.0, 3.58, 0.0, 0.57, 0.0, 3.58, 0.0, 3.58, 0.0, 0.0], [0.0, 2.15, 0.0, 0.83, 273.05, 273.08, 0.0, 1.0], [0.2, 25.0, 0.0, 0.0])
(178530854, [1.0, 3.58, 0.0, 0.57, 0.0, 3.58, 0.0, 3.58, 0.0, 0.0], [0.0, 2.16, 0.0, 0.84, 273.04, 273.07, 0.0, 1.0], [0.2, 25.0, 0.0, 0.0])
(178630795, [2.0, 3.58, 0.0, 0.57, 0.0, 3.58, 0.0, 3.58, 0.0, 0.0], [0.0, 2.16, 0.0, 0.85, 273.05, 273.08, 0.0, 1.0], [0.2, 25.0, 0.0, 0.0])
(178730839, [2.0, 3.58, 0.0, 0.57, 0.0, 3.58, 0.0, 3.58, 0.0, 0.0], [0.0, 2.17, 0.0, 0.85, 273.06, 273.09, 0.0, 1.0], [0.2, 25.0, 0.0, 0.0])
(178830814, [1.0, 3.58, 0.0, 0.57, 0.0, 3.58, 0.0, 3.58, 0.0, 0.0], [0.0, 2.17, 0.0, 0.85, 273.05, 273.09, 0.0, 1.0], [0.2, 25.0, 0.0, 0.0])
(178930823, [1.0, 3.58, 0.0, 0.57, 0.0, 3.58, 0.0, 3.58, 0.0, 0.0], [0.0, 2.17, 0.0, 0.85, 273.06, 273.1, 0.0, 1.0], [0.2, 25.0, 0.0, 0.0])
(179030815, [1.0, 3.58, 0.0, 0.57, 0.0, 3.58, 0.0, 3.58, 0.0, 0.0], [0.0, 2.18, 0.0, 0.85, 273.06, 273.09, 0.0, 1.0], [0.2, 25.0, 0.0, 0.0])
(179130816, [2.0, 3.58, 0.0, 0.57, 0.0, 3.58, 0.0, 3.58, 0.0, 0.0], [0.0, 2.17, 0.0, 0.85, 273.06, 273.09, 0.0, 1.0], [0.2, 25.0, 0.0, 0.0])
(179230894, [2.0, 3.58, 0.0, 0.57, 0.0, 3.58, 0.0, 3.58, 0.0, 0.0], [0.0, 2.18, 0.0, 0.85, 273.06, 273.1, 0.0, 1.0], [0.2, 25.0, 0.0, 0.0])
(179330908, [2.0, 3.58, 0.0, 0.57, 0.0, 3.58, 0.0, 3.58, 0.0, 0.0], [0.0, 2.18, 0.0, 0.85, 273.06, 273.09, 0.0, 1.0], [0.2, 25.0, 0.0, 0.0])
(179430560, [1.0, 3.58, 0.0, 0.57, 0.0, 3.58, 0.0, 3.58, 0.0, 0.0], [0.0, 2.18, 0.0, 0.85, 273.07, 273.1, 0.0, 1.0], [0.2, 25.0, 0.0, 0.0])
(179530822, [1.0, 3.58, 0.0, 0.57, 0.0, 3.58, 0.0, 3.58, 0.0, 0.0], [0.0, 2.18, 0.0, 0.86, 273.06, 273.09, 0.0, 1.0], [0.2, 25.0, 0.0, 0.0])
(179630799, [1.0, 3.58, 0.0, 0.57, 0.0, 3.58, 0.0, 3.58, 0.0, 0.0], [0.0, 2.18, 0.0, 0.86, 273.06, 273.09, 0.0, 1.0], [0.2, 25.0, 0.0, 0.0])
(179730638, [2.0, 3.58, 0.0, 0.57, 0.0, 3.58, 0.0, 3.58, 0.0, 0.0], [0.0, 2.18, 0.0, 0.85, 273.06, 273.09, 0.0, 1.0], [0.2, 25.0, 0.0, 0.0])
(179830552, [2.0, 3.58, 0.0, 0.57, 0.0, 3.58, 0.0, 3.58, 0.0, 0.0], [0.0, 2.18, 0.0, 0.85, 273.06, 273.09, 0.0, 1.0], [0.2, 25.0, 0.0, 0.0])
(179931120, [1.0, 3.58, 0.0, 0.57, 0.0, 3.58, 0.0, 3.58, 0.0, 0.0], [0.0, 2.18, 0.0, 0.85, 273.05, 273.08, 0.0, 1.0], [0.2, 25.0, 0.0, 0.0])
(180038895, [1.0, 3.58, 0.0, 0.57, 0.0, 3.58, 0.0, 3.58, 0.0, 0.0], [0.0, 2.18, 0.0, 0.84, 273.05, 273.08, 0.0, 1.0], [0.2, 25.0, 0.0, 0.0])
(180137287, [1.0, 3.58, 0.0, 0.57, 0.0, 3.58, 0.0, 3.58, 0.0, 0.0], [0.0, 2.18, 0.0, 0.84, 273.05, 273.08, 0.0, 1.0], [0.2, 25.0, 0.0, 0.0])
(180237305, [2.0, 3.58, 0.0, 0.57, 0.0, 3.58, 0.0, 3.58, 0.0, 0.0], [0.0, 2.19, 0.0, 0.83, 273.05, 273.08, 0.0, 1.0], [0.2, 25.0, 0.0, 0.0])
(180337354, [2.0, 3.58, 0.0, 0.57, 0.0, 3.58, 0.0, 3.58, 0.0, 0.0], [0.0, 2.19, 0.0, 0.83, 273.04, 273.07, 0.0, 1.0], [0.2, 25.0, 0.0, 0.0])
(180437383, [1.0, 3.58, 0.0, 0.57, 0.0, 3.58, 0.0, 3.58, 0.0, 0.0], [0.0, 2.19, 0.0, 0.84, 273.06, 273.09, 0.0, 1.0], [0.2, 25.0, 0.0, 0.0])
(180537347, [1.0, 3.58, 0.0, 0.57, 0.0, 3.58, 0.0, 3.58, 0.0, 0.0], [0.0, 2.19, 0.0, 0.84, 273.05, 273.08, 0.0, 1.0], [0.2, 25.0, 0.0, 0.0])
(180637407, [1.0, 3.58, 0.0, 0.57, 0.0, 3.58, 0.0, 3.58, 0.0, 0.0], [0.0, 2.19, 0.0, 0.84, 273.05, 273.08, 0.0, 1.0], [0.2, 25.0, 0.0, 0.0])
(180737386, [2.0, 3.58, 0.0, 0.57, 0.0, 3.58, 0.0, 3.58, 0.0, 0.0], [0.0, 2.19, 0.0, 0.84, 273.06, 273.09, 0.0, 1.0], [0.2, 25.0, 0.0, 0.0])
(180837338, [2.0, 3.58, 0.0, 0.57, 0.0, 3.58, 0.0, 3.58, 0.0, 0.0], [0.0, 2.18, 0.0, 0.84, 273.05, 273.08, 0.0, 1.0], [0.2, 25.0, 0.0, 0.0])
(180937298, [1.0, 3.58, 0.0, 0.57, 0.0, 3.58, 0.0, 3.58, 0.0, 0.0], [0.0, 2.18, 0.0, 0.85, 273.05, 273.08, 0.0, 1.0], [0.2, 25.0, 0.0, 0.0])
(181037269, [1.0, 3.58, 0.0, 0.57, 0.0, 3.58, 0.0, 3.58, 0.0, 0.0], [0.0, 2.19, 0.0, 0.84, 273.05, 273.08, 0.0, 1.0], [0.2, 25.0, 0.0, 0.0])
(181137237, [1.0, 3.58, 0.0, 0.57, 0.0, 3.58, 0.0, 3.58, 0.0, 0.0], [0.0, 2.18, 0.0, 0.84, 273.05, 273.08, 0.0, 1.0], [0.2, 25.0, 0.0, 0.0])
(181237307, [2.0, 3.58, 0.0, 0.57, 0.0, 3.58, 0.0, 3.58, 0.0, 0.0], [0.0, 2.18, 0.0, 0.85, 273.05, 273.08, 0.0, 1.0], [0.2, 25.0, 0.0, 0.0])
(181337271, [2.0, 3.58, 0.0, 0.57, 0.0, 3.58, 0.0, 3.58, 0.0, 0.0], [0.0, 2.19, 0.0, 0.84, 273.04, 273.08, 0.0, 1.0], [0.2, 25.0, 0.0, 0.0])
(181437317, [1.0, 3.58, 0.0, 0.57, 0.0, 3.58, 0.0, 3.58, 0.0, 0.0], [0.0, 2.18, 0.0, 0.85, 273.05, 273.08, 0.0, 1.0], [0.2, 25.0, 0.0, 0.0])
(181537364, [1.0, 3.58, 0.0, 0.57, 0.0, 3.58, 0.0, 3.58, 0.0, 0.0], [0.0, 2.18, 0.0, 0.84, 273.05, 273.08, 0.0, 1.0], [0.2, 25.0, 0.0, 0.0])
(181637268, [1.0, 3.58, 0.0, 0.57, 0.0, 3.58, 0.0, 3.58, 0.0, 0.0], [0.0, 2.19, 0.0, 0.85, 273.05, 273.08, 0.0, 1.0], [0.2, 25.0, 0.0, 0.0])
(181737246, [2.0, 3.58, 0.0, 0.57, 0.0, 3.58, 0.0, 3.58, 0.0, 0.0], [0.0, 2.19, 0.0, 0.85, 273.05, 273.08, 0.0, 1.0], [0.2, 25.0, 0.0, 0.0])
(181837118, [2.0, 3.58, 0.0, 0.57, 0.0, 3.58, 0.0, 3.58, 0.0, 0.0], [0.0, 2.19, 0.0, 0.84, 273.05, 273.09, 0.0, 1.0], [0.2, 25.0, 0.0, 0.0])
(181937303, [1.0, 3.58, 0.0, 0.57, 0.0, 3.58, 0.0, 3.58, 0.0, 0.0], [0.0, 2.19, 0.0, 0.86, 273.06, 273.09, 0.0, 1.0], [0.2, 25.0, 0.0, 0.0])
(182037324, [1.0, 3.58, 0.0, 0.57, 0.0, 3.58, 0.0, 3.58, 0.0, 0.0], [0.0, 2.19, 0.0, 0.85, 273.06, 273.09, 0.0, 1.0], [0.2, 25.0, 0.0, 0.0])
(182137314, [1.0, 3.58, 0.0, 0.57, 0.0, 3.58, 0.0, 3.58, 0.0, 0.0], [0.0, 2.19, 0.0, 0.85, 273.06, 273.09, 0.0, 1.0], [0.2, 25.0, 0.0, 0.0])
(182237340, [2.0, 3.58, 0.0, 0.57, 0.0, 3.58, 0.0, 3.58, 0.0, 0.0], [0.0, 2.19, 0.0, 0.86, 273.06, 273.09, 0.0, 1.0], [0.2, 25.0, 0.0, 0.0])
(182337324, [2.0, 3.58, 0.0, 0.57, 0.0, 3.58, 0.0, 3.58, 0.0, 0.0], [0.0, 2.19, 0.0, 0.86, 273.06, 273.09, 0.0, 1.0], [0.2, 25.0, 0.0, 0.0])
(182437292, [1.0, 3.58, 0.0, 0.57, 0.0, 3.58, 0.0, 3.58, 0.0, 0.0], [0.0, 2.2, 0.0, 0.85, 273.06, 273.09, 0.0, 1.0], [0.2, 25.0, 0.0, 0.0])
(182537347, [1.0, 3.58, 0.0, 0.57, 0.0, 3.58, 0.0, 3.58, 0.0, 0.0], [0.0, 2.19, 0.0, 0.85, 273.07, 273.1, 0.0, 1.0], [0.2, 25.0, 0.0, 0.0])
(182637296, [1.0, 3.58, 0.0, 0.57, 0.0, 3.58, 0.0, 3.58, 0.0, 0.0], [0.0, 2.2, 0.0, 0.85, 273.06, 273.1, 0.0, 1.0], [0.2, 25.0, 0.0, 0.0])
(182737181, [2.0, 3.58, 0.0, 0.57, 0.0, 3.58, 0.0, 3.58, 0.0, 0.0], [0.0, 2.19, 0.0, 0.85, 273.06, 273.09, 0.0, 1.0], [0.2, 25.0, 0.0, 0.0])
(182837679, [2.0, 3.58, 0.0, 0.57, 0.0, 3.58, 0.0, 3.58, 0.0, 0.0], [0.0, 2.19, 0.0, 0.85, 273.06, 273.1, 0.0, 1.0], [0.2, 25.0, 0.0, 0.0])
(182937265, [1.0, 3.58, 0.0, 0.57, 0.0, 3.58, 0.0, 3.58, 0.0, 0.0], [0.0, 2.19, 0.0, 0.86, 273.06, 273.09, 0.0, 1.0], [0.2, 25.0, 0.0, 0.0])
(183037128, [1.0, 3.58, 0.0, 0.57, 0.0, 3.58, 0.0, 3.58, 0.0, 0.0], [0.0, 2.19, 0.0, 0.86, 273.06, 273.09, 0.0, 1.0], [0.2, 25.0, 0.0, 0.0])
(183137138, [1.0, 3.58, 0.0, 0.57, 0.0, 3.58, 0.0, 3.58, 0.0, 0.0], [0.0, 2.19, 0.0, 0.86, 273.07, 273.1, 0.0, 1.0], [0.2, 25.0, 0.0, 0.0])
(183237342, [2.0, 3.58, 0.0, 0.57, 0.0, 3.58, 0.0, 3.58, 0.0, 0.0], [0.0, 2.19, 0.0, 0.86, 273.06, 273.1, 0.0, 1.0], [0.2, 25.0, 0.0, 0.0])
(183337182, [2.0, 3.58, 0.0, 0.57, 0.0, 3.58, 0.0, 3.58, 0.0, 0.0], [0.0, 2.19, 0.0, 0.86, 273.06, 273.09, 0.0, 1.0], [0.2, 25.0, 0.0, 0.0])
(183437244, [1.0, 3.58, 0.0, 0.57, 0.0, 3.58, 0.0, 3.58, 0.0, 0.0], [0.0, 2.19, 0.0, 0.86, 273.06, 273.09, 0.0, 1.0], [0.2, 25.0, 0.0, 0.0])
(183537128, [1.0, 3.58, 0.0, 0.57, 0.0, 3.58, 0.0, 3.58, 0.0, 0.0], [0.0, 2.2, 0.0, 0.86, 273.07, 273.1, 0.0, 1.0], [0.2, 25.0, 0.0, 0.0])
(183637361, [1.0, 3.58, 0.0, 0.57, 0.0, 3.58, 0.0, 3.58, 0.0, 0.0], [0.0, 2.2, 0.0, 0.87, 273.06, 273.09, 0.0, 1.0], [0.2, 25.0, 0.0, 0.0])
(183737347, [2.0, 3.58, 0.0, 0.57, 0.0, 3.58, 0.0, 3.58, 0.0, 0.0], [0.0, 2.2, 0.0, 0.88, 273.05, 273.09, 0.0, 1.0], [0.2, 25.0, 0.0, 0.0])
(183837421, [2.0, 3.58, 0.0, 0.57, 0.0, 3.58, 0.0, 3.58, 0.0, 0.0], [0.0, 2.2, 0.0, 0.86, 273.06, 273.09, 0.0, 1.0], [0.2, 25.0, 0.0, 0.0])
(183937303, [1.0, 3.58, 0.0, 0.57, 0.0, 3.58, 0.0, 3.58, 0.0, 0.0], [0.0, 2.2, 0.0, 0.87, 273.06, 273.09, 0.0, 1.0], [0.2, 25.0, 0.0, 0.0])
(184037324, [1.0, 3.58, 0.0, 0.57, 0.0, 3.58, 0.0, 3.58, 0.0, 0.0], [0.0, 2.2, 0.0, 0.87, 273.06, 273.09, 0.0, 1.0], [0.2, 25.0, 0.0, 0.0])
(184137236, [1.0, 3.58, 0.0, 0.57, 0.0, 3.58, 0.0, 3.58, 0.0, 0.0], [0.0, 2.2, 0.0, 0.87, 273.06, 273.09, 0.0, 1.0], [0.2, 25.0, 0.0, 0.0])
(184237274, [2.0, 3.58, 0.0, 0.57, 0.0, 3.58, 0.0, 3.58, 0.0, 0.0], [0.0, 2.2, 0.0, 0.87, 273.06, 273.1, 0.0, 1.0], [0.2, 25.0, 0.0, 0.0])
(184337303, [2.0, 3.58, 0.0, 0.57, 0.0, 3.58, 0.0, 3.58, 0.0, 0.0], [0.0, 2.2, 0.0, 0.87, 273.06, 273.09, 0.0, 1.0], [0.2, 25.0, 0.0, 0.0])
(184437291, [1.0, 3.58, 0.0, 0.57, 0.0, 3.58, 0.0, 3.58, 0.0, 0.0], [0.0, 2.2, 0.0, 0.88, 273.06, 273.09, 0.0, 1.0], [0.2, 25.0, 0.0, 0.0])
(184537126, [1.0, 3.58, 0.0, 0.57, 0.0, 3.58, 0.0, 3.58, 0.0, 0.0], [0.0, 2.21, 0.0, 0.88, 273.07, 273.1, 0.0, 1.0], [0.2, 25.0, 0.0, 0.0])
(184637320, [1.0, 3.58, 0.0, 0.57, 0.0, 3.58, 0.0, 3.58, 0.0, 0.0], [0.0, 2.21, 0.0, 0.88, 273.07, 273.1, 0.0, 1.0], [0.2, 25.0, 0.0, 0.0])
(184737185, [2.0, 3.58, 0.0, 0.57, 0.0, 3.58, 0.0, 3.58, 0.0, 0.0], [0.0, 2.2, 0.0, 0.88, 273.07, 273.11, 0.0, 1.0], [0.2, 25.0, 0.0, 0.0])
(184837114, [2.0, 3.58, 0.0, 0.57, 0.0, 3.58, 0.0, 3.58, 0.0, 0.0], [0.0, 2.2, 0.0, 0.88, 273.08, 273.11, 0.0, 1.0], [0.2, 25.0, 0.0, 0.0])
(184937406, [1.0, 3.58, 0.0, 0.57, 0.0, 3.58, 0.0, 3.58, 0.0, 0.0], [0.0, 2.2, 0.0, 0.88, 273.08, 273.11, 0.0, 1.0], [0.2, 25.0, 0.0, 0.0])
(185037273, [1.0, 3.58, 0.0, 0.57, 0.0, 3.58, 0.0, 3.58, 0.0, 0.0], [0.0, 2.2, 0.0, 0.89, 273.09, 273.12, 0.0, 1.0], [0.2, 25.0, 0.0, 0.0])
(185137291, [1.0, 3.58, 0.0, 0.57, 0.0, 3.58, 0.0, 3.58, 0.0, 0.0], [0.0, 2.21, 0.0, 0.89, 273.08, 273.11, 0.0, 1.0], [0.2, 25.0, 0.0, 0.0])
(185237305, [2.0, 3.58, 0.0, 0.57, 0.0, 3.58, 0.0, 3.58, 0.0, 0.0], [0.0, 2.21, 0.0, 0.89, 273.08, 273.11, 0.0, 1.0], [0.2, 25.0, 0.0, 0.0])
(185337288, [2.0, 3.58, 0.0, 0.57, 0.0, 3.58, 0.0, 3.58, 0.0, 0.0], [0.0, 2.22, 0.0, 0.89, 273.09, 273.12, 0.0, 1.0], [0.2, 25.0, 0.0, 0.0])
(185437277, [1.0, 3.58, 0.0, 0.57, 0.0, 3.58, 0.0, 3.58, 0.0, 0.0], [0.0, 2.22, 0.0, 0.89, 273.09, 273.12, 0.0, 1.0], [0.2, 25.0, 0.0, 0.0])
(185537626, [1.0, 3.58, 0.0, 0.57, 0.0, 3.58, 0.0, 3.58, 0.0, 0.0], [0.0, 2.22, 0.0, 0.9, 273.1, 273.13, 0.0, 1.0], [0.2, 25.0, 0.0, 0.0])
(392340306, [1.0, 3.58, 0.0, 0.57, 0.0, 3.58, 0.0, 3.58, 0.0, 0.0], [0.0, 0.29, 0.0, 0.78, 272.17, 272.18, 0.0, 1.0], [0.2, 25.0, 0.0, 0.0])
(392440263, [2.0, 3.58, 0.0, 0.57, 0.0, 3.58, 0.0, 3.58, 0.0, 0.0], [0.0, 0.3, 0.0, 0.78, 272.17, 272.18, 0.0, 1.0], [0.2, 25.0, 0.0, 0.0])
(392540085, [2.0, 3.58, 0.0, 0.57, 0.0, 3.58, 0.0, 3.58, 0.0, 0.0], [0.0, 0.3, 0.0, 0.77, 272.16, 272.17, 0.0, 1.0], [0.2, 25.0, 0.0, 0.0])
(392640279, [1.0, 3.58, 0.0, 0.57, 0.0, 3.58, 0.0, 3.58, 0.0, 0.0], [0.0, 0.3, 0.0, 0.77, 272.16, 272.17, 0.0, 1.0], [0.2, 25.0, 0.0, 0.0])
(392740357, [1.0, 3.58, 0.0, 0.57, 0.0, 3.58, 0.0, 3.58, 0.0, 0.0], [0.0, 0.3, 0.0, 0.77, 272.16, 272.17, 0.0, 1.0], [0.2, 25.0, 0.0, 0.0])
(392840065, [1.0, 3.58, 0.0, 0.57, 0.0, 3.58, 0.0, 3.58, 0.0, 0.0], [0.0, 0.3, 0.0, 0.77, 272.16, 272.17, 0.0, 1.0], [0.2, 25.0, 0.0, 0.0])
(392940084, [2.0, 3.58, 0.0, 0.57, 0.0, 3.58, 0.0, 3.58, 0.0, 0.0], [0.0, 0.29, 0.0, 0.77, 272.16, 272.17, 0.0, 1.0], [0.2, 25.0, 0.0, 0.0])
(393040267, [2.0, 3.58, 0.0, 0.57, 0.0, 3.58, 0.0, 3.58, 0.0, 0.0], [0.0, 0.3, 0.0, 0.77, 272.16, 272.17, 0.0, 1.0], [0.2, 25.0, 0.0, 0.0])
(393140176, [1.0, 3.58, 0.0, 0.57, 0.0, 3.58, 0.0, 3.58, 0.0, 0.0], [0.0, 0.3, 0.0, 0.77, 272.16, 272.18, 0.0, 1.0], [0.2, 25.0, 0.0, 0.0])
(393240277, [1.0, 3.58, 0.0, 0.57, 0.0, 3.58, 0.0, 3.58, 0.0, 0.0], [0.0, 0.29, 0.0, 0.77, 272.16, 272.17, 0.0, 1.0], [0.2, 25.0, 0.0, 0.0])
(393340239, [1.0, 3.58, 0.0, 0.57, 0.0, 3.58, 0.0, 3.58, 0.0, 0.0], [0.0, 0.3, 0.0, 0.78, 272.16, 272.18, 0.0, 1.0], [0.2, 25.0, 0.0, 0.0])
(393440330, [2.0, 3.58, 0.0, 0.57, 0.0, 3.58, 0.0, 3.58, 0.0, 0.0], [0.0, 0.29, 0.0, 0.77, 272.16, 272.17, 0.0, 1.0], [0.2, 25.0, 0.0, 0.0])
(393540291, [2.0, 3.58, 0.0, 0.57, 0.0, 3.58, 0.0, 3.58, 0.0, 0.0], [0.0, 0.29, 0.0, 0.77, 272.15, 272.17, 0.0, 1.0], [0.2, 25.0, 0.0, 0.0])
(393640286, [1.0, 3.58, 0.0, 0.57, 0.0, 3.58, 0.0, 3.58, 0.0, 0.0], [0.0, 0.29, 0.0, 0.77, 272.15, 272.17, 0.0, 1.0], [0.2, 25.0, 0.0, 0.0])
(393740349, [1.0, 3.58, 0.0, 0.57, 0.0, 3.58, 0.0, 3.58, 0.0, 0.0], [0.0, 0.29, 0.0, 0.77, 272.15, 272.16, 0.0, 1.0], [0.2, 25.0, 0.0, 0.0])
(393840242, [1.0, 3.58, 0.0, 0.57, 0.0, 3.58, 0.0, 3.58, 0.0, 0.0], [0.0, 0.29, 0.0, 0.77, 272.15, 272.16, 0.0, 1.0], [0.2, 25.0, 0.0, 0.0])
(393940238, [2.0, 3.58, 0.0, 0.57, 0.0, 3.58, 0.0, 3.58, 0.0, 0.0], [0.0, 0.29, 0.0, 0.76, 272.15, 272.16, 0.0, 1.0], [0.2, 25.0, 0.0, 0.0])
(394040272, [2.0, 3.58, 0.0, 0.57, 0.0, 3.58, 0.0, 3.58, 0.0, 0.0], [0.0, 0.28, 0.0, 0.76, 272.14, 272.16, 0.0, 1.0], [0.2, 25.0, 0.0, 0.0])
(394140300, [1.0, 3.58, 0.0, 0.57, 0.0, 3.58, 0.0, 3.58, 0.0, 0.0], [0.0, 0.28, 0.0, 0.76, 272.15, 272.16, 0.0, 1.0], [0.2, 25.0, 0.0, 0.0])
(394240574, [1.0, 3.58, 0.0, 0.57, 0.0, 3.58, 0.0, 3.58, 0.0, 0.0], [0.0, 0.28, 0.0, 0.76, 272.15, 272.16, 0.0, 1.0], [0.2, 25.0, 0.0, 0.0])
(394340277, [1.0, 3.58, 0.0, 0.57, 0.0, 3.58, 0.0, 3.58, 0.0, 0.0], [0.0, 0.28, 0.0, 0.76, 272.14, 272.16, 0.0, 1.0], [0.2, 25.0, 0.0, 0.0])
(394440274, [2.0, 3.58, 0.0, 0.57, 0.0, 3.58, 0.0, 3.58, 0.0, 0.0], [0.0, 0.28, 0.0, 0.76, 272.14, 272.16, 0.0, 1.0], [0.2, 25.0, 0.0, 0.0])
(394540069, [2.0, 3.58, 0.0, 0.57, 0.0, 3.58, 0.0, 3.58, 0.0, 0.0], [0.0, 0.28, 0.0, 0.75, 272.14, 272.15, 0.0, 1.0], [0.2, 25.0, 0.0, 0.0])
(394640104, [1.0, 3.58, 0.0, 0.57, 0.0, 3.58, 0.0, 3.58, 0.0, 0.0], [0.0, 0.27, 0.0, 0.75, 272.14, 272.15, 0.0, 1.0], [0.2, 25.0, 0.0, 0.0])
(394740394, [1.0, 3.58, 0.0, 0.57, 0.0, 3.58, 0.0, 3.58, 0.0, 0.0], [0.0, 0.27, 0.0, 0.76, 272.13, 272.15, 0.0, 1.0], [0.2, 25.0, 0.0, 0.0])
(394840112, [1.0, 3.58, 0.0, 0.57, 0.0, 3.58, 0.0, 3.58, 0.0, 0.0], [0.0, 0.28, 0.0, 0.76, 272.14, 272.16, 0.0, 1.0], [0.2, 25.0, 0.0, 0.0])
(394940092, [2.0, 3.58, 0.0, 0.57, 0.0, 3.58, 0.0, 3.58, 0.0, 0.0], [0.0, 0.28, 0.0, 0.75, 272.14, 272.15, 0.0, 1.0], [0.2, 25.0, 0.0, 0.0])
(395040248, [2.0, 3.58, 0.0, 0.57, 0.0, 3.58, 0.0, 3.58, 0.0, 0.0], [0.0, 0.29, 0.0, 0.75, 272.14, 272.15, 0.0, 1.0], [0.2, 25.0, 0.0, 0.0])
(395140255, [1.0, 3.58, 0.0, 0.57, 0.0, 3.58, 0.0, 3.58, 0.0, 0.0], [0.0, 0.29, 0.0, 0.75, 272.14, 272.15, 0.0, 1.0], [0.2, 25.0, 0.0, 0.0])
(395240360, [1.0, 3.58, 0.0, 0.57, 0.0, 3.58, 0.0, 3.58, 0.0, 0.0], [0.0, 0.28, 0.0, 0.75, 272.13, 272.14, 0.0, 1.0], [0.2, 25.0, 0.0, 0.0])
(395340253, [1.0, 3.58, 0.0, 0.57, 0.0, 3.58, 0.0, 3.58, 0.0, 0.0], [0.0, 0.27, 0.0, 0.75, 272.12, 272.14, 0.0, 1.0], [0.2, 25.0, 0.0, 0.0])
(395440266, [2.0, 3.58, 0.0, 0.57, 0.0, 3.58, 0.0, 3.58, 0.0, 0.0], [0.0, 0.28, 0.0, 0.74, 272.12, 272.13, 0.0, 1.0], [0.2, 25.0, 0.0, 0.0])
(395540264, [2.0, 3.58, 0.0, 0.57, 0.0, 3.58, 0.0, 3.58, 0.0, 0.0], [0.0, 0.28, 0.0, 0.74, 272.12, 272.13, 0.0, 1.0], [0.2, 25.0, 0.0, 0.0])
(395640222, [1.0, 3.58, 0.0, 0.57, 0.0, 3.58, 0.0, 3.58, 0.0, 0.0], [0.0, 0.28, 0.0, 0.75, 272.12, 272.14, 0.0, 1.0], [0.2, 25.0, 0.0, 0.0])
(395740335, [1.0, 3.58, 0.0, 0.57, 0.0, 3.58, 0.0, 3.58, 0.0, 0.0], [0.0, 0.28, 0.0, 0.76, 272.13, 272.14, 0.0, 1.0], [0.2, 25.0, 0.0, 0.0])
(395840134, [1.0, 3.58, 0.0, 0.57, 0.0, 3.58, 0.0, 3.58, 0.0, 0.0], [0.0, 0.28, 0.0, 0.75, 272.12, 272.13, 0.0, 1.0], [0.2, 25.0, 0.0, 0.0])
(395940134, [2.0, 3.58, 0.0, 0.57, 0.0, 3.58, 0.0, 3.58, 0.0, 0.0], [0.0, 0.29, 0.0, 0.76, 272.11, 272.12, 0.0, 1.0], [0.2, 25.0, 0.0, 0.0])
(396040238, [2.0, 3.58, 0.0, 0.57, 0.0, 3.58, 0.0, 3.58, 0.0, 0.0], [0.0, 0.29, 0.0, 0.76, 272.12, 272.13, 0.0, 1.0], [0.2, 25.0, 0.0, 0.0])
(396140073, [1.0, 3.58, 0.0, 0.57, 0.0, 3.58, 0.0, 3.58, 0.0, 0.0], [0.0, 0.29, 0.0, 0.75, 272.12, 272.13, 0.0, 1.0], [0.2, 25.0, 0.0, 0.0])
(396240119, [1.0, 3.58, 0.0, 0.57, 0.0, 3.58, 0.0, 3.58, 0.0, 0.0], [0.0, 0.3, 0.0, 0.75, 272.13, 272.14, 0.0, 1.0], [0.2, 25.0, 0.0, 0.0])
(396340271, [1.0, 3.58, 0.0, 0.57, 0.0, 3.58, 0.0, 3.58, 0.0, 0.0], [0.0, 0.29, 0.0, 0.76, 272.12, 272.14, 0.0, 1.0], [0.2, 25.0, 0.0, 0.0])
(396440261, [2.0, 3.58, 0.0, 0.57, 0.0, 3.58, 0.0, 3.58, 0.0, 0.0], [0.0, 0.29, 0.0, 0.77, 272.13, 272.14, 0.0, 1.0], [0.2, 25.0, 0.0, 0.0])
(396540093, [2.0, 3.58, 0.0, 0.57, 0.0, 3.58, 0.0, 3.58, 0.0, 0.0], [0.0, 0.29, 0.0, 0.76, 272.12, 272.14, 0.0, 1.0], [0.2, 25.0, 0.0, 0.0])
(396640099, [1.0, 3.58, 0.0, 0.57, 0.0, 3.58, 0.0, 3.58, 0.0, 0.0], [0.0, 0.3, 0.0, 0.76, 272.12, 272.13, 0.0, 1.0], [0.2, 25.0, 0.0, 0.0])
(396740371, [1.0, 3.58, 0.0, 0.57, 0.0, 3.58, 0.0, 3.58, 0.0, 0.0], [0.0, 0.3, 0.0, 0.76, 272.13, 272.14, 0.0, 1.0], [0.2, 25.0, 0.0, 0.0])
(396840267, [1.0, 3.58, 0.0, 0.57, 0.0, 3.58, 0.0, 3.58, 0.0, 0.0], [0.0, 0.3, 0.0, 0.76, 272.13, 272.14, 0.0, 1.0], [0.2, 25.0, 0.0, 0.0])
(396940604, [2.0, 3.58, 0.0, 0.57, 0.0, 3.58, 0.0, 3.58, 0.0, 0.0], [0.0, 0.31, 0.0, 0.76, 272.13, 272.14, 0.0, 1.0], [0.2, 25.0, 0.0, 0.0])
(397040386, [2.0, 3.58, 0.0, 0.57, 0.0, 3.58, 0.0, 3.58, 0.0, 0.0], [0.0, 0.31, 0.0, 0.77, 272.12, 272.13, 0.0, 1.0], [0.2, 25.0, 0.0, 0.0])
(397140245, [1.0, 3.58, 0.0, 0.57, 0.0, 3.58, 0.0, 3.58, 0.0, 0.0], [0.0, 0.31, 0.0, 0.78, 272.12, 272.13, 0.0, 1.0], [0.2, 25.0, 0.0, 0.0])
(397240277, [1.0, 3.58, 0.0, 0.57, 0.0, 3.58, 0.0, 3.58, 0.0, 0.0], [0.0, 0.32, 0.0, 0.77, 272.13, 272.14, 0.0, 1.0], [0.2, 25.0, 0.0, 0.0])
(397340229, [1.0, 3.58, 0.0, 0.57, 0.0, 3.58, 0.0, 3.58, 0.0, 0.0], [0.0, 0.32, 0.0, 0.76, 272.13, 272.14, 0.0, 1.0], [0.2, 25.0, 0.0, 0.0])
(397440332, [2.0, 3.58, 0.0, 0.57, 0.0, 3.58, 0.0, 3.58, 0.0, 0.0], [0.0, 0.33, 0.0, 0.75, 272.12, 272.11, 0.0, 1.0], [0.2, 25.0, 0.0, 0.0])
(397540140, [2.0, 3.58, 0.0, 0.57, 0.0, 3.58, 0.0, 3.58, 0.0, 0.0], [0.0, 0.33, 0.0, 0.75, 272.12, 272.1, 0.0, 1.0], [0.2, 25.0, 0.0, 0.0])
(397640114, [1.0, 3.58, 0.0, 0.57, 0.0, 3.58, 0.0, 3.58, 0.0, 0.0], [0.0, 0.33, 0.0, 0.66, 272.12, 272.05, 0.0, 1.0], [0.2, 25.0, 0.0, 0.0])
(397740426, [1.0, 3.58, 0.0, 0.57, 0.0, 3.58, 0.0, 3.58, 0.0, 0.0], [0.0, 0.3, 0.0, -0.04, 272.12, 271.9, 0.0, 1.0], [0.2, 25.0, 0.0, 0.0])
(397840117, [1.0, 3.58, 0.0, 0.57, 0.0, 3.58, 0.0, 3.58, 0.0, 0.0], [0.0, 0.67, 0.0, -3.11, 272.12, 271.62, 0.0, 1.0], [0.2, 25.0, 0.0, 0.0])
(397940073, [2.0, 3.58, 0.0, 0.57, 0.0, 3.58, 0.0, 3.58, 0.0, 0.0], [0.0, 1.03, 0.0, -6.09, 272.12, 271.45, 0.01, 1.0], [0.2, 25.0, 0.0, 0.0])
(398040261, [2.0, 3.58, 0.0, 0.57, 0.0, 3.58, 0.0, 3.58, 0.0, 0.0], [-1.4, 0.58, 0.0, -7.17, 272.12, 271.19, 0.01, 1.0], [0.2, 25.0, 0.0, 0.0])
(398140149, [1.0, 3.58, 0.0, 0.57, 0.0, 3.58, 0.0, 3.58, 0.0, 0.0], [-2.21, -0.85, 0.0, -7.68, 272.12, 270.96, 0.03, 1.0], [0.2, 25.0, 0.0, 0.0])
(398240114, [1.0, 3.58, 0.0, 0.57, 0.0, 3.58, 0.0, 3.58, 0.0, 0.0], [-1.21, -0.59, 0.0, -7.88, 272.12, 270.84, 0.03, 1.0], [0.2, 25.0, 0.0, 0.0])
(398340344, [1.0, 3.58, 0.0, 0.57, 0.0, 3.58, 0.0, 3.58, 0.0, 0.0], [-0.59, 0.37, 0.0, -7.35, 272.12, 270.64, 0.05, 1.0], [0.2, 25.0, 0.0, 0.0])
(398440307, [2.0, 3.58, 0.0, 0.57, 0.0, 3.58, 0.0, 3.58, 0.0, 0.0], [-0.29, 0.53, 0.0, -7.02, 272.12, 270.42, 0.05, 1.0], [0.2, 25.0, 0.0, 0.0])
(398540268, [2.0, 3.58, 0.0, 0.57, 0.0, 3.58, 0.0, 3.58, 0.0, 0.0], [-1.54, -0.39, 0.0, -6.21, 272.12, 270.21, 0.06, 1.0], [0.2, 25.0, 0.0, 0.0])
(398640281, [1.0, 3.58, 0.0, 0.57, 0.0, 3.58, 0.0, 3.58, 0.0, 0.0], [-2.28, -2.07, 0.0, -5.18, 272.12, 270.16, 0.06, 1.0], [0.21, 25.0, 0.0, 0.0])
(398740334, [1.0, 3.58, 0.0, 0.57, 0.0, 3.58, 0.0, 3.58, 0.0, 0.0], [-1.24, -1.8, 0.0, -4.35, 272.12, 270.29, 0.06, 1.0], [0.24, 25.0, 0.0, 0.0])
(398840301, [1.0, 3.58, 0.0, 0.57, 0.0, 3.58, 0.0, 3.58, 0.0, 0.0], [-0.61, -0.49, 0.0, -3.69, 272.12, 270.46, 0.06, 1.0], [0.28, 25.0, 0.0, 0.0])
