(64945043, [2.0, 0.61, 0.0, 0.55, 0.0, 1.52, 0.0, 2.4, 0.0, 0.0], [0.0, 0.42, 0.0, -0.46, 95.97, 95.98, 0.0, 1.0], [0.2, 25.0, 0.0, 0.0])
(65045035, [2.0, 0.61, 0.0, 0.55, 0.0, 1.52, 0.0, 2.4, 0.0, 0.0], [0.0, 0.42, 0.0, -0.46, 95.97, 95.98, 0.0, 1.0], [0.2, 25.0, 0.0, 0.0])
(65145075, [2.0, 0.61, 0.0, 0.55, 0.0, 2.97, 0.0, 2.4, 0.0, 0.0], [0.0, 0.42, 0.0, -0.45, 95.98, 95.99, 0.0, 1.0], [0.2, 25.0, 0.0, 0.0])
(65245086, [2.0, 0.61, 0.0, 0.55, 0.0, 3.54, 0.0, 2.39, 0.0, 0.0], [0.0, 0.42, 0.0, -0.45, 95.99, 96.0, 0.0, 1.0], [0.2, 25.0, 0.0, 0.0])
(65345032, [2.0, 0.61, 0.0, 0.55, 0.0, 3.58, 0.0, 2.39, 0.0, 0.0], [0.0, 0.41, 0.0, -0.45, 96.0, 96.0, 0.0, 1.0], [0.2, 25.0, 0.0, 0.0])
(65445089, [2.0, 0.61, 0.0, 0.55, 0.0, 3.59, 0.0, 2.38, 0.0, 0.0], [0.0, 0.41, 0.0, -0.45, 96.0, 96.01, 0.0, 1.0], [0.2, 25.0, 0.0, 0.0])
(65545073, [2.0, 0.61, 0.0, 0.55, 0.0, 3.59, 0.0, 2.4, 0.0, 0.0], [0.0, 0.41, 0.0, -0.45, 96.01, 96.01, 0.0, 1.0], [0.2, 25.0, 0.0, 0.0])
(65645082, [2.0, 0.61, 0.0, 0.55, 0.0, 3.59, 0.0, 2.4, 0.0, 0.0], [0.0, 0.41, 0.0, -0.45, 96.01, 96.02, 0.0, 1.0], [0.2, 25.0, 0.0, 0.0])
(65745084, [2.0, 0.61, 0.0, 0.55, 0.0, 3.59, 0.0, 2.4, 0.0, 0.0], [0.0, 0.41, 0.0, -0.45, 96.02, 96.03, 0.0, 1.0], [0.2, 25.0, 0.0, 0.0])
(65845046, [2.0, 0.61, 0.0, 0.55, 0.0, 1.53, 0.0, 2.4, 0.0, 0.0], [0.0, 0.41, 0.0, -0.45, 96.02, 96.03, 0.0, 1.0], [0.2, 25.0, 0.0, 0.0])
(65945073, [2.0, 0.61, 0.0, 0.55, 0.0, 2.97, 0.0, 2.4, 0.0, 0.0], [0.0, 0.41, 0.0, -0.45, 96.02, 96.03, 0.0, 1.0], [0.2, 25.0, 0.0, 0.0])
(66045058, [2.0, 0.61, 0.0, 0.55, 0.0, 3.41, 0.0, 2.4, 0.0, 0.0], [0.0, 0.4, 0.0, -0.45, 96.03, 96.04, 0.0, 1.0], [0.2, 25.0, 0.0, 0.0])
(66145170, [2.0, 0.61, 0.0, 0.55, 0.0, 3.58, 0.0, 2.4, 0.0, 0.0], [0.0, 0.4, 0.0, -0.45, 96.03, 96.04, 0.0, 1.0], [0.2, 25.0, 0.0, 0.0])
(66245050, [2.0, 0.61, 0.0, 0.55, 0.0, 1.53, 0.0, 2.4, 0.0, 0.0], [0.0, 0.41, 0.0, -0.44, 96.04, 96.05, 0.0, 1.0], [0.2, 25.0, 0.0, 0.0])
(66345002, [2.0, 0.61, 0.0, 0.55, 0.0, 1.53, 0.0, 2.39, 0.0, 0.0], [0.0, 0.41, 0.0, -0.44, 96.05, 96.06, 0.0, 1.0], [0.2, 25.0, 0.0, 0.0])
(66445061, [2.0, 0.61, 0.0, 0.55, 0.0, 2.97, 0.0, 2.4, 0.0, 0.0], [0.0, 0.41, 0.0, -0.44, 96.06, 96.06, 0.0, 1.0], [0.2, 25.0, 0.0, 0.0])
(66545084, [2.0, 0.61, 0.0, 0.55, 0.0, 3.54, 0.0, 2.4, 0.0, 0.0], [0.0, 0.4, 0.0, -0.44, 96.06, 96.07, 0.0, 1.0], [0.2, 25.0, 0.0, 0.0])
(66645017, [2.0, 0.61, 0.0, 0.55, 0.0, 3.58, 0.0, 2.4, 0.0, 0.0], [0.0, 0.4, 0.0, -0.44, 96.06, 96.07, 0.0, 1.0], [0.2, 25.0, 0.0, 0.0])
(66745046, [2.0, 0.61, 0.0, 0.55, 0.0, 3.59, 0.0, 2.4, 0.0, 0.0], [0.0, 0.4, 0.0, -0.44, 96.07, 96.07, 0.0, 1.0], [0.2, 25.0, 0.0, 0.0])
(66845197, [2.0, 0.61, 0.0, 0.55, 0.0, 3.59, 0.0, 2.39, 0.0, 0.0], [0.0, 0.4, 0.0, -0.44, 96.07, 96.08, 0.0, 1.0], [0.2, 25.0, 0.0, 0.0])
(66944959, [2.0, 0.61, 0.0, 0.55, 0.0, 3.59, 0.0, 2.39, 0.0, 0.0], [0.0, 0.4, 0.0, -0.44, 96.07, 96.08, 0.0, 1.0], [0.2, 25.0, 0.0, 0.0])
(67045328, [2.0, 0.61, 0.0, 0.55, 0.0, 3.59, 0.0, 2.39, 0.0, 0.0], [0.0, 0.41, 0.0, -0.43, 96.08, 96.09, 0.0, 1.0], [0.2, 25.0, 0.0, 0.0])
(67145087, [2.0, 0.61, 0.0, 0.55, 0.0, 3.59, 0.0, 2.4, 0.0, 0.0], [0.0, 0.41, 0.0, -0.43, 96.09, 96.09, 0.0, 1.0], [0.2, 25.0, 0.0, 0.0])
(67245078, [2.0, 0.61, 0.0, 0.55, 0.0, 3.59, 0.0, 2.39, 0.0, 0.0], [0.0, 0.41, 0.0, -0.43, 96.09, 96.1, 0.0, 1.0], [0.2, 25.0, 0.0, 0.0])
(67345063, [2.0, 0.61, 0.0, 0.55, 0.0, 3.59, 0.0, 2.4, 0.0, 0.0], [0.0, 0.41, 0.0, -0.44, 96.1, 96.11, 0.0, 1.0], [0.2, 25.0, 0.0, 0.0])
(67445060, [2.0, 0.61, 0.0, 0.55, 0.0, 3.59, 0.0, 2.4, 0.0, 0.0], [0.0, 0.41, 0.0, -0.43, 96.11, 96.11, 0.0, 1.0], [0.2, 25.0, 0.0, 0.0])
(67545136, [2.0, 0.61, 0.0, 0.55, 0.0, 3.59, 0.0, 2.41, 0.0, 0.0], [0.0, 0.41, 0.0, -0.43, 96.11, 96.11, 0.0, 1.0], [0.2, 25.0, 0.0, 0.0])
(67645095, [2.0, 0.61, 0.0, 0.55, 0.0, 3.59, 0.0, 2.39, 0.0, 0.0], [0.0, 0.41, 0.0, -0.43, 96.11, 96.12, 0.0, 1.0], [0.2, 25.0, 0.0, 0.0])
(67745091, [2.0, 0.61, 0.0, 0.55, 0.0, 3.59, 0.0, 2.39, 0.0, 0.0], [0.0, 0.41, 0.0, -0.43, 96.12, 96.13, 0.0, 1.0], [0.2, 25.0, 0.0, 0.0])
(67845297, [2.0, 0.61, 0.0, 0.55, 0.0, 3.59, 0.0, 2.4, 0.0, 0.0], [0.0, 0.41, 0.0, -0.43, 96.12, 96.13, 0.0, 1.0], [0.2, 25.0, 0.0, 0.0])
(67945117, [2.0, 0.61, 0.0, 0.55, 0.0, 3.59, 0.0, 2.4, 0.0, 0.0], [0.0, 0.41, 0.0, -0.42, 96.13, 96.14, 0.0, 1.0], [0.2, 25.0, 0.0, 0.0])
(68045067, [2.0, 0.61, 0.0, 0.55, 0.0, 3.59, 0.0, 2.4, 0.0, 0.0], [0.0, 0.41, 0.0, -0.42, 96.14, 96.15, 0.0, 1.0], [0.2, 25.0, 0.0, 0.0])
(68145942, [2.0, 0.61, 0.0, 0.55, 0.0, 3.59, 0.0, 2.4, 0.0, 0.0], [0.0, 0.41, 0.0, -0.42, 96.14, 96.15, 0.0, 1.0], [0.2, 25.0, 0.0, 0.0])
(68244939, [2.0, 0.61, 0.0, 0.55, 0.0, 3.59, 0.0, 2.39, 0.0, 0.0], [0.0, 0.41, 0.0, -0.42, 96.15, 96.16, 0.0, 1.0], [0.2, 25.0, 0.0, 0.0])
(68345025, [2.0, 0.61, 0.0, 0.55, 0.0, 3.59, 0.0, 2.39, 0.0, 0.0], [0.0, 0.4, 0.0, -0.42, 96.16, 96.17, 0.0, 1.0], [0.2, 25.0, 0.0, 0.0])
(68445099, [2.0, 0.61, 0.0, 0.55, 0.0, 3.59, 0.0, 2.4, 0.0, 0.0], [0.0, 0.4, 0.0, -0.42, 96.17, 96.17, 0.0, 1.0], [0.2, 25.0, 0.0, 0.0])
(68545086, [2.0, 0.61, 0.0, 0.55, 0.0, 3.59, 0.0, 2.4, 0.0, 0.0], [0.0, 0.4, 0.0, -0.42, 96.17, 96.18, 0.0, 1.0], [0.2, 25.0, 0.0, 0.0])
(68644988, [2.0, 0.61, 0.0, 0.55, 0.0, 3.59, 0.0, 2.4, 0.0, 0.0], [0.0, 0.4, 0.0, -0.42, 96.18, 96.19, 0.0, 1.0], [0.2, 25.0, 0.0, 0.0])
(68745418, [2.0, 0.61, 0.0, 0.55, 0.0, 3.59, 0.0, 2.4, 0.0, 0.0], [0.0, 0.4, 0.0, -0.42, 96.19, 96.19, 0.0, 1.0], [0.2, 25.0, 0.0, 0.0])
(68845082, [2.0, 0.61, 0.0, 0.55, 0.0, 3.59, 0.0, 2.4, 0.0, 0.0], [0.0, 0.4, 0.0, -0.42, 96.19, 96.2, 0.0, 1.0], [0.2, 25.0, 0.0, 0.0])
(68945022, [2.0, 0.61, 0.0, 0.55, 0.0, 3.59, 0.0, 2.39, 0.0, 0.0], [0.0, 0.4, 0.0, -0.42, 96.19, 96.2, 0.0, 1.0], [0.2, 25.0, 0.0, 0.0])
(69045423, [2.0, 0.61, 0.0, 0.55, 0.0, 3.59, 0.0, 2.4, 0.0, 0.0], [0.0, 0.4, 0.0, -0.42, 96.2, 96.21, 0.0, 1.0], [0.2, 25.0, 0.0, 0.0])
(69145149, [2.0, 0.61, 0.0, 0.55, 0.0, 3.59, 0.0, 2.4, 0.0, 0.0], [0.0, 0.41, 0.0, -0.42, 96.21, 96.22, 0.0, 1.0], [0.2, 25.0, 0.0, 0.0])
(69245303, [2.0, 0.61, 0.0, 0.55, 0.0, 3.59, 0.0, 2.41, 0.0, 0.0], [0.0, 0.41, 0.0, -0.42, 96.21, 96.22, 0.0, 1.0], [0.2, 25.0, 0.0, 0.0])
(69345028, [2.0, 0.61, 0.0, 0.55, 0.0, 3.59, 0.0, 2.41, 0.0, 0.0], [0.0, 0.4, 0.0, -0.42, 96.22, 96.23, 0.0, 1.0], [0.2, 25.0, 0.0, 0.0])
(69445100, [2.0, 0.61, 0.0, 0.55, 0.0, 3.59, 0.0, 2.4, 0.0, 0.0], [0.0, 0.4, 0.0, -0.42, 96.22, 96.23, 0.0, 1.0], [0.2, 25.0, 0.0, 0.0])
(69545093, [2.0, 0.61, 0.0, 0.55, 0.0, 3.59, 0.0, 2.41, 0.0, 0.0], [0.0, 0.4, 0.0, -0.42, 96.23, 96.24, 0.0, 1.0], [0.2, 25.0, 0.0, 0.0])
(69645059, [2.0, 0.61, 0.0, 0.55, 0.0, 3.59, 0.0, 2.4, 0.0, 0.0], [0.0, 0.4, 0.0, -0.42, 96.24, 96.24, 0.0, 1.0], [0.2, 25.0, 0.0, 0.0])
(69748899, [2.0, 0.61, 0.0, 0.55, 0.0, 3.59, 0.0, 2.4, 0.0, 0.0], [0.0, 0.4, 0.0, -0.42, 96.24, 96.25, 0.0, 1.0], [0.56, 25.0, 0.0, 0.0])
(69848906, [2.0, 0.61, 0.0, 0.55, 0.0, 3.59, 0.0, 2.4, 0.0, 0.0], [0.0, 0.4, 0.0, -0.43, 96.25, 96.25, 0.0, 1.0], [0.57, 25.0, 0.0, 0.0])
(69948749, [2.0, 0.61, 0.0, 0.55, 0.0, 3.59, 0.0, 2.41, 0.0, 0.0], [0.0, 0.4, 0.0, -0.42, 96.25, 96.26, 0.0, 1.0], [0.58, 25.0, 0.0, 0.0])
(70048850, [2.0, 0.61, 0.0, 0.55, 0.0, 3.59, 0.0, 2.41, 0.0, 0.0], [0.0, 0.4, 0.0, -0.43, 96.25, 96.26, 0.0, 1.0], [0.56, 25.0, 0.0, 0.0])
(70148932, [2.0, 0.61, 0.0, 0.55, 0.0, 3.59, 0.0, 2.39, 0.0, 0.0], [0.0, 0.4, 0.0, -0.43, 96.25, 96.27, 0.0, 1.0], [0.56, 25.0, 0.0, 0.0])
(70248919, [2.0, 0.61, 0.0, 0.55, 0.0, 3.59, 0.0, 2.4, 0.0, 0.0], [0.0, 0.4, 0.0, -0.43, 96.25, 96.27, 0.0, 1.0], [0.56, 25.0, 0.0, 0.0])
(70349478, [2.0, 0.61, 0.0, 0.55, 0.0, 3.59, 0.0, 2.4, 0.0, 0.0], [0.0, 0.4, 0.0, -0.43, 96.25, 96.28, 0.0, 1.0], [0.56, 25.0, 0.0, 0.0])
(70449775, [2.0, 0.61, 0.0, 0.55, 0.0, 3.59, 0.0, 2.39, 0.0, 0.0], [-2.77, 0.4, 1.17, -0.42, 96.25, 96.28, 0.0, 1.0], [0.58, 25.0, 0.0, 0.0])
(70556593, [2.0, 0.61, 0.0, 0.55, 0.0, 3.59, 0.0, 2.4, 0.0, 0.0], [-4.58, 0.4, 1.78, -0.42, 96.25, 96.29, 0.0, 1.0], [0.2, 25.0, 0.0, 0.0])
(70660892, [2.0, 0.61, 0.0, 0.55, 0.0, 3.59, 0.0, 2.4, 0.0, 0.0], [-5.43, 0.4, 2.09, -0.42, 96.25, 96.3, 0.0, 1.0], [0.2, 25.0, 0.0, 0.0])
(70866678, [2.0, 0.61, 0.0, 0.55, 0.0, 3.59, 0.0, 2.4, 0.0, 0.0], [-6.06, 0.4, 2.31, -0.42, 96.25, 96.31, 0.0, 1.0], [0.2, 25.0, 0.0, 0.0])
(70968930, [2.0, 0.61, 0.0, 0.55, 0.0, 3.59, 0.0, 2.4, 0.0, 0.0], [-6.16, 0.4, 2.34, -0.42, 96.25, 96.31, 0.0, 1.0], [0.2, 25.0, 0.0, 0.0])
(71076410, [2.0, 0.61, 0.0, 0.55, 0.0, 3.59, 0.0, 2.39, 0.0, 0.0], [-6.16, 0.4, 2.36, -0.42, 96.25, 96.32, 0.0, 1.0], [0.2, 25.0, 0.0, 0.0])
(71180634, [2.0, 0.61, 0.0, 0.55, 0.0, 3.59, 0.0, 2.4, 0.0, 0.0], [-6.25, 0.4, 2.37, -0.42, 96.25, 96.32, 0.0, 1.0], [0.55, 25.0, 0.0, 0.0])
(71289523, [2.0, 0.61, 0.0, 0.55, 0.0, 3.59, 0.0, 2.42, 0.0, 0.0], [-6.28, 0.4, 2.38, -0.42, 96.25, 96.33, 0.0, 1.0], [0.2, 25.0, 0.0, 0.0])
(71391871, [2.0, 0.61, 0.0, 0.55, 0.0, 3.59, 0.0, 2.42, 0.0, 0.0], [-6.33, 0.4, 2.38, -0.42, 96.25, 96.34, 0.0, 1.0], [0.2, 25.0, 0.0, 0.0])
(71500876, [2.0, 0.61, 0.0, 0.55, 0.0, 3.59, 0.0, 2.41, 0.0, 0.0], [-6.27, 0.4, 2.38, -0.43, 96.25, 96.35, 0.0, 1.0], [0.55, 25.0, 0.0, 0.0])
(71618111, [2.0, 0.61, 0.0, 0.55, 0.0, 3.59, 0.0, 2.41, 0.0, 0.0], [-6.28, 0.4, 2.38, -0.43, 96.25, 96.36, 0.0, 1.0], [0.2, 25.0, 0.0, 0.0])
(71728624, [2.0, 0.61, 0.0, 0.55, 0.0, 3.59, 0.0, 2.41, 0.0, 0.0], [-6.28, 0.4, 2.38, -0.42, 96.25, 96.36, 0.0, 1.0], [0.2, 25.0, 0.0, 0.0])
(71838831, [2.0, 0.61, 0.0, 0.55, 0.0, 3.59, 0.0, 2.4, 0.0, 0.0], [-6.23, 0.4, 2.38, -0.42, 96.25, 96.37, 0.0, 1.0], [0.2, 25.0, 0.0, 0.0])
(71945815, [2.0, 0.61, 0.0, 0.55, 0.0, 1.55, 0.0, 2.4, 0.0, 0.0], [-6.25, 0.4, 2.38, -0.42, 96.25, 96.37, 0.0, 1.0], [0.2, 25.0, 0.0, 0.0])
(72055697, [2.0, 0.61, 0.0, 0.55, 0.0, 1.55, 0.0, 2.4, 0.0, 0.0], [-6.25, 0.4, 2.38, -0.42, 96.25, 96.38, 0.0, 1.0], [0.2, 25.0, 0.0, 0.0])
(72169551, [2.0, 0.61, 0.0, 0.55, 0.0, 1.55, 0.0, 2.4, 0.0, 0.0], [-6.26, 0.4, 2.38, -0.43, 96.25, 96.38, 0.0, 1.0], [0.2, 25.0, 0.0, 0.0])
(72293518, [2.0, 0.61, 0.0, 0.55, 0.0, 2.98, 0.0, 2.4, 0.0, 0.0], [-6.26, 0.4, 2.38, -0.43, 96.25, 96.39, 0.0, 1.0], [0.2, 25.0, 0.0, 0.0])
(72402716, [2.0, 0.61, 0.0, 0.55, 0.0, 3.41, 0.0, 2.4, 0.0, 0.0], [-6.26, 0.4, 2.38, -0.43, 96.25, 96.39, 0.0, 1.0], [0.57, 25.0, 0.0, 0.0])
(72506984, [2.0, 0.61, 0.0, 0.55, 0.0, 3.41, 0.0, 2.4, 0.0, 0.0], [-6.26, 0.4, 2.38, -0.43, 96.25, 96.4, 0.0, 1.0], [0.2, 25.0, 0.0, 0.0])
(72612602, [2.0, 0.61, 0.0, 0.55, 0.0, 3.54, 0.0, 2.39, 0.0, 0.0], [-6.21, 0.4, 2.38, -0.43, 96.25, 96.4, 0.0, 1.0], [0.2, 25.0, 0.0, 0.0])
(72721970, [2.0, 0.61, 0.0, 0.55, 0.0, 3.58, 0.0, 2.4, 0.0, 0.0], [-6.28, 0.4, 2.38, -0.43, 96.25, 96.41, 0.0, 1.0], [0.2, 25.0, 0.0, 0.0])
(72822225, [2.0, 0.61, 0.0, 0.55, 0.0, 3.59, 0.0, 2.4, 0.0, 0.0], [-6.27, 0.4, 2.38, -0.42, 96.25, 96.41, 0.0, 1.0], [0.2, 25.0, 0.0, 0.0])
(72926916, [2.0, 0.61, 0.0, 0.55, 0.0, 3.59, 0.0, 2.4, 0.0, 0.0], [-6.27, 0.4, 2.38, -0.42, 96.25, 96.41, 0.0, 1.0], [0.2, 25.0, 0.0, 0.0])
(73030819, [2.0, 0.61, 0.0, 0.55, 0.0, 3.59, 0.0, 2.4, 0.0, 0.0], [-6.26, 0.4, 2.38, -0.42, 96.25, 96.42, 0.0, 1.0], [0.55, 25.0, 0.0, 0.0])
(73134825, [2.0, 0.61, 0.0, 0.55, 0.0, 3.59, 0.0, 2.4, 0.0, 0.0], [-6.26, 0.4, 2.38, -0.42, 96.25, 96.43, 0.0, 1.0], [0.55, 25.0, 0.0, 0.0])
(73242331, [2.0, 0.61, 0.0, 0.55, 0.0, 3.59, 0.0, 2.4, 0.0, 0.0], [-6.26, 0.4, 2.38, -0.42, 96.25, 96.43, 0.0, 1.0], [0.2, 25.0, 0.0, 0.0])
(73345106, [2.0, 0.61, 0.0, 0.55, 0.0, 3.59, 0.0, 2.4, 0.0, 0.0], [-6.26, 0.4, 2.38, -0.42, 96.25, 96.44, 0.0, 1.0], [0.2, 25.0, 0.0, 0.0])
(73457440, [2.0, 0.61, 0.0, 0.55, 0.0, 3.59, 0.0, 2.4, 0.0, 0.0], [-6.26, 0.4, 2.38, -0.42, 96.25, 96.45, 0.0, 1.0], [0.2, 25.0, 0.0, 0.0])
(73558183, [2.0, 0.61, 0.0, 0.55, 0.0, 3.59, 0.0, 2.4, 0.0, 0.0], [-6.26, 0.4, 2.38, -0.42, 96.25, 96.45, 0.0, 1.0], [0.2, 25.0, 0.0, 0.0])
(73663895, [2.0, 0.61, 0.0, 0.55, 0.0, 3.59, 0.0, 2.4, 0.0, 0.0], [-6.26, 0.4, 2.38, -0.42, 96.25, 96.46, 0.0, 1.0], [0.2, 25.0, 0.0, 0.0])
(73772276, [2.0, 0.61, 0.0, 0.55, 0.0, 3.59, 0.0, 2.39, 0.0, 0.0], [-6.22, 0.4, 2.38, -0.42, 96.25, 96.46, 0.0, 1.0], [0.2, 25.0, 0.0, 0.0])
(73879164, [2.0, 0.61, 0.0, 0.55, 0.0, 3.59, 0.0, 2.41, 0.0, 0.0], [-6.32, 0.39, 2.38, -0.43, 96.25, 96.47, 0.0, 1.0], [0.2, 25.0, 0.0, 0.0])
(73980132, [2.0, 0.61, 0.0, 0.55, 0.0, 1.57, 0.0, 2.39, 0.0, 0.0], [-6.21, 0.4, 2.38, -0.42, 96.25, 96.47, 0.0, 1.0], [0.2, 25.0, 0.0, 0.0])
(74083038, [2.0, 0.61, 0.0, 0.55, 0.0, 1.57, 0.0, 2.4, 0.0, 0.0], [-6.27, 0.39, 2.38, -0.42, 96.25, 96.48, 0.0, 1.0], [0.2, 25.0, 0.0, 0.0])
(74184921, [2.0, 0.61, 0.0, 0.55, 0.0, 1.57, 0.0, 2.4, 0.0, 0.0], [-6.27, 0.39, 2.38, -0.42, 96.25, 96.49, 0.0, 1.0], [0.54, 25.0, 0.0, 0.0])
(74285423, [2.0, 0.61, 0.0, 0.55, 0.0, 2.99, 0.0, 2.4, 0.0, 0.0], [-6.27, 0.4, 2.38, -0.42, 96.25, 96.49, 0.0, 1.0], [0.53, 25.0, 0.0, 0.0])
(74391340, [2.0, 0.61, 0.0, 0.55, 0.0, 2.99, 0.0, 2.4, 0.0, 0.0], [-6.26, 0.39, 2.38, -0.42, 96.25, 96.5, 0.0, 1.0], [0.2, 25.0, 0.0, 0.0])
(74493936, [2.0, 0.61, 0.0, 0.55, 0.0, 3.41, 0.0, 2.4, 0.0, 0.0], [-6.26, 0.39, 2.38, -0.42, 96.25, 96.51, 0.0, 1.0], [0.2, 25.0, 0.0, 0.0])
(74594379, [2.0, 0.61, 0.0, 0.55, 0.0, 3.54, 0.0, 2.41, 0.0, 0.0], [-6.31, 0.4, 2.38, -0.42, 96.25, 96.51, 0.0, 1.0], [0.2, 25.0, 0.0, 0.0])
(74701735, [2.0, 0.61, 0.0, 0.55, 0.0, 3.58, 0.0, 2.41, 0.0, 0.0], [-6.3, 0.4, 2.38, -0.42, 96.25, 96.52, 0.0, 1.0], [0.56, 25.0, 0.0, 0.0])
(74809874, [2.0, 0.61, 0.0, 0.55, 0.0, 3.59, 0.0, 2.39, 0.0, 0.0], [-6.22, 0.4, 2.38, -0.42, 96.25, 96.52, 0.0, 1.0], [0.2, 25.0, 0.0, 0.0])
(74908936, [2.0, 0.61, 0.0, 0.55, 0.0, 3.59, 0.0, 2.39, 0.0, 0.0], [-6.23, 0.39, 2.38, -0.41, 96.25, 96.53, 0.0, 1.0], [0.2, 25.0, 0.0, 0.0])
(75014898, [2.0, 0.61, 0.0, 0.55, 0.0, 3.59, 0.0, 2.41, 0.0, 0.0], [-6.32, 0.4, 2.38, -0.41, 96.25, 96.53, 0.0, 1.0], [0.2, 25.0, 0.0, 0.0])
(75116002, [2.0, 0.61, 0.0, 0.55, 0.0, 3.59, 0.0, 2.38, 0.0, 0.0], [-6.18, 0.4, 2.38, -0.41, 96.25, 96.54, 0.0, 1.0], [0.2, 25.0, 0.0, 0.0])
(75215640, [2.0, 0.61, 0.0, 0.55, 0.0, 3.59, 0.0, 2.38, 0.0, 0.0], [-6.2, 0.4, 2.38, -0.41, 96.25, 96.54, 0.0, 1.0], [0.2, 25.0, 0.0, 0.0])
(75321758, [2.0, 0.61, 0.0, 0.55, 0.0, 3.59, 0.0, 2.38, 0.0, 0.0], [-6.21, 0.4, 2.38, -0.41, 96.25, 96.55, 0.0, 1.0], [0.2, 25.0, 0.0, 0.0])
(75425927, [2.0, 0.61, 0.0, 0.55, 0.0, 3.59, 0.0, 2.38, 0.0, 0.0], [-6.22, 0.4, 2.38, -0.41, 96.25, 96.55, 0.0, 1.0], [0.2, 25.0, 0.0, 0.0])
(75532956, [2.0, 0.61, 0.0, 0.55, 0.0, 3.59, 0.0, 2.39, 0.0, 0.0], [-6.26, 0.4, 2.38, -0.41, 96.25, 96.56, 0.0, 1.0], [0.2, 25.0, 0.0, 0.0])
(75639869, [2.0, 0.61, 0.0, 0.55, 0.0, 3.59, 0.0, 2.41, 0.0, 0.0], [-6.34, 0.4, 2.38, -0.41, 96.25, 96.57, 0.0, 1.0], [0.55, 25.0, 0.0, 0.0])
(75748929, [2.0, 0.61, 0.0, 0.55, 0.0, 3.59, 0.0, 2.41, 0.0, 0.0], [-6.31, 0.4, 2.38, -0.41, 96.25, 96.58, 0.0, 1.0], [0.2, 25.0, 0.0, 0.0])
(75853212, [2.0, 0.61, 0.0, 0.55, 0.0, 3.59, 0.0, 2.4, 0.0, 0.0], [-6.25, 0.4, 2.38, -0.41, 96.25, 96.58, 0.0, 1.0], [0.61, 25.0, 0.0, 0.0])
(75958610, [2.0, 0.61, 0.0, 0.55, 0.0, 3.59, 0.0, 2.4, 0.0, 0.0], [-6.25, 0.4, 2.38, -0.41, 96.25, 96.59, 0.0, 1.0], [0.2, 25.0, 0.0, 0.0])
(76064648, [2.0, 0.61, 0.0, 0.55, 0.0, 3.59, 0.0, 2.4, 0.0, 0.0], [-6.26, 0.4, 2.38, -0.41, 96.25, 96.59, 0.0, 1.0], [0.2, 25.0, 0.0, 0.0])
(76168162, [2.0, 0.61, 0.0, 0.55, 0.0, 3.59, 0.0, 2.4, 0.0, 0.0], [-6.26, 0.4, 2.38, -0.41, 96.25, 96.59, 0.0, 1.0], [0.2, 25.0, 0.0, 0.0])
(76272224, [2.0, 0.61, 0.0, 0.55, 0.0, 3.59, 0.0, 2.4, 0.0, 0.0], [-6.26, 0.4, 2.38, -0.41, 96.25, 96.6, 0.0, 1.0], [0.2, 25.0, 0.0, 0.0])
(76371025, [2.0, 0.61, 0.0, 0.55, 0.0, 3.59, 0.0, 2.4, 0.0, 0.0], [-6.26, 0.39, 2.38, -0.41, 96.25, 96.6, 0.0, 1.0], [0.2, 25.0, 0.0, 0.0])
(76473147, [2.0, 0.61, 0.0, 0.55, 0.0, 3.59, 0.0, 2.4, 0.0, 0.0], [-6.26, 0.39, 2.38, -0.4, 96.25, 96.61, 0.0, 1.0], [0.2, 25.0, 0.0, 0.0])
(76575737, [2.0, 0.61, 0.0, 0.55, 0.0, 3.59, 0.0, 2.4, 0.0, 0.0], [-6.26, 0.4, 2.38, -0.41, 96.25, 96.61, 0.0, 1.0], [0.2, 25.0, 0.0, 0.0])
(76675738, [2.0, 0.61, 0.0, 0.55, 0.0, 3.59, 0.0, 2.4, 0.0, 0.0], [-6.26, 0.4, 2.38, -0.4, 96.25, 96.62, 0.0, 1.0], [0.2, 25.0, 0.0, 0.0])
(76782051, [2.0, 0.61, 0.0, 0.55, 0.0, 3.59, 0.0, 2.4, 0.0, 0.0], [-6.26, 0.39, 2.38, -0.4, 96.25, 96.62, 0.0, 1.0], [0.2, 25.0, 0.0, 0.0])
(76885599, [2.0, 0.61, 0.0, 0.55, 0.0, 3.59, 0.0, 2.41, 0.0, 0.0], [-6.31, 0.39, 2.38, -0.4, 96.25, 96.63, 0.0, 1.0], [0.2, 25.0, 0.0, 0.0])
(76990144, [2.0, 0.61, 0.0, 0.55, 0.0, 3.59, 0.0, 2.41, 0.0, 0.0], [-6.3, 0.39, 2.38, -0.41, 96.25, 96.63, 0.0, 1.0], [0.54, 25.0, 0.0, 0.0])
(77094946, [2.0, 0.61, 0.0, 0.55, 0.0, 3.59, 0.0, 2.4, 0.0, 0.0], [-6.29, 0.39, 2.38, -0.41, 96.25, 96.64, 0.0, 1.0], [0.2, 25.0, 0.0, 0.0])
(77198413, [2.0, 0.61, 0.0, 0.55, 0.0, 3.59, 0.0, 2.4, 0.0, 0.0], [-6.24, 0.39, 2.38, -0.41, 96.25, 96.64, 0.0, 1.0], [0.2, 25.0, 0.0, 0.0])
(77307544, [2.0, 0.61, 0.0, 0.55, 0.0, 3.59, 0.0, 2.41, 0.0, 0.0], [-6.3, 0.4, 2.38, -0.4, 96.25, 96.65, 0.0, 1.0], [0.2, 25.0, 0.0, 0.0])
(77408028, [2.0, 0.61, 0.0, 0.55, 0.0, 3.59, 0.0, 2.41, 0.0, 0.0], [-6.29, 0.4, 2.38, -0.41, 96.25, 96.66, 0.0, 1.0], [0.2, 25.0, 0.0, 0.0])
(77511718, [2.0, 0.61, 0.0, 0.55, 0.0, 3.59, 0.0, 2.38, 0.0, 0.0], [-6.17, 0.4, 2.38, -0.41, 96.25, 96.66, 0.0, 1.0], [0.2, 25.0, 0.0, 0.0])
(77615807, [2.0, 0.61, 0.0, 0.55, 0.0, 3.59, 0.0, 2.38, 0.0, 0.0], [-6.19, 0.4, 2.38, -0.4, 96.25, 96.67, 0.0, 1.0], [0.2, 25.0, 0.0, 0.0])
(77722507, [2.0, 0.61, 0.0, 0.55, 0.0, 3.59, 0.0, 2.38, 0.0, 0.0], [-6.21, 0.4, 2.38, -0.4, 96.25, 96.68, 0.0, 1.0], [0.2, 25.0, 0.0, 0.0])
(77834149, [2.0, 0.61, 0.0, 0.55, 0.0, 3.59, 0.0, 2.38, 0.0, 0.0], [-6.22, 0.4, 2.38, -0.4, 96.25, 96.68, 0.0, 1.0], [0.55, 25.0, 0.0, 0.0])
(77940134, [2.0, 0.61, 0.0, 0.55, 0.0, 3.59, 0.0, 2.4, 0.0, 0.0], [-6.4, 0.4, 2.07, -0.4, 96.17, 96.68, 0.0, 1.0], [0.55, 25.0, 0.0, 0.0])
(78040171, [2.0, 0.61, 0.0, 0.55, 0.0, 3.59, 0.0, 2.4, 0.0, 0.0], [-6.71, 0.4, -2.27, -0.4, 94.17, 96.69, 0.0, 1.0], [0.55, 25.0, 0.0, 0.0])
(78140167, [2.0, 0.61, 0.0, 0.55, 0.0, 3.59, 0.0, 2.4, 0.0, 0.0], [-6.86, 0.4, -4.7, -0.4, 89.44, 96.69, 0.0, 1.0], [0.55, 25.0, 0.0, 0.0])
(78240131, [2.0, 0.61, 0.0, 0.55, 0.0, 3.59, 0.0, 2.4, 0.0, 0.0], [-6.94, 0.4, -5.9, -0.4, 82.0, 96.7, 0.0, 1.0], [0.55, 25.0, 0.0, 0.0])
(78340202, [2.0, 0.61, 0.0, 0.55, 0.0, 3.59, 0.0, 2.4, 0.0, 0.0], [-6.97, 0.4, -6.49, -0.39, 71.84, 96.71, 0.0, 1.0], [0.55, 25.0, 0.0, 0.0])
(78440149, [2.0, 0.61, 0.0, 0.55, 0.0, 3.59, 0.0, 2.39, 0.0, 0.0], [-7.89, 0.4, -5.67, -0.39, 70.04, 96.71, 0.0, 1.0], [0.55, 25.0, 0.0, 0.0])
(78540206, [2.0, 0.61, 0.0, 0.55, 0.0, 3.59, 0.0, 2.39, 0.0, 0.0], [-8.47, 0.4, -4.74, -0.39, 69.94, 96.72, 0.0, 1.0], [0.55, 25.0, 0.0, 0.0])
(78644788, [2.0, 0.61, 0.0, 0.55, 0.0, 3.59, 0.0, 2.4, 0.0, 0.0], [-8.72, 0.4, -3.91, -0.39, 69.82, 96.73, 0.0, 1.0], [0.2, 25.0, 0.0, 0.0])
(78743019, [2.0, 0.61, 0.0, 0.55, 0.0, 3.59, 0.0, 2.4, 0.0, 0.0], [-8.79, 0.4, -3.15, -0.39, 69.71, 96.73, 0.0, 1.0], [0.55, 25.0, 0.0, 0.0])
(78843046, [2.0, 0.61, 0.0, 0.55, 0.0, 3.59, 0.0, 2.4, 0.0, 0.0], [-8.73, 0.4, -2.48, -0.39, 69.59, 96.73, 0.0, 1.0], [0.54, 25.0, 0.0, 0.0])
(78943950, [2.0, 0.61, 0.0, 0.55, 0.0, 3.59, 0.0, 2.4, 0.0, 0.0], [-8.58, 0.4, -1.87, -0.39, 69.49, 96.74, 0.0, 1.0], [0.55, 25.0, 0.0, 0.0])
(79043069, [2.0, 0.61, 0.0, 0.55, 0.0, 3.59, 0.0, 2.4, 0.0, 0.0], [-8.37, 0.4, -1.34, -0.39, 69.38, 96.75, 0.0, 1.0], [0.54, 25.0, 0.0, 0.0])
(79143162, [2.0, 0.61, 0.0, 0.55, 0.0, 3.59, 0.0, 2.38, 0.0, 0.0], [-8.13, 0.4, -0.88, -0.39, 69.29, 96.75, 0.0, 1.0], [0.54, 25.0, 0.0, 0.0])
(79243062, [2.0, 0.61, 0.0, 0.55, 0.0, 3.59, 0.0, 2.38, 0.0, 0.0], [-7.85, 0.41, -0.48, -0.39, 69.2, 96.76, 0.0, 1.0], [0.54, 25.0, 0.0, 0.0])
(79343628, [2.0, 0.61, 0.0, 0.55, 0.0, 3.59, 0.0, 2.4, 0.0, 0.0], [-7.57, 0.41, -0.14, -0.39, 69.11, 96.77, 0.0, 1.0], [0.2, 25.0, 0.0, 0.0])
(79443071, [2.0, 0.61, 0.0, 0.55, 0.0, 3.59, 0.0, 2.4, 0.0, 0.0], [-7.28, 0.41, 0.13, -0.39, 69.03, 96.77, 0.0, 1.0], [0.55, 25.0, 0.0, 0.0])
(79543211, [2.0, 0.61, 0.0, 0.55, 0.0, 3.59, 0.0, 2.4, 0.0, 0.0], [-7.0, 0.41, 0.37, -0.39, 68.96, 96.78, 0.0, 1.0], [0.54, 25.0, 0.0, 0.0])
(79643085, [2.0, 0.61, 0.0, 0.55, 0.0, 3.59, 0.0, 2.4, 0.0, 0.0], [-6.72, 0.41, 0.58, -0.39, 68.89, 96.78, 0.0, 1.0], [0.54, 25.0, 0.0, 0.0])
(79743118, [2.0, 0.61, 0.0, 0.55, 0.0, 3.59, 0.0, 2.41, 0.0, 0.0], [-6.46, 0.41, 0.74, -0.39, 68.82, 96.79, 0.0, 1.0], [0.54, 25.0, 0.0, 0.0])
(79843065, [2.0, 0.61, 0.0, 0.55, 0.0, 3.59, 0.0, 2.4, 0.0, 0.0], [-6.21, 0.41, 0.88, -0.39, 68.75, 96.8, 0.0, 1.0], [0.54, 25.0, 0.0, 0.0])
(79943030, [2.0, 0.61, 0.0, 0.55, 0.0, 3.59, 0.0, 2.4, 0.0, 0.0], [-5.96, 0.41, 1.0, -0.39, 68.69, 96.8, 0.0, 1.0], [0.54, 25.0, 0.0, 0.0])
(80043073, [2.0, 0.61, 0.0, 0.55, 0.0, 3.59, 0.0, 2.41, 0.0, 0.0], [-5.74, 0.41, 1.1, -0.39, 68.62, 96.81, 0.0, 1.0], [0.55, 25.0, 0.0, 0.0])
(80143147, [2.0, 0.61, 0.0, 0.55, 0.0, 3.59, 0.0, 2.41, 0.0, 0.0], [-5.52, 0.41, 1.18, -0.4, 68.56, 96.81, 0.0, 1.0], [0.54, 25.0, 0.0, 0.0])
(80243037, [2.0, 0.61, 0.0, 0.55, 0.0, 3.59, 0.0, 2.41, 0.0, 0.0], [-5.32, 0.4, 1.25, -0.4, 68.49, 96.81, 0.0, 1.0], [0.54, 25.0, 0.0, 0.0])
(80346903, [2.0, 0.61, 0.0, 0.55, 0.0, 3.59, 0.0, 2.41, 0.0, 0.0], [-5.12, 0.4, 1.31, -0.4, 68.43, 96.82, 0.0, 1.0], [0.54, 25.0, 0.0, 0.0])
(80445083, [2.0, 0.61, 0.0, 0.55, 0.0, 3.59, 0.0, 2.41, 0.0, 0.0], [-4.94, 0.4, 1.35, -0.39, 68.37, 96.82, 0.0, 1.0], [0.53, 25.0, 0.0, 0.0])
(90381588, [2.0, 0.61, 0.0, 0.55, 0.0, 3.59, 0.0, 2.4, 0.0, 0.0], [0.26, 0.39, -1.93, -0.47, 95.67, 97.37, 0.0, 1.0], [0.2, 25.0, 0.0, 0.0])
(90481475, [2.0, 0.61, 0.0, 0.55, 0.0, 3.59, 0.0, 2.38, 0.0, 0.0], [0.12, 0.39, -1.09, -0.47, 95.75, 97.38, 0.0, 1.0], [0.2, 25.0, 0.0, 0.0])
(90581475, [2.0, 0.62, 0.0, 0.55, 0.0, 3.59, 0.0, 2.39, 0.0, 0.0], [0.05, 0.39, -0.54, -0.47, 95.82, 97.39, 0.0, 1.0], [0.2, 25.0, 0.0, 0.0])
(90681472, [2.0, 0.62, 0.0, 0.55, 0.0, 3.59, 0.0, 2.4, 0.0, 0.0], [0.02, 0.39, -0.26, -0.47, 95.9, 97.4, 0.0, 1.0], [0.2, 25.0, 0.0, 0.0])
(90781476, [2.0, 0.62, 0.0, 0.55, 0.0, 3.59, 0.0, 2.39, 0.0, 0.0], [0.01, 0.39, -0.13, -0.47, 95.97, 97.4, 0.0, 1.0], [0.2, 25.0, 0.0, 0.0])
(90881472, [2.0, 0.62, 0.0, 0.55, 0.0, 3.59, 0.0, 2.41, 0.0, 0.0], [0.0, 0.39, -0.06, -0.47, 96.04, 97.4, 0.0, 1.0], [0.2, 25.0, 0.0, 0.0])
(90981889, [2.0, 0.62, 0.0, 0.55, 0.0, 3.59, 0.0, 2.41, 0.0, 0.0], [0.0, 0.39, -0.03, -0.47, 96.11, 97.41, 0.0, 1.0], [0.2, 25.0, 0.0, 0.0])
(91081620, [2.0, 0.62, 0.0, 0.55, 0.0, 1.55, 0.0, 2.41, 0.0, 0.0], [0.0, 0.39, -0.01, -0.47, 96.18, 97.41, 0.0, 1.0], [0.2, 25.0, 0.0, 0.0])
(91181468, [2.0, 0.62, 0.0, 0.55, 0.0, 1.55, 0.0, 2.41, 0.0, 0.0], [0.0, 0.39, 0.0, -0.47, 96.26, 97.42, 0.0, 1.0], [0.2, 25.0, 0.0, 0.0])
(91281542, [2.0, 0.62, 0.0, 0.55, 0.0, 2.98, 0.0, 2.4, 0.0, 0.0], [0.0, 0.39, 0.0, -0.47, 96.33, 97.43, 0.0, 1.0], [0.2, 25.0, 0.0, 0.0])
(91381492, [2.0, 0.62, 0.0, 0.55, 0.0, 3.54, 0.0, 2.41, 0.0, 0.0], [0.0, 0.39, 0.0, -0.47, 96.4, 97.43, 0.0, 1.0], [0.2, 25.0, 0.0, 0.0])
(91481573, [2.0, 0.62, 0.0, 0.55, 0.0, 3.58, 0.0, 2.4, 0.0, 0.0], [0.0, 0.39, 0.0, -0.47, 96.48, 97.44, 0.0, 1.0], [0.2, 25.0, 0.0, 0.0])
(91581487, [2.0, 0.62, 0.0, 0.55, 0.0, 1.56, 0.0, 2.4, 0.0, 0.0], [0.0, 0.39, 0.0, -0.46, 96.55, 97.44, 0.0, 1.0], [0.2, 25.0, 0.0, 0.0])
(91681530, [2.0, 0.62, 0.0, 0.55, 0.0, 2.98, 0.0, 2.4, 0.0, 0.0], [0.0, 0.4, 0.0, -0.46, 96.62, 97.45, 0.0, 1.0], [0.2, 25.0, 0.0, 0.0])
(91783075, [2.0, 0.62, 0.0, 0.55, 0.0, 3.41, 0.0, 2.4, 0.0, 0.0], [0.0, 0.39, 0.0, -0.46, 96.69, 97.45, 0.0, 1.0], [0.2, 25.0, 0.0, 0.0])
(91884249, [2.0, 0.62, 0.0, 0.55, 0.0, 3.58, 0.0, 2.41, 0.0, 0.0], [0.0, 0.39, 0.0, -0.46, 96.77, 97.46, 0.0, 1.0], [0.2, 25.0, 0.0, 0.0])
(91983706, [2.0, 0.62, 0.0, 0.55, 0.0, 3.59, 0.0, 2.38, 0.0, 0.0], [0.0, 0.39, 0.0, -0.46, 96.84, 97.46, 0.0, 1.0], [0.2, 25.0, 0.0, 0.0])
(92084144, [2.0, 0.62, 0.0, 0.55, 0.0, 3.59, 0.0, 2.4, 0.0, 0.0], [0.0, 0.39, 0.0, -0.46, 96.91, 97.47, 0.0, 1.0], [0.2, 25.0, 0.0, 0.0])
(92184031, [2.0, 0.62, 0.0, 0.55, 0.0, 3.59, 0.0, 2.39, 0.0, 0.0], [0.0, 0.39, 0.0, -0.46, 96.98, 97.47, 0.0, 1.0], [0.2, 25.0, 0.0, 0.0])
(92283911, [2.0, 0.62, 0.0, 0.55, 0.0, 3.59, 0.0, 2.39, 0.0, 0.0], [0.0, 0.39, 0.0, -0.46, 97.06, 97.48, 0.0, 1.0], [0.2, 25.0, 0.0, 0.0])
(92383754, [2.0, 0.62, 0.0, 0.55, 0.0, 3.59, 0.0, 2.39, 0.0, 0.0], [0.0, 0.39, 0.0, -0.47, 97.13, 97.48, 0.0, 1.0], [0.2, 25.0, 0.0, 0.0])
(92484250, [2.0, 0.62, 0.0, 0.55, 0.0, 3.59, 0.0, 2.4, 0.0, 0.0], [0.0, 0.39, 0.0, -0.47, 97.21, 97.49, 0.0, 1.0], [0.2, 25.0, 0.0, 0.0])
(92584259, [2.0, 0.62, 0.0, 0.55, 0.0, 3.59, 0.0, 2.4, 0.0, 0.0], [0.0, 0.39, 0.0, -0.47, 97.28, 97.5, 0.0, 1.0], [0.2, 25.0, 0.0, 0.0])
(92683760, [2.0, 0.62, 0.0, 0.55, 0.0, 3.59, 0.0, 2.4, 0.0, 0.0], [0.0, 0.39, 0.0, -0.46, 97.35, 97.5, 0.0, 1.0], [0.2, 25.0, 0.0, 0.0])
(92784328, [2.0, 0.62, 0.0, 0.55, 0.0, 3.59, 0.0, 2.4, 0.0, 0.0], [0.0, 0.39, 0.0, -0.46, 97.43, 97.51, 0.0, 1.0], [0.2, 25.0, 0.0, 0.0])
(92883881, [2.0, 0.62, 0.0, 0.55, 0.0, 3.59, 0.0, 2.4, 0.0, 0.0], [0.0, 0.4, 0.0, -0.46, 97.5, 97.51, 0.0, 1.0], [0.2, 25.0, 0.0, 0.0])
(92984764, [2.0, 0.62, 0.0, 0.55, 0.0, 3.59, 0.0, 2.4, 0.0, 0.0], [0.0, 0.39, 0.0, -0.46, 97.51, 97.52, 0.0, 1.0], [0.2, 25.0, 0.0, 0.0])
(93084386, [2.0, 0.62, 0.0, 0.55, 0.0, 3.59, 0.0, 2.41, 0.0, 0.0], [0.0, 0.39, 0.0, -0.46, 97.52, 97.53, 0.0, 1.0], [0.2, 25.0, 0.0, 0.0])
(93183740, [2.0, 0.62, 0.0, 0.55, 0.0, 3.59, 0.0, 2.4, 0.0, 0.0], [0.0, 0.4, 0.0, -0.46, 97.52, 97.53, 0.0, 1.0], [0.2, 25.0, 0.0, 0.0])
(93284083, [2.0, 0.62, 0.0, 0.55, 0.0, 3.59, 0.0, 2.39, 0.0, 0.0], [0.0, 0.4, 0.0, -0.46, 97.53, 97.54, 0.0, 1.0], [0.2, 25.0, 0.0, 0.0])
(93384133, [2.0, 0.62, 0.0, 0.55, 0.0, 3.59, 0.0, 2.39, 0.0, 0.0], [0.0, 0.4, 0.0, -0.46, 97.53, 97.54, 0.0, 1.0], [0.2, 25.0, 0.0, 0.0])
(93484726, [2.0, 0.62, 0.0, 0.55, 0.0, 3.59, 0.0, 2.4, 0.0, 0.0], [0.0, 0.39, 0.0, -0.46, 97.54, 97.55, 0.0, 1.0], [0.2, 25.0, 0.0, 0.0])
(93584282, [2.0, 0.62, 0.0, 0.55, 0.0, 3.59, 0.0, 2.4, 0.0, 0.0], [0.0, 0.4, 0.0, -0.46, 97.55, 97.55, 0.0, 1.0], [0.2, 25.0, 0.0, 0.0])
(93683659, [2.0, 0.62, 0.0, 0.55, 0.0, 3.59, 0.0, 2.4, 0.0, 0.0], [0.0, 0.4, 0.0, -0.46, 97.55, 97.56, 0.0, 1.0], [0.2, 25.0, 0.0, 0.0])
(93784087, [2.0, 0.62, 0.0, 0.55, 0.0, 3.59, 0.0, 2.4, 0.0, 0.0], [0.0, 0.4, 0.0, -0.46, 97.56, 97.56, 0.0, 1.0], [0.2, 25.0, 0.0, 0.0])
(93884413, [2.0, 0.62, 0.0, 0.55, 0.0, 3.59, 0.0, 2.41, 0.0, 0.0], [0.0, 0.4, 0.0, -0.46, 97.56, 97.57, 0.0, 1.0], [0.2, 25.0, 0.0, 0.0])
(93983648, [2.0, 0.62, 0.0, 0.55, 0.0, 3.59, 0.0, 2.4, 0.0, 0.0], [0.0, 0.4, 0.0, -0.46, 97.57, 97.57, 0.0, 1.0], [0.2, 25.0, 0.0, 0.0])
(94083901, [2.0, 0.62, 0.0, 0.55, 0.0, 3.59, 0.0, 2.4, 0.0, 0.0], [0.0, 0.4, 0.0, -0.45, 97.57, 97.58, 0.0, 1.0], [0.2, 25.0, 0.0, 0.0])
(94184039, [2.0, 0.62, 0.0, 0.55, 0.0, 3.59, 0.0, 2.4, 0.0, 0.0], [0.0, 0.4, 0.0, -0.45, 97.58, 97.59, 0.0, 1.0], [0.2, 25.0, 0.0, 0.0])
(94283975, [2.0, 0.62, 0.0, 0.55, 0.0, 3.59, 0.0, 2.4, 0.0, 0.0], [0.0, 0.4, 0.0, -0.45, 97.58, 97.59, 0.0, 1.0], [0.2, 25.0, 0.0, 0.0])
(94383728, [2.0, 0.62, 0.0, 0.55, 0.0, 3.59, 0.0, 2.42, 0.0, 0.0], [0.0, 0.4, 0.0, -0.45, 97.59, 97.6, 0.0, 1.0], [0.2, 25.0, 0.0, 0.0])
(94484247, [2.0, 0.62, 0.0, 0.55, 0.0, 3.59, 0.0, 2.41, 0.0, 0.0], [0.0, 0.4, 0.0, -0.45, 97.6, 97.61, 0.0, 1.0], [0.2, 25.0, 0.0, 0.0])
(94583772, [2.0, 0.62, 0.0, 0.55, 0.0, 3.59, 0.0, 2.41, 0.0, 0.0], [0.0, 0.4, 0.0, -0.45, 97.61, 97.61, 0.0, 1.0], [0.2, 25.0, 0.0, 0.0])
(94683904, [2.0, 0.62, 0.0, 0.55, 0.0, 3.59, 0.0, 2.4, 0.0, 0.0], [0.0, 0.4, 0.0, -0.45, 97.61, 97.62, 0.0, 1.0], [0.2, 25.0, 0.0, 0.0])
(94784522, [2.0, 0.62, 0.0, 0.55, 0.0, 3.59, 0.0, 2.4, 0.0, 0.0], [0.0, 0.4, 0.0, -0.45, 97.62, 97.62, 0.0, 1.0], [0.2, 25.0, 0.0, 0.0])
(94884018, [2.0, 0.62, 0.0, 0.55, 0.0, 3.59, 0.0, 2.4, 0.0, 0.0], [0.0, 0.4, 0.0, -0.45, 97.62, 97.63, 0.0, 1.0], [0.2, 25.0, 0.0, 0.0])
(94984732, [2.0, 0.62, 0.0, 0.55, 0.0, 3.59, 0.0, 2.4, 0.0, 0.0], [0.0, 0.4, 0.0, -0.45, 97.62, 97.63, 0.0, 1.0], [0.2, 25.0, 0.0, 0.0])
(95084287, [2.0, 0.62, 0.0, 0.55, 0.0, 3.59, 0.0, 2.4, 0.0, 0.0], [0.0, 0.41, 0.0, -0.44, 97.63, 97.64, 0.0, 1.0], [0.2, 25.0, 0.0, 0.0])
(95184259, [2.0, 0.62, 0.0, 0.55, 0.0, 3.59, 0.0, 2.42, 0.0, 0.0], [0.0, 0.41, 0.0, -0.44, 97.64, 97.64, 0.0, 1.0], [0.2, 25.0, 0.0, 0.0])
(95283748, [2.0, 0.62, 0.0, 0.55, 0.0, 3.59, 0.0, 2.4, 0.0, 0.0], [0.0, 0.41, 0.0, -0.44, 97.64, 97.65, 0.0, 1.0], [0.2, 25.0, 0.0, 0.0])
(95384261, [2.0, 0.62, 0.0, 0.55, 0.0, 3.59, 0.0, 2.4, 0.0, 0.0], [0.0, 0.41, 0.0, -0.44, 97.65, 97.66, 0.0, 1.0], [0.2, 25.0, 0.0, 0.0])
(95484248, [2.0, 0.62, 0.0, 0.55, 0.0, 1.57, 0.0, 2.41, 0.0, 0.0], [0.0, 0.41, 0.0, -0.44, 97.65, 97.66, 0.0, 1.0], [0.2, 25.0, 0.0, 0.0])
(95583638, [2.0, 0.62, 0.0, 0.55, 0.0, 0.98, 0.0, 2.41, 0.0, 0.0], [0.0, 0.41, 0.0, -0.44, 97.65, 97.67, 0.0, 1.0], [0.2, 25.0, 0.0, 0.0])
(95683705, [2.0, 0.62, 0.0, 0.55, 0.0, 0.98, 0.0, 2.4, 0.0, 0.0], [0.0, 0.41, 0.0, -0.44, 97.65, 97.67, 0.0, 1.0], [0.2, 25.0, 0.0, 0.0])
(95785001, [2.0, 0.62, 0.0, 0.55, 0.0, 2.81, 0.0, 2.4, 0.0, 0.0], [0.0, 0.41, 0.0, -0.45, 97.65, 97.68, 0.0, 1.0], [0.2, 25.0, 0.0, 0.0])
(95886194, [2.0, 0.62, 0.0, 0.55, 0.0, 3.52, 0.0, 2.41, 0.0, 0.0], [0.0, 0.41, 0.0, -0.45, 97.65, 97.69, 0.0, 1.0], [0.2, 25.0, 0.0, 0.0])
(95995468, [2.0, 0.62, 0.0, 0.55, 0.0, 3.52, 0.0, 2.39, 0.0, 0.0], [-2.43, 0.41, 1.07, -0.45, 97.65, 97.69, 0.0, 1.0], [0.2, 25.0, 0.0, 0.0])
(96096617, [2.0, 0.62, 0.0, 0.55, 0.0, 3.57, 0.0, 2.39, 0.0, 0.0], [-4.37, 0.41, 1.73, -0.44, 97.65, 97.7, 0.0, 1.0], [0.2, 25.0, 0.0, 0.0])
(96200042, [2.0, 0.62, 0.0, 0.55, 0.0, 3.59, 0.0, 2.39, 0.0, 0.0], [-5.33, 0.41, 2.05, -0.45, 97.65, 97.71, 0.0, 1.0], [0.2, 25.0, 0.0, 0.0])
(96307934, [2.0, 0.62, 0.0, 0.55, 0.0, 3.59, 0.0, 2.39, 0.0, 0.0], [-5.81, 0.41, 2.21, -0.45, 97.65, 97.72, 0.0, 1.0], [0.2, 25.0, 0.0, 0.0])
(96413032, [2.0, 0.62, 0.0, 0.55, 0.0, 3.59, 0.0, 2.39, 0.0, 0.0], [-6.04, 0.41, 2.29, -0.45, 97.65, 97.72, 0.0, 1.0], [0.2, 25.0, 0.0, 0.0])
(96519548, [2.0, 0.62, 0.0, 0.55, 0.0, 3.59, 0.0, 2.39, 0.0, 0.0], [-6.15, 0.41, 2.33, -0.45, 97.65, 97.72, 0.0, 1.0], [0.2, 25.0, 0.0, 0.0])
(96625371, [2.0, 0.62, 0.0, 0.55, 0.0, 3.59, 0.0, 2.4, 0.0, 0.0], [-6.26, 0.41, 2.35, -0.44, 97.65, 97.73, 0.0, 1.0], [0.2, 25.0, 0.0, 0.0])
(96774855, [2.0, 0.62, 0.0, 0.55, 0.0, 3.59, 0.0, 2.39, 0.0, 0.0], [-6.22, 0.41, 2.36, -0.44, 97.65, 97.73, 0.0, 1.0], [0.2, 25.0, 0.0, 0.0])
(96878859, [2.0, 0.62, 0.0, 0.55, 0.0, 3.59, 0.0, 2.39, 0.0, 0.0], [-6.24, 0.41, 2.37, -0.44, 97.65, 97.73, 0.0, 1.0], [0.2, 25.0, 0.0, 0.0])
(96990559, [2.0, 0.62, 0.0, 0.55, 0.0, 3.59, 0.0, 2.4, 0.0, 0.0], [-6.31, 0.41, 2.37, -0.44, 97.65, 97.74, 0.0, 1.0], [0.2, 25.0, 0.0, 0.0])
(97089229, [2.0, 0.62, 0.0, 0.55, 0.0, 3.59, 0.0, 2.39, 0.0, 0.0], [-6.27, 0.41, 2.37, -0.44, 97.65, 97.74, 0.0, 1.0], [0.2, 25.0, 0.0, 0.0])
(97190994, [2.0, 0.62, 0.0, 0.55, 0.0, 1.67, 0.0, 2.39, 0.0, 0.0], [-6.25, 0.41, 2.37, -0.44, 97.65, 97.75, 0.0, 1.0], [0.2, 25.0, 0.0, 0.0])
(97292403, [2.0, 0.62, 0.0, 0.55, 0.0, 1.67, 0.0, 2.39, 0.0, 0.0], [-6.26, 0.41, 2.37, -0.44, 97.65, 97.75, 0.0, 1.0], [0.2, 25.0, 0.0, 0.0])
(97400722, [2.0, 0.62, 0.0, 0.55, 0.0, 1.67, 0.0, 2.39, 0.0, 0.0], [-6.26, 0.41, 2.37, -0.44, 97.65, 97.76, 0.0, 1.0], [0.2, 25.0, 0.0, 0.0])
(97501528, [2.0, 0.62, 0.0, 0.55, 0.0, 1.67, 0.0, 2.4, 0.0, 0.0], [-6.32, 0.42, 2.37, -0.44, 97.65, 97.76, 0.0, 1.0], [0.2, 25.0, 0.0, 0.0])
(97604829, [2.0, 0.62, 0.0, 0.55, 0.0, 3.02, 0.0, 2.4, 0.0, 0.0], [-6.3, 0.42, 2.37, -0.44, 97.65, 97.77, 0.0, 1.0], [0.2, 25.0, 0.0, 0.0])
(97719517, [2.0, 0.62, 0.0, 0.55, 0.0, 3.42, 0.0, 2.4, 0.0, 0.0], [-6.29, 0.42, 2.37, -0.44, 97.65, 97.77, 0.0, 1.0], [0.2, 25.0, 0.0, 0.0])
(97823051, [2.0, 0.62, 0.0, 0.55, 0.0, 3.54, 0.0, 2.4, 0.0, 0.0], [-6.29, 0.42, 2.37, -0.44, 97.65, 97.78, 0.0, 1.0], [0.2, 25.0, 0.0, 0.0])
(97938313, [2.0, 0.62, 0.0, 0.55, 0.0, 3.58, 0.0, 2.4, 0.0, 0.0], [-6.29, 0.42, 2.37, -0.44, 97.65, 97.79, 0.0, 1.0], [0.2, 25.0, 0.0, 0.0])
(98055691, [2.0, 0.62, 0.0, 0.55, 0.0, 3.59, 0.0, 2.4, 0.0, 0.0], [-6.29, 0.41, 2.37, -0.44, 97.65, 97.79, 0.0, 1.0], [0.2, 25.0, 0.0, 0.0])
(98160252, [2.0, 0.61, 0.0, 0.55, 0.0, 3.59, 0.0, 2.4, 0.0, 0.0], [-6.28, 0.41, 2.33, -0.44, 97.65, 97.8, 0.0, 1.0], [0.2, 25.0, 0.0, 0.0])
(98265585, [2.0, 0.61, 0.0, 0.55, 0.0, 3.59, 0.0, 2.4, 0.0, 0.0], [-6.27, 0.42, 2.35, -0.45, 97.65, 97.81, 0.0, 1.0], [0.2, 25.0, 0.0, 0.0])
(98369416, [2.0, 0.61, 0.0, 0.55, 0.0, 3.59, 0.0, 2.4, 0.0, 0.0], [-6.27, 0.41, 2.37, -0.45, 97.65, 97.81, 0.0, 1.0], [0.2, 25.0, 0.0, 0.0])
(98475202, [2.0, 0.61, 0.0, 0.55, 0.0, 3.59, 0.0, 2.4, 0.0, 0.0], [-6.26, 0.42, 2.37, -0.45, 97.65, 97.82, 0.0, 1.0], [0.2, 25.0, 0.0, 0.0])
(98574576, [2.0, 0.61, 0.0, 0.55, 0.0, 3.59, 0.0, 2.41, 0.0, 0.0], [-6.28, 0.42, 2.38, -0.45, 97.65, 97.82, 0.0, 1.0], [0.2, 25.0, 0.0, 0.0])
(98685709, [2.0, 0.61, 0.0, 0.55, 0.0, 3.59, 0.0, 2.41, 0.0, 0.0], [-6.3, 0.42, 2.38, -0.45, 97.65, 97.82, 0.0, 1.0], [0.2, 25.0, 0.0, 0.0])
(98793232, [2.0, 0.61, 0.0, 0.55, 0.0, 3.59, 0.0, 2.41, 0.0, 0.0], [-6.29, 0.42, 2.38, -0.45, 97.65, 97.83, 0.0, 1.0], [0.2, 25.0, 0.0, 0.0])
(98906147, [2.0, 0.61, 0.0, 0.55, 0.0, 3.59, 0.0, 2.39, 0.0, 0.0], [-6.21, 0.43, 2.38, -0.44, 97.65, 97.84, 0.0, 1.0], [0.2, 25.0, 0.0, 0.0])
(99021348, [2.0, 0.61, 0.0, 0.55, 0.0, 3.59, 0.0, 2.4, 0.0, 0.0], [-6.27, 0.43, 2.38, -0.44, 97.65, 97.84, 0.0, 1.0], [0.2, 25.0, 0.0, 0.0])
(99127943, [2.0, 0.61, 0.0, 0.55, 0.0, 3.59, 0.0, 2.4, 0.0, 0.0], [-6.27, 0.43, 2.38, -0.44, 97.65, 97.85, 0.0, 1.0], [0.2, 25.0, 0.0, 0.0])
(99230974, [2.0, 0.61, 0.0, 0.55, 0.0, 3.59, 0.0, 2.4, 0.0, 0.0], [-6.26, 0.43, 2.38, -0.44, 97.65, 97.86, 0.0, 1.0], [0.2, 25.0, 0.0, 0.0])
(99337159, [2.0, 0.61, 0.0, 0.55, 0.0, 3.59, 0.0, 2.39, 0.0, 0.0], [-6.22, 0.43, 2.38, -0.45, 97.65, 97.86, 0.0, 1.0], [0.2, 25.0, 0.0, 0.0])
(99439058, [2.0, 0.61, 0.0, 0.55, 0.0, 3.59, 0.0, 2.39, 0.0, 0.0], [-6.22, 0.43, 2.38, -0.45, 97.65, 97.86, 0.0, 1.0], [0.2, 25.0, 0.0, 0.0])
(99545773, [2.0, 0.61, 0.0, 0.55, 0.0, 3.59, 0.0, 2.4, 0.0, 0.0], [-6.28, 0.44, 2.38, -0.45, 97.65, 97.87, 0.0, 1.0], [0.2, 25.0, 0.0, 0.0])
(99645058, [2.0, 0.61, 0.0, 0.55, 0.0, 3.59, 0.0, 2.4, 0.0, 0.0], [-6.12, 0.44, 2.24, -0.45, 97.65, 97.87, 0.0, 1.0], [0.2, 25.0, 0.0, 0.0])
(99744966, [2.0, 0.61, 0.0, 0.55, 0.0, 3.59, 0.0, 2.39, 0.0, 0.0], [-3.15, 0.44, 1.1, -0.45, 97.65, 97.88, 0.0, 1.0], [0.2, 25.0, 0.0, 0.0])
(99844975, [2.0, 0.61, 0.0, 0.55, 0.0, 1.55, 0.0, 2.4, 0.0, 0.0], [-1.55, 0.44, 0.54, -0.45, 97.65, 97.89, 0.0, 1.0], [0.2, 25.0, 0.0, 0.0])
(99944932, [2.0, 0.61, 0.0, 0.55, 0.0, 1.55, 0.0, 2.4, 0.0, 0.0], [-0.76, 0.44, 0.26, -0.44, 97.65, 97.89, 0.0, 1.0], [0.2, 25.0, 0.0, 0.0])
(100044945, [2.0, 0.61, 0.0, 0.55, 0.0, 1.55, 0.0, 2.41, 0.0, 0.0], [-0.37, 0.44, 0.13, -0.44, 97.65, 97.9, 0.0, 1.0], [0.2, 25.0, 0.0, 0.0])
(100145019, [2.0, 0.61, 0.0, 0.55, 0.0, 1.55, 0.0, 2.39, 0.0, 0.0], [-0.18, 0.44, 0.06, -0.44, 97.65, 97.9, 0.0, 1.0], [0.2, 25.0, 0.0, 0.0])
(100245006, [2.0, 0.61, 0.0, 0.55, 0.0, 2.98, 0.0, 2.39, 0.0, 0.0], [-0.09, 0.44, 0.03, -0.44, 97.65, 97.91, 0.0, 1.0], [0.2, 25.0, 0.0, 0.0])
(100344967, [2.0, 0.61, 0.0, 0.55, 0.0, 3.41, 0.0, 2.39, 0.0, 0.0], [-0.04, 0.44, 0.01, -0.44, 97.65, 97.91, 0.0, 1.0], [0.2, 25.0, 0.0, 0.0])
(100444968, [2.0, 0.61, 0.0, 0.55, 0.0, 3.54, 0.0, 2.39, 0.0, 0.0], [-0.02, 0.44, 0.0, -0.44, 97.65, 97.92, 0.0, 1.0], [0.2, 25.0, 0.0, 0.0])
(100544999, [2.0, 0.61, 0.0, 0.55, 0.0, 3.54, 0.0, 2.39, 0.0, 0.0], [-0.01, 0.44, 0.0, -0.44, 97.65, 97.92, 0.0, 1.0], [0.2, 25.0, 0.0, 0.0])
(100644985, [2.0, 0.61, 0.0, 0.55, 0.0, 3.58, 0.0, 2.39, 0.0, 0.0], [0.0, 0.44, 0.0, -0.44, 97.65, 97.93, 0.0, 1.0], [0.2, 25.0, 0.0, 0.0])
(100744946, [2.0, 0.61, 0.0, 0.55, 0.0, 3.59, 0.0, 2.4, 0.0, 0.0], [0.0, 0.44, 0.0, -0.44, 97.65, 97.94, 0.0, 1.0], [0.2, 25.0, 0.0, 0.0])
(100845014, [2.0, 0.61, 0.0, 0.55, 0.0, 3.59, 0.0, 2.4, 0.0, 0.0], [0.0, 0.44, 0.0, -0.44, 97.65, 97.94, 0.0, 1.0], [0.2, 25.0, 0.0, 0.0])
(100945006, [2.0, 0.61, 0.0, 0.55, 0.0, 1.55, 0.0, 2.4, 0.0, 0.0], [0.0, 0.44, 0.0, -0.44, 97.65, 97.95, 0.0, 1.0], [0.2, 25.0, 0.0, 0.0])
(101044948, [2.0, 0.61, 0.0, 0.55, 0.0, 1.55, 0.0, 2.4, 0.0, 0.0], [0.0, 0.44, 0.0, -0.44, 97.65, 97.95, 0.0, 1.0], [0.2, 25.0, 0.0, 0.0])
(101144940, [2.0, 0.61, 0.0, 0.55, 0.0, 1.55, 0.0, 2.41, 0.0, 0.0], [0.0, 0.44, 0.0, -0.44, 97.65, 97.96, 0.0, 1.0], [0.2, 25.0, 0.0, 0.0])
(101244939, [2.0, 0.61, 0.0, 0.55, 0.0, 1.55, 0.0, 2.41, 0.0, 0.0], [0.0, 0.44, 0.0, -0.44, 97.65, 97.97, 0.0, 1.0], [0.2, 25.0, 0.0, 0.0])
(101345007, [2.0, 0.61, 0.0, 0.55, 0.0, 2.98, 0.0, 2.39, 0.0, 0.0], [0.0, 0.44, 0.0, -0.44, 97.65, 97.97, 0.0, 1.0], [0.2, 25.0, 0.0, 0.0])
(101445615, [2.0, 0.61, 0.0, 0.55, 0.0, 3.41, 0.0, 2.39, 0.0, 0.0], [0.0, 0.44, 0.0, -0.44, 97.65, 97.98, 0.0, 1.0], [0.2, 25.0, 0.0, 0.0])
(101544920, [2.0, 0.61, 0.0, 0.55, 0.0, 3.41, 0.0, 2.41, 0.0, 0.0], [0.0, 0.44, 0.0, -0.44, 97.65, 97.98, 0.0, 1.0], [0.2, 25.0, 0.0, 0.0])
(101644940, [2.0, 0.61, 0.0, 0.55, 0.0, 3.54, 0.0, 2.4, 0.0, 0.0], [0.0, 0.43, 0.0, -0.44, 97.65, 97.99, 0.0, 1.0], [0.2, 25.0, 0.0, 0.0])
(101744896, [2.0, 0.61, 0.0, 0.55, 0.0, 3.58, 0.0, 2.39, 0.0, 0.0], [0.0, 0.44, 0.0, -0.44, 97.65, 97.99, 0.0, 1.0], [0.2, 25.0, 0.0, 0.0])
(101845284, [2.0, 0.61, 0.0, 0.55, 0.0, 3.59, 0.0, 2.39, 0.0, 0.0], [0.0, 0.44, 0.0, -0.44, 97.65, 98.0, 0.0, 1.0], [0.2, 25.0, 0.0, 0.0])
(101945529, [2.0, 0.61, 0.0, 0.55, 0.0, 3.59, 0.0, 2.39, 0.0, 0.0], [0.0, 0.43, 0.0, -0.44, 97.65, 98.0, 0.0, 1.0], [0.2, 25.0, 0.0, 0.0])
(102044947, [2.0, 0.61, 0.0, 0.55, 0.0, 3.59, 0.0, 2.39, 0.0, 0.0], [0.0, 0.43, 0.0, -0.44, 97.65, 98.01, 0.0, 1.0], [0.2, 25.0, 0.0, 0.0])
(102144830, [2.0, 0.61, 0.0, 0.55, 0.0, 3.59, 0.0, 2.39, 0.0, 0.0], [0.0, 0.43, 0.0, -0.44, 97.65, 98.01, 0.0, 1.0], [0.2, 25.0, 0.0, 0.0])
(172728448, [2.0, 0.61, 0.0, 0.55, 0.0, 3.54, 0.0, 2.39, 0.0, 0.0], [0.0, 0.37, 0.0, -0.42, 102.03, 102.04, 0.0, 1.0], [0.2, 25.0, 0.0, 0.0])
(172828684, [2.0, 0.61, 0.0, 0.55, 0.0, 3.58, 0.0, 2.4, 0.0, 0.0], [0.0, 0.36, 0.0, -0.42, 102.03, 102.04, 0.0, 1.0], [0.2, 25.0, 0.0, 0.0])
(172928691, [2.0, 0.61, 0.0, 0.55, 0.0, 3.59, 0.0, 2.39, 0.0, 0.0], [0.0, 0.36, 0.0, -0.42, 102.04, 102.05, 0.0, 1.0], [0.2, 25.0, 0.0, 0.0])
(173028665, [2.0, 0.61, 0.0, 0.55, 0.0, 3.59, 0.0, 2.4, 0.0, 0.0], [0.0, 0.36, 0.0, -0.41, 102.05, 102.06, 0.0, 1.0], [0.2, 25.0, 0.0, 0.0])
(173128659, [2.0, 0.61, 0.0, 0.55, 0.0, 1.56, 0.0, 2.39, 0.0, 0.0], [0.0, 0.36, 0.0, -0.41, 102.05, 102.06, 0.0, 1.0], [0.2, 25.0, 0.0, 0.0])
(173228676, [2.0, 0.61, 0.0, 0.55, 0.0, 0.94, 0.0, 2.39, 0.0, 0.0], [0.0, 0.35, 0.0, -0.41, 102.06, 102.07, 0.0, 1.0], [0.2, 25.0, 0.0, 0.0])
(173328692, [2.0, 0.61, 0.0, 0.55, 0.0, 0.94, 0.0, 2.4, 0.0, 0.0], [0.0, 0.35, 0.0, -0.41, 102.07, 102.07, 0.0, 1.0], [0.2, 25.0, 0.0, 0.0])
(173428701, [2.0, 0.61, 0.0, 0.55, 0.0, 3.36, 0.0, 2.4, 0.0, 0.0], [0.0, 0.35, 0.0, -0.41, 102.07, 102.08, 0.0, 1.0], [0.2, 25.0, 0.0, 0.0])
(173528437, [2.0, 0.61, 0.0, 0.55, 0.0, 3.52, 0.0, 2.4, 0.0, 0.0], [0.0, 0.35, 0.0, -0.41, 102.08, 102.08, 0.0, 1.0], [0.2, 25.0, 0.0, 0.0])
(173628692, [2.0, 0.61, 0.0, 0.55, 0.0, 3.59, 0.0, 2.42, 0.0, 0.0], [0.0, 0.35, 0.0, -0.4, 102.08, 102.09, 0.0, 1.0], [0.2, 25.0, 0.0, 0.0])
(173728553, [2.0, 0.61, 0.0, 0.55, 0.0, 3.59, 0.0, 2.41, 0.0, 0.0], [0.0, 0.35, 0.0, -0.4, 102.09, 102.1, 0.0, 1.0], [0.2, 25.0, 0.0, 0.0])
(173828883, [2.0, 0.61, 0.0, 0.55, 0.0, 3.59, 0.0, 2.41, 0.0, 0.0], [0.0, 0.35, 0.0, -0.4, 102.1, 102.11, 0.0, 1.0], [0.2, 25.0, 0.0, 0.0])
(173928727, [2.0, 0.61, 0.0, 0.55, 0.0, 3.59, 0.0, 2.41, 0.0, 0.0], [0.0, 0.35, 0.0, -0.4, 102.1, 102.11, 0.0, 1.0], [0.2, 25.0, 0.0, 0.0])
(174028648, [2.0, 0.61, 0.0, 0.55, 0.0, 3.59, 0.0, 2.39, 0.0, 0.0], [0.0, 0.35, 0.0, -0.39, 102.11, 102.11, 0.0, 1.0], [0.2, 25.0, 0.0, 0.0])
(174128784, [2.0, 0.61, 0.0, 0.55, 0.0, 3.59, 0.0, 2.4, 0.0, 0.0], [0.0, 0.35, 0.0, -0.39, 102.11, 102.12, 0.0, 1.0], [0.2, 25.0, 0.0, 0.0])
(174228818, [2.0, 0.61, 0.0, 0.55, 0.0, 3.59, 0.0, 2.4, 0.0, 0.0], [0.0, 0.34, 0.0, -0.39, 102.12, 102.13, 0.0, 1.0], [0.2, 25.0, 0.0, 0.0])
(174328725, [2.0, 0.61, 0.0, 0.55, 0.0, 3.59, 0.0, 2.41, 0.0, 0.0], [0.0, 0.35, 0.0, -0.39, 102.12, 102.13, 0.0, 1.0], [0.2, 25.0, 0.0, 0.0])
(174428565, [2.0, 0.61, 0.0, 0.55, 0.0, 3.59, 0.0, 2.4, 0.0, 0.0], [0.0, 0.35, 0.0, -0.38, 102.13, 102.14, 0.0, 1.0], [0.2, 25.0, 0.0, 0.0])
(174528750, [2.0, 0.61, 0.0, 0.55, 0.0, 3.59, 0.0, 2.4, 0.0, 0.0], [0.0, 0.35, 0.0, -0.38, 102.14, 102.14, 0.0, 1.0], [0.2, 25.0, 0.0, 0.0])
(174629968, [2.0, 0.61, 0.0, 0.55, 0.0, 3.59, 0.0, 2.39, 0.0, 0.0], [0.0, 0.34, 0.0, -0.38, 102.14, 102.15, 0.0, 1.0], [0.2, 25.0, 0.0, 0.0])
(174729690, [2.0, 0.61, 0.0, 0.55, 0.0, 3.59, 0.0, 2.39, 0.0, 0.0], [0.0, 0.34, 0.0, -0.38, 102.15, 102.15, 0.0, 1.0], [0.2, 25.0, 0.0, 0.0])
(174829738, [2.0, 0.61, 0.0, 0.55, 0.0, 3.59, 0.0, 2.4, 0.0, 0.0], [0.0, 0.34, 0.0, -0.37, 102.15, 102.16, 0.0, 1.0], [0.2, 25.0, 0.0, 0.0])
(174930271, [2.0, 0.61, 0.0, 0.55, 0.0, 3.59, 0.0, 2.39, 0.0, 0.0], [0.0, 0.34, 0.0, -0.37, 102.16, 102.17, 0.0, 1.0], [0.2, 25.0, 0.0, 0.0])
(175029720, [2.0, 0.61, 0.0, 0.55, 0.0, 3.59, 0.0, 2.4, 0.0, 0.0], [0.0, 0.33, 0.0, -0.37, 102.17, 102.17, 0.0, 1.0], [0.2, 25.0, 0.0, 0.0])
(175129765, [2.0, 0.61, 0.0, 0.55, 0.0, 3.59, 0.0, 2.39, 0.0, 0.0], [0.0, 0.33, 0.0, -0.37, 102.17, 102.18, 0.0, 1.0], [0.2, 25.0, 0.0, 0.0])
(175229831, [2.0, 0.61, 0.0, 0.55, 0.0, 3.59, 0.0, 2.4, 0.0, 0.0], [0.0, 0.33, 0.0, -0.37, 102.18, 102.19, 0.0, 1.0], [0.2, 25.0, 0.0, 0.0])
(175330330, [2.0, 0.61, 0.0, 0.55, 0.0, 3.59, 0.0, 2.39, 0.0, 0.0], [0.0, 0.33, 0.0, -0.37, 102.18, 102.19, 0.0, 1.0], [0.2, 25.0, 0.0, 0.0])
(175429588, [2.0, 0.61, 0.0, 0.55, 0.0, 3.59, 0.0, 2.4, 0.0, 0.0], [0.0, 0.32, 0.0, -0.37, 102.19, 102.2, 0.0, 1.0], [0.2, 25.0, 0.0, 0.0])
(175529662, [2.0, 0.61, 0.0, 0.55, 0.0, 3.59, 0.0, 2.39, 0.0, 0.0], [0.0, 0.32, 0.0, -0.37, 102.2, 102.2, 0.0, 1.0], [0.2, 25.0, 0.0, 0.0])
(175629763, [2.0, 0.61, 0.0, 0.55, 0.0, 3.59, 0.0, 2.4, 0.0, 0.0], [0.0, 0.32, 0.0, -0.37, 102.2, 102.21, 0.0, 1.0], [0.2, 25.0, 0.0, 0.0])
(175729636, [2.0, 0.61, 0.0, 0.55, 0.0, 3.59, 0.0, 2.4, 0.0, 0.0], [0.0, 0.32, 0.0, -0.37, 102.21, 102.21, 0.0, 1.0], [0.2, 25.0, 0.0, 0.0])
(175829734, [2.0, 0.61, 0.0, 0.55, 0.0, 3.59, 0.0, 2.41, 0.0, 0.0], [0.0, 0.32, 0.0, -0.36, 102.21, 102.22, 0.0, 1.0], [0.2, 25.0, 0.0, 0.0])
(175929738, [2.0, 0.61, 0.0, 0.55, 0.0, 3.59, 0.0, 2.38, 0.0, 0.0], [0.0, 0.31, 0.0, -0.36, 102.22, 102.23, 0.0, 1.0], [0.2, 25.0, 0.0, 0.0])
(176029717, [2.0, 0.61, 0.0, 0.55, 0.0, 3.59, 0.0, 2.39, 0.0, 0.0], [0.0, 0.31, 0.0, -0.36, 102.23, 102.23, 0.0, 1.0], [0.2, 25.0, 0.0, 0.0])
(176129604, [2.0, 0.61, 0.0, 0.55, 0.0, 3.59, 0.0, 2.39, 0.0, 0.0], [0.0, 0.32, 0.0, -0.35, 102.23, 102.24, 0.0, 1.0], [0.2, 25.0, 0.0, 0.0])
(176229742, [2.0, 0.61, 0.0, 0.55, 0.0, 3.59, 0.0, 2.4, 0.0, 0.0], [0.0, 0.31, 0.0, -0.35, 102.24, 102.24, 0.0, 1.0], [0.2, 25.0, 0.0, 0.0])
(176329728, [2.0, 0.61, 0.0, 0.55, 0.0, 3.59, 0.0, 2.4, 0.0, 0.0], [0.0, 0.31, 0.0, -0.35, 102.24, 102.25, 0.0, 1.0], [0.2, 25.0, 0.0, 0.0])
(176429753, [2.0, 0.61, 0.0, 0.55, 0.0, 3.59, 0.0, 2.4, 0.0, 0.0], [0.0, 0.31, 0.0, -0.35, 102.25, 102.25, 0.0, 1.0], [0.2, 25.0, 0.0, 0.0])
(176529726, [2.0, 0.61, 0.0, 0.55, 0.0, 3.59, 0.0, 2.4, 0.0, 0.0], [0.0, 0.31, 0.0, -0.35, 102.25, 102.26, 0.0, 1.0], [0.2, 25.0, 0.0, 0.0])
(176629721, [2.0, 0.61, 0.0, 0.55, 0.0, 3.59, 0.0, 2.4, 0.0, 0.0], [0.0, 0.31, 0.0, -0.35, 102.26, 102.27, 0.0, 1.0], [0.2, 25.0, 0.0, 0.0])
(176729752, [2.0, 0.61, 0.0, 0.55, 0.0, 3.59, 0.0, 2.41, 0.0, 0.0], [0.0, 0.31, 0.0, -0.34, 102.26, 102.27, 0.0, 1.0], [0.2, 25.0, 0.0, 0.0])
(176829763, [2.0, 0.61, 0.0, 0.55, 0.0, 3.59, 0.0, 2.39, 0.0, 0.0], [0.0, 0.3, 0.0, -0.34, 102.27, 102.28, 0.0, 1.0], [0.2, 25.0, 0.0, 0.0])
(176929711, [2.0, 0.61, 0.0, 0.55, 0.0, 1.56, 0.0, 2.39, 0.0, 0.0], [0.0, 0.31, 0.0, -0.34, 102.28, 102.28, 0.0, 1.0], [0.2, 25.0, 0.0, 0.0])
(177029809, [2.0, 0.61, 0.0, 0.55, 0.0, 1.56, 0.0, 2.41, 0.0, 0.0], [0.0, 0.31, 0.0, -0.33, 102.28, 102.29, 0.0, 1.0], [0.2, 25.0, 0.0, 0.0])
(177129626, [2.0, 0.61, 0.0, 0.55, 0.0, 2.98, 0.0, 2.39, 0.0, 0.0], [0.0, 0.3, 0.0, -0.33, 102.29, 102.29, 0.0, 1.0], [0.2, 25.0, 0.0, 0.0])
(177229606, [2.0, 0.61, 0.0, 0.55, 0.0, 3.41, 0.0, 2.39, 0.0, 0.0], [0.0, 0.3, 0.0, -0.33, 102.29, 102.3, 0.0, 1.0], [0.2, 25.0, 0.0, 0.0])
(177329698, [2.0, 0.61, 0.0, 0.55, 0.0, 3.58, 0.0, 2.41, 0.0, 0.0], [0.0, 0.3, 0.0, -0.33, 102.3, 102.31, 0.0, 1.0], [0.2, 25.0, 0.0, 0.0])
(177429826, [2.0, 0.61, 0.0, 0.55, 0.0, 3.59, 0.0, 2.4, 0.0, 0.0], [0.0, 0.3, 0.0, -0.33, 102.31, 102.31, 0.0, 1.0], [0.2, 25.0, 0.0, 0.0])
(177529603, [2.0, 0.61, 0.0, 0.55, 0.0, 3.59, 0.0, 2.41, 0.0, 0.0], [0.0, 0.3, 0.0, -0.33, 102.31, 102.32, 0.0, 1.0], [0.2, 25.0, 0.0, 0.0])
(177629844, [2.0, 0.61, 0.0, 0.55, 0.0, 3.59, 0.0, 2.4, 0.0, 0.0], [0.0, 0.31, 0.0, -0.33, 102.32, 102.33, 0.0, 1.0], [0.2, 25.0, 0.0, 0.0])
(177729757, [2.0, 0.61, 0.0, 0.55, 0.0, 3.59, 0.0, 2.41, 0.0, 0.0], [0.0, 0.3, 0.0, -0.33, 102.33, 102.34, 0.0, 1.0], [0.2, 25.0, 0.0, 0.0])
(177829604, [2.0, 0.61, 0.0, 0.55, 0.0, 3.59, 0.0, 2.41, 0.0, 0.0], [0.0, 0.3, 0.0, -0.33, 102.33, 102.35, 0.0, 1.0], [0.2, 25.0, 0.0, 0.0])
(177929751, [2.0, 0.61, 0.0, 0.55, 0.0, 3.59, 0.0, 2.4, 0.0, 0.0], [0.0, 0.3, 0.0, -0.33, 102.33, 102.35, 0.0, 1.0], [0.2, 25.0, 0.0, 0.0])
(178030292, [2.0, 0.61, 0.0, 0.55, 0.0, 3.59, 0.0, 2.4, 0.0, 0.0], [0.0, 0.3, 0.0, -0.33, 102.33, 102.36, 0.0, 1.0], [0.2, 25.0, 0.0, 0.0])
(178129745, [2.0, 0.61, 0.0, 0.55, 0.0, 3.59, 0.0, 2.39, 0.0, 0.0], [0.0, 0.3, 0.0, -0.33, 102.33, 102.36, 0.0, 1.0], [0.2, 25.0, 0.0, 0.0])
(178229963, [2.0, 0.61, 0.0, 0.55, 0.0, 3.59, 0.0, 2.4, 0.0, 0.0], [-0.3, 0.3, 0.25, -0.33, 102.33, 102.37, 0.0, 1.0], [0.2, 25.0, 0.0, 0.0])
(178336011, [2.0, 0.61, 0.0, 0.55, 0.0, 3.59, 0.0, 2.4, 0.0, 0.0], [-3.27, 0.3, 1.33, -0.33, 102.33, 102.37, 0.0, 1.0], [0.2, 25.0, 0.0, 0.0])
(178442693, [2.0, 0.61, 0.0, 0.55, 0.0, 3.59, 0.0, 2.4, 0.0, 0.0], [-4.79, 0.3, 1.86, -0.33, 102.33, 102.38, 0.0, 1.0], [0.2, 25.0, 0.0, 0.0])
(178552819, [2.0, 0.61, 0.0, 0.55, 0.0, 3.59, 0.0, 2.4, 0.0, 0.0], [-5.53, 0.3, 2.12, -0.32, 102.33, 102.39, 0.0, 1.0], [0.2, 25.0, 0.0, 0.0])
(178658381, [2.0, 0.61, 0.0, 0.55, 0.0, 3.59, 0.0, 2.4, 0.0, 0.0], [-5.9, 0.3, 2.25, -0.33, 102.33, 102.4, 0.0, 1.0], [0.2, 25.0, 0.0, 0.0])
(178761774, [2.0, 0.61, 0.0, 0.55, 0.0, 3.59, 0.0, 2.4, 0.0, 0.0], [-6.08, 0.3, 2.32, -0.32, 102.33, 102.4, 0.0, 1.0], [0.2, 25.0, 0.0, 0.0])
(178861118, [2.0, 0.61, 0.0, 0.55, 0.0, 3.59, 0.0, 2.4, 0.0, 0.0], [-6.17, 0.3, 2.35, -0.33, 102.33, 102.41, 0.0, 1.0], [0.2, 25.0, 0.0, 0.0])
(178961071, [2.0, 0.61, 0.0, 0.55, 0.0, 3.59, 0.0, 2.39, 0.0, 0.0], [-6.17, 0.3, 2.36, -0.33, 102.33, 102.41, 0.0, 1.0], [0.2, 25.0, 0.0, 0.0])
(179064908, [2.0, 0.61, 0.0, 0.55, 0.0, 3.59, 0.0, 2.39, 0.0, 0.0], [-6.2, 0.3, 2.37, -0.33, 102.33, 102.42, 0.0, 1.0], [0.2, 25.0, 0.0, 0.0])
(179167323, [2.0, 0.61, 0.0, 0.55, 0.0, 3.59, 0.0, 2.39, 0.0, 0.0], [-6.22, 0.3, 2.38, -0.33, 102.33, 102.42, 0.0, 1.0], [0.2, 25.0, 0.0, 0.0])
(179270344, [2.0, 0.61, 0.0, 0.55, 0.0, 3.59, 0.0, 2.4, 0.0, 0.0], [-6.28, 0.3, 2.38, -0.34, 102.33, 102.43, 0.0, 1.0], [0.2, 25.0, 0.0, 0.0])
(179373647, [2.0, 0.61, 0.0, 0.55, 0.0, 3.59, 0.0, 2.4, 0.0, 0.0], [-6.27, 0.3, 2.38, -0.33, 102.33, 102.43, 0.0, 1.0], [0.2, 25.0, 0.0, 0.0])
(179474136, [2.0, 0.61, 0.0, 0.55, 0.0, 3.59, 0.0, 2.4, 0.0, 0.0], [-6.27, 0.3, 2.38, -0.33, 102.33, 102.44, 0.0, 1.0], [0.2, 25.0, 0.0, 0.0])
(179576308, [2.0, 0.61, 0.0, 0.55, 0.0, 3.59, 0.0, 2.4, 0.0, 0.0], [-6.26, 0.3, 2.38, -0.33, 102.33, 102.45, 0.0, 1.0], [0.2, 25.0, 0.0, 0.0])
(179682070, [2.0, 0.61, 0.0, 0.55, 0.0, 3.59, 0.0, 2.4, 0.0, 0.0], [-6.26, 0.3, 2.38, -0.33, 102.33, 102.46, 0.0, 1.0], [0.2, 25.0, 0.0, 0.0])
(179787919, [2.0, 0.61, 0.0, 0.55, 0.0, 3.59, 0.0, 2.41, 0.0, 0.0], [-6.31, 0.3, 2.38, -0.34, 102.33, 102.46, 0.0, 1.0], [0.2, 25.0, 0.0, 0.0])
(179895322, [2.0, 0.61, 0.0, 0.55, 0.0, 3.59, 0.0, 2.4, 0.0, 0.0], [-6.25, 0.3, 2.38, -0.34, 102.33, 102.47, 0.0, 1.0], [0.2, 25.0, 0.0, 0.0])
(179997819, [2.0, 0.61, 0.0, 0.55, 0.0, 3.59, 0.0, 2.39, 0.0, 0.0], [-6.21, 0.3, 2.38, -0.34, 102.33, 102.48, 0.0, 1.0], [0.2, 25.0, 0.0, 0.0])
(180108019, [2.0, 0.61, 0.0, 0.55, 0.0, 3.59, 0.0, 2.41, 0.0, 0.0], [-6.31, 0.31, 2.38, -0.34, 102.33, 102.48, 0.0, 1.0], [0.2, 25.0, 0.0, 0.0])
(180208516, [2.0, 0.61, 0.0, 0.55, 0.0, 3.59, 0.0, 2.41, 0.0, 0.0], [-6.3, 0.31, 2.38, -0.34, 102.33, 102.49, 0.0, 1.0], [0.2, 25.0, 0.0, 0.0])
(180308011, [2.0, 0.61, 0.0, 0.55, 0.0, 3.59, 0.0, 2.4, 0.0, 0.0], [-6.29, 0.31, 2.38, -0.34, 102.33, 102.5, 0.0, 1.0], [0.2, 25.0, 0.0, 0.0])
(180413405, [2.0, 0.61, 0.0, 0.55, 0.0, 3.59, 0.0, 2.4, 0.0, 0.0], [-6.24, 0.31, 2.38, -0.34, 102.33, 102.5, 0.0, 1.0], [0.2, 25.0, 0.0, 0.0])
(180514138, [2.0, 0.61, 0.0, 0.55, 0.0, 3.59, 0.0, 2.4, 0.0, 0.0], [-6.25, 0.31, 2.38, -0.34, 102.33, 102.51, 0.0, 1.0], [0.2, 25.0, 0.0, 0.0])
(180621103, [2.0, 0.61, 0.0, 0.55, 0.0, 3.59, 0.0, 2.41, 0.0, 0.0], [-6.31, 0.31, 2.38, -0.35, 102.33, 102.51, 0.0, 1.0], [0.2, 25.0, 0.0, 0.0])
(180721531, [2.0, 0.61, 0.0, 0.55, 0.0, 3.59, 0.0, 2.41, 0.0, 0.0], [-6.29, 0.31, 2.38, -0.35, 102.33, 102.52, 0.0, 1.0], [0.2, 25.0, 0.0, 0.0])
(180828452, [2.0, 0.61, 0.0, 0.55, 0.0, 3.59, 0.0, 2.39, 0.0, 0.0], [-6.2, 0.31, 2.38, -0.35, 102.33, 102.52, 0.0, 1.0], [0.2, 25.0, 0.0, 0.0])
(180934172, [2.0, 0.61, 0.0, 0.55, 0.0, 3.59, 0.0, 2.39, 0.0, 0.0], [-6.22, 0.31, 2.38, -0.35, 102.33, 102.53, 0.0, 1.0], [0.2, 25.0, 0.0, 0.0])
(181043554, [2.0, 0.61, 0.0, 0.55, 0.0, 3.59, 0.0, 2.39, 0.0, 0.0], [-6.23, 0.31, 2.38, -0.35, 102.33, 102.53, 0.0, 1.0], [0.2, 25.0, 0.0, 0.0])
(181143857, [2.0, 0.61, 0.0, 0.55, 0.0, 3.59, 0.0, 2.39, 0.0, 0.0], [-6.24, 0.31, 2.38, -0.35, 102.33, 102.54, 0.0, 1.0], [0.2, 25.0, 0.0, 0.0])
(181249849, [2.0, 0.61, 0.0, 0.55, 0.0, 3.59, 0.0, 2.39, 0.0, 0.0], [-6.24, 0.31, 2.38, -0.35, 102.33, 102.54, 0.0, 1.0], [0.2, 25.0, 0.0, 0.0])
(181355285, [2.0, 0.61, 0.0, 0.55, 0.0, 3.59, 0.0, 2.39, 0.0, 0.0], [-6.24, 0.31, 2.38, -0.35, 102.33, 102.55, 0.0, 1.0], [0.2, 25.0, 0.0, 0.0])
(181462396, [2.0, 0.61, 0.0, 0.55, 0.0, 3.59, 0.0, 2.39, 0.0, 0.0], [-6.24, 0.3, 2.38, -0.35, 102.33, 102.55, 0.0, 1.0], [0.2, 25.0, 0.0, 0.0])
(181565088, [2.0, 0.61, 0.0, 0.55, 0.0, 3.59, 0.0, 2.39, 0.0, 0.0], [-6.24, 0.31, 2.38, -0.35, 102.33, 102.56, 0.0, 1.0], [0.2, 25.0, 0.0, 0.0])
(181666997, [2.0, 0.61, 0.0, 0.55, 0.0, 3.59, 0.0, 2.4, 0.0, 0.0], [-6.29, 0.31, 2.38, -0.35, 102.33, 102.56, 0.0, 1.0], [0.2, 25.0, 0.0, 0.0])
(181766048, [2.0, 0.61, 0.0, 0.55, 0.0, 3.59, 0.0, 2.4, 0.0, 0.0], [-6.27, 0.31, 2.38, -0.35, 102.33, 102.57, 0.0, 1.0], [0.2, 25.0, 0.0, 0.0])
(181868746, [2.0, 0.61, 0.0, 0.55, 0.0, 3.59, 0.0, 2.4, 0.0, 0.0], [-6.27, 0.31, 2.38, -0.36, 102.33, 102.58, 0.0, 1.0], [0.2, 25.0, 0.0, 0.0])
(181973625, [2.0, 0.61, 0.0, 0.55, 0.0, 3.59, 0.0, 2.4, 0.0, 0.0], [-6.26, 0.31, 2.38, -0.36, 102.33, 102.58, 0.0, 1.0], [0.2, 25.0, 0.0, 0.0])
(182075957, [2.0, 0.61, 0.0, 0.55, 0.0, 3.59, 0.0, 2.4, 0.0, 0.0], [-6.26, 0.31, 2.38, -0.36, 102.33, 102.59, 0.0, 1.0], [0.2, 25.0, 0.0, 0.0])
(182179050, [2.0, 0.61, 0.0, 0.55, 0.0, 1.53, 0.0, 2.4, 0.0, 0.0], [-6.26, 0.31, 2.38, -0.36, 102.33, 102.59, 0.0, 1.0], [0.2, 25.0, 0.0, 0.0])
(182286184, [2.0, 0.61, 0.0, 0.55, 0.0, 1.53, 0.0, 2.4, 0.0, 0.0], [-6.26, 0.31, 2.38, -0.36, 102.33, 102.6, 0.0, 1.0], [0.2, 25.0, 0.0, 0.0])
(182388372, [2.0, 0.61, 0.0, 0.55, 0.0, 1.53, 0.0, 2.4, 0.0, 0.0], [-6.26, 0.31, 2.38, -0.36, 102.33, 102.61, 0.0, 1.0], [0.2, 25.0, 0.0, 0.0])
(182492643, [2.0, 0.61, 0.0, 0.55, 0.0, 1.53, 0.0, 2.4, 0.0, 0.0], [-6.26, 0.31, 2.38, -0.36, 102.33, 102.61, 0.0, 1.0], [0.2, 25.0, 0.0, 0.0])
(182599001, [2.0, 0.61, 0.0, 0.55, 0.0, 2.97, 0.0, 2.39, 0.0, 0.0], [-6.21, 0.31, 2.38, -0.36, 102.33, 102.62, 0.0, 1.0], [0.2, 25.0, 0.0, 0.0])
(182704338, [2.0, 0.61, 0.0, 0.55, 0.0, 3.41, 0.0, 2.4, 0.0, 0.0], [-6.27, 0.31, 2.38, -0.36, 102.33, 102.62, 0.0, 1.0], [0.2, 25.0, 0.0, 0.0])
(182805130, [2.0, 0.61, 0.0, 0.55, 0.0, 3.54, 0.0, 2.4, 0.0, 0.0], [-6.27, 0.31, 2.38, -0.36, 102.33, 102.62, 0.0, 1.0], [0.2, 25.0, 0.0, 0.0])
(182911057, [2.0, 0.61, 0.0, 0.55, 0.0, 3.54, 0.0, 2.4, 0.0, 0.0], [-6.27, 0.31, 2.38, -0.36, 102.33, 102.63, 0.0, 1.0], [0.2, 25.0, 0.0, 0.0])
(183016197, [2.0, 0.61, 0.0, 0.55, 0.0, 3.58, 0.0, 2.4, 0.0, 0.0], [-6.26, 0.31, 2.38, -0.36, 102.33, 102.64, 0.0, 1.0], [0.2, 25.0, 0.0, 0.0])
(183118298, [2.0, 0.61, 0.0, 0.55, 0.0, 3.59, 0.0, 2.41, 0.0, 0.0], [-6.32, 0.31, 2.38, -0.36, 102.33, 102.64, 0.0, 1.0], [0.2, 25.0, 0.0, 0.0])
(183218477, [2.0, 0.61, 0.0, 0.55, 0.0, 3.59, 0.0, 2.4, 0.0, 0.0], [-6.25, 0.31, 2.38, -0.36, 102.33, 102.65, 0.0, 1.0], [0.2, 25.0, 0.0, 0.0])
(183317640, [2.0, 0.61, 0.0, 0.55, 0.0, 3.59, 0.0, 2.4, 0.0, 0.0], [-6.25, 0.31, 2.38, -0.36, 102.33, 102.65, 0.0, 1.0], [0.2, 25.0, 0.0, 0.0])
(183418149, [2.0, 0.61, 0.0, 0.55, 0.0, 3.59, 0.0, 2.4, 0.0, 0.0], [-6.26, 0.31, 2.38, -0.37, 102.33, 102.66, 0.0, 1.0], [0.2, 25.0, 0.0, 0.0])
(183518870, [2.0, 0.61, 0.0, 0.55, 0.0, 3.59, 0.0, 2.4, 0.0, 0.0], [-6.26, 0.31, 2.38, -0.37, 102.33, 102.67, 0.0, 1.0], [0.2, 25.0, 0.0, 0.0])
(183621608, [2.0, 0.61, 0.0, 0.55, 0.0, 3.59, 0.0, 2.4, 0.0, 0.0], [-6.26, 0.31, 2.38, -0.37, 102.33, 102.67, 0.0, 1.0], [0.2, 25.0, 0.0, 0.0])
(183726910, [2.0, 0.61, 0.0, 0.55, 0.0, 3.59, 0.0, 2.4, 0.0, 0.0], [-6.26, 0.31, 2.38, -0.38, 102.33, 102.68, 0.0, 1.0], [0.2, 25.0, 0.0, 0.0])
(183826662, [2.0, 0.61, 0.0, 0.55, 0.0, 3.59, 0.0, 2.4, 0.0, 0.0], [-6.26, 0.31, 2.38, -0.38, 102.33, 102.68, 0.0, 1.0], [0.2, 25.0, 0.0, 0.0])
(183926813, [2.0, 0.61, 0.0, 0.55, 0.0, 3.59, 0.0, 2.4, 0.0, 0.0], [-6.26, 0.31, 2.38, -0.38, 102.33, 102.69, 0.0, 1.0], [0.2, 25.0, 0.0, 0.0])
(184027073, [2.0, 0.61, 0.0, 0.55, 0.0, 3.59, 0.0, 2.4, 0.0, 0.0], [-6.26, 0.31, 2.38, -0.38, 102.33, 102.69, 0.0, 1.0], [0.2, 25.0, 0.0, 0.0])
(184131774, [2.0, 0.61, 0.0, 0.55, 0.0, 3.59, 0.0, 2.4, 0.0, 0.0], [-6.26, 0.32, 2.38, -0.38, 102.33, 102.7, 0.0, 1.0], [0.2, 25.0, 0.0, 0.0])
(184244774, [2.0, 0.61, 0.0, 0.55, 0.0, 3.59, 0.0, 2.4, 0.0, 0.0], [-6.26, 0.31, 2.38, -0.39, 102.33, 102.71, 0.0, 1.0], [0.2, 25.0, 0.0, 0.0])
(184344720, [2.0, 0.61, 0.0, 0.55, 0.0, 3.59, 0.0, 2.4, 0.0, 0.0], [-6.26, 0.32, 2.38, -0.39, 102.33, 102.71, 0.0, 1.0], [0.2, 25.0, 0.0, 0.0])
(184452760, [2.0, 0.61, 0.0, 0.55, 0.0, 3.59, 0.0, 2.4, 0.0, 0.0], [-6.26, 0.31, 2.38, -0.39, 102.33, 102.72, 0.0, 1.0], [0.2, 25.0, 0.0, 0.0])
(184556613, [2.0, 0.61, 0.0, 0.55, 0.0, 1.63, 0.0, 2.4, 0.0, 0.0], [-6.26, 0.31, 2.38, -0.39, 102.33, 102.72, 0.0, 1.0], [0.2, 25.0, 0.0, 0.0])
(184657039, [2.0, 0.61, 0.0, 0.55, 0.0, 1.63, 0.0, 2.4, 0.0, 0.0], [-6.26, 0.31, 2.38, -0.39, 102.33, 102.73, 0.0, 1.0], [0.2, 25.0, 0.0, 0.0])
(184760597, [2.0, 0.61, 0.0, 0.55, 0.0, 1.63, 0.0, 2.4, 0.0, 0.0], [-6.26, 0.31, 2.38, -0.39, 102.33, 102.74, 0.0, 1.0], [0.2, 25.0, 0.0, 0.0])
(184866787, [2.0, 0.61, 0.0, 0.55, 0.0, 1.63, 0.0, 2.4, 0.0, 0.0], [-6.26, 0.31, 2.38, -0.39, 102.33, 102.75, 0.0, 1.0], [0.2, 25.0, 0.0, 0.0])
(184966781, [2.0, 0.61, 0.0, 0.55, 0.0, 3.0, 0.0, 2.4, 0.0, 0.0], [-6.26, 0.31, 2.38, -0.4, 102.33, 102.75, 0.0, 1.0], [0.2, 25.0, 0.0, 0.0])
(185066794, [2.0, 0.61, 0.0, 0.55, 0.0, 3.42, 0.0, 2.4, 0.0, 0.0], [-6.26, 0.31, 2.38, -0.39, 102.33, 102.76, 0.0, 1.0], [0.2, 25.0, 0.0, 0.0])
(185167562, [2.0, 0.61, 0.0, 0.55, 0.0, 3.42, 0.0, 2.4, 0.0, 0.0], [-6.26, 0.31, 2.38, -0.39, 102.33, 102.77, 0.0, 1.0], [0.2, 25.0, 0.0, 0.0])
(185271116, [2.0, 0.61, 0.0, 0.55, 0.0, 3.54, 0.0, 2.4, 0.0, 0.0], [-6.26, 0.31, 2.38, -0.39, 102.33, 102.78, 0.0, 1.0], [0.2, 25.0, 0.0, 0.0])
(185370154, [2.0, 0.61, 0.0, 0.55, 0.0, 3.58, 0.0, 2.4, 0.0, 0.0], [-6.26, 0.32, 2.38, -0.39, 102.33, 102.78, 0.0, 1.0], [0.2, 25.0, 0.0, 0.0])
(185483043, [2.0, 0.61, 0.0, 0.55, 0.0, 3.59, 0.0, 2.4, 0.0, 0.0], [-6.26, 0.31, 2.38, -0.39, 102.33, 102.78, 0.0, 1.0], [0.2, 25.0, 0.0, 0.0])
(185582447, [2.0, 0.61, 0.0, 0.55, 0.0, 3.59, 0.0, 2.4, 0.0, 0.0], [-6.26, 0.31, 2.38, -0.39, 102.33, 102.79, 0.0, 1.0], [0.2, 25.0, 0.0, 0.0])
(185682396, [2.0, 0.61, 0.0, 0.55, 0.0, 3.59, 0.0, 2.4, 0.0, 0.0], [-6.26, 0.31, 2.38, -0.39, 102.33, 102.8, 0.0, 1.0], [0.2, 25.0, 0.0, 0.0])
(185790447, [2.0, 0.61, 0.0, 0.55, 0.0, 3.59, 0.0, 2.4, 0.0, 0.0], [-6.26, 0.32, 2.38, -0.39, 102.33, 102.81, 0.0, 1.0], [0.2, 25.0, 0.0, 0.0])
(186112417, [2.0, 0.61, 0.0, 0.55, 0.0, 3.59, 0.0, 2.4, 0.0, 0.0], [-6.26, 0.32, 2.38, -0.4, 102.33, 102.83, 0.0, 1.0], [0.2, 25.0, 0.0, 0.0])
(186224371, [2.0, 0.61, 0.0, 0.55, 0.0, 3.59, 0.0, 2.4, 0.0, 0.0], [-6.26, 0.31, 2.38, -0.4, 102.33, 102.83, 0.0, 1.0], [0.2, 25.0, 0.0, 0.0])
(186326240, [2.0, 0.61, 0.0, 0.55, 0.0, 3.59, 0.0, 2.4, 0.0, 0.0], [-6.26, 0.32, 2.38, -0.4, 102.33, 102.84, 0.0, 1.0], [0.2, 25.0, 0.0, 0.0])
(186432944, [2.0, 0.61, 0.0, 0.55, 0.0, 3.59, 0.0, 2.38, 0.0, 0.0], [-6.19, 0.32, 2.38, -0.4, 102.33, 102.84, 0.0, 1.0], [0.2, 25.0, 0.0, 0.0])
(186536644, [2.0, 0.61, 0.0, 0.55, 0.0, 3.59, 0.0, 2.4, 0.0, 0.0], [-6.28, 0.32, 2.38, -0.4, 102.33, 102.85, 0.0, 1.0], [0.2, 25.0, 0.0, 0.0])
(186644940, [2.0, 0.61, 0.0, 0.55, 0.0, 3.59, 0.0, 2.39, 0.0, 0.0], [-6.22, 0.31, 2.38, -0.4, 102.33, 102.85, 0.0, 1.0], [0.2, 25.0, 0.0, 0.0])
(186747373, [2.0, 0.61, 0.0, 0.55, 0.0, 3.59, 0.0, 2.41, 0.0, 0.0], [-6.32, 0.31, 2.38, -0.4, 102.33, 102.85, 0.0, 1.0], [0.2, 25.0, 0.0, 0.0])
(186846932, [2.0, 0.61, 0.0, 0.55, 0.0, 3.59, 0.0, 2.41, 0.0, 0.0], [-6.3, 0.31, 2.38, -0.4, 102.33, 102.86, 0.0, 1.0], [0.2, 25.0, 0.0, 0.0])
(186947197, [2.0, 0.61, 0.0, 0.55, 0.0, 3.59, 0.0, 2.41, 0.0, 0.0], [-6.29, 0.31, 2.38, -0.41, 102.33, 102.86, 0.0, 1.0], [0.2, 25.0, 0.0, 0.0])
(187050385, [2.0, 0.61, 0.0, 0.55, 0.0, 3.59, 0.0, 2.41, 0.0, 0.0], [-6.29, 0.31, 2.38, -0.41, 102.33, 102.87, 0.0, 1.0], [0.2, 25.0, 0.0, 0.0])
(187148549, [2.0, 0.61, 0.0, 0.55, 0.0, 3.59, 0.0, 2.4, 0.0, 0.0], [-5.92, 0.31, 2.12, -0.41, 102.33, 102.87, 0.0, 1.0], [0.2, 25.0, 0.0, 0.0])
(187248527, [2.0, 0.61, 0.0, 0.55, 0.0, 3.59, 0.0, 2.39, 0.0, 0.0], [-2.97, 0.31, 1.04, -0.41, 102.33, 102.88, 0.0, 1.0], [0.2, 25.0, 0.0, 0.0])
(187348484, [2.0, 0.61, 0.0, 0.55, 0.0, 3.59, 0.0, 2.4, 0.0, 0.0], [-1.46, 0.31, 0.51, -0.41, 102.33, 102.88, 0.0, 1.0], [0.2, 25.0, 0.0, 0.0])
(187448485, [2.0, 0.61, 0.0, 0.55, 0.0, 3.59, 0.0, 2.4, 0.0, 0.0], [-0.72, 0.31, 0.25, -0.41, 102.33, 102.89, 0.0, 1.0], [0.2, 25.0, 0.0, 0.0])
(187548638, [2.0, 0.61, 0.0, 0.55, 0.0, 3.59, 0.0, 2.4, 0.0, 0.0], [-0.35, 0.32, 0.12, -0.41, 102.33, 102.9, 0.0, 1.0], [0.2, 25.0, 0.0, 0.0])
(187649059, [2.0, 0.61, 0.0, 0.55, 0.0, 3.59, 0.0, 2.4, 0.0, 0.0], [-0.17, 0.31, 0.06, -0.41, 102.33, 102.9, 0.0, 1.0], [0.2, 25.0, 0.0, 0.0])
(187748620, [2.0, 0.61, 0.0, 0.55, 0.0, 3.59, 0.0, 2.4, 0.0, 0.0], [-0.08, 0.32, 0.03, -0.41, 102.33, 102.91, 0.0, 1.0], [0.2, 25.0, 0.0, 0.0])
(187848676, [2.0, 0.61, 0.0, 0.55, 0.0, 3.59, 0.0, 2.4, 0.0, 0.0], [-0.04, 0.32, 0.01, -0.42, 102.33, 102.91, 0.0, 1.0], [0.2, 25.0, 0.0, 0.0])
(187948524, [2.0, 0.61, 0.0, 0.55, 0.0, 3.59, 0.0, 2.4, 0.0, 0.0], [-0.02, 0.31, 0.0, -0.41, 102.33, 102.91, 0.0, 1.0], [0.2, 25.0, 0.0, 0.0])
(188048539, [2.0, 0.61, 0.0, 0.55, 0.0, 3.59, 0.0, 2.4, 0.0, 0.0], [-0.01, 0.31, 0.0, -0.42, 102.33, 102.92, 0.0, 1.0], [0.2, 25.0, 0.0, 0.0])
(188148519, [2.0, 0.61, 0.0, 0.55, 0.0, 3.59, 0.0, 2.4, 0.0, 0.0], [0.0, 0.31, 0.0, -0.42, 102.33, 102.92, 0.0, 1.0], [0.2, 25.0, 0.0, 0.0])
(188248488, [2.0, 0.61, 0.0, 0.55, 0.0, 3.59, 0.0, 2.4, 0.0, 0.0], [0.0, 0.31, 0.0, -0.41, 102.33, 102.93, 0.0, 1.0], [0.2, 25.0, 0.0, 0.0])
(188349412, [2.0, 0.61, 0.0, 0.55, 0.0, 3.59, 0.0, 2.4, 0.0, 0.0], [0.0, 0.31, 0.0, -0.42, 102.33, 102.93, 0.0, 1.0], [0.2, 25.0, 0.0, 0.0])
(188448549, [2.0, 0.61, 0.0, 0.55, 0.0, 3.59, 0.0, 2.4, 0.0, 0.0], [0.0, 0.31, 0.0, -0.42, 102.33, 102.94, 0.0, 1.0], [0.2, 25.0, 0.0, 0.0])
(188548731, [2.0, 0.61, 0.0, 0.55, 0.0, 3.59, 0.0, 2.41, 0.0, 0.0], [0.0, 0.31, 0.0, -0.42, 102.33, 102.94, 0.0, 1.0], [0.2, 25.0, 0.0, 0.0])
(188648533, [2.0, 0.61, 0.0, 0.55, 0.0, 3.59, 0.0, 2.41, 0.0, 0.0], [0.0, 0.31, 0.0, -0.42, 102.33, 102.95, 0.0, 1.0], [0.2, 25.0, 0.0, 0.0])
(188748592, [2.0, 0.61, 0.0, 0.55, 0.0, 3.59, 0.0, 2.4, 0.0, 0.0], [0.0, 0.31, 0.0, -0.41, 102.33, 102.95, 0.0, 1.0], [0.2, 25.0, 0.0, 0.0])
(188848919, [2.0, 0.61, 0.0, 0.55, 0.0, 3.59, 0.0, 2.4, 0.0, 0.0], [0.0, 0.31, 0.0, -0.41, 102.33, 102.96, 0.0, 1.0], [0.2, 25.0, 0.0, 0.0])
(188948555, [2.0, 0.61, 0.0, 0.55, 0.0, 3.59, 0.0, 2.4, 0.0, 0.0], [0.0, 0.31, 0.0, -0.42, 102.33, 102.96, 0.0, 1.0], [0.2, 25.0, 0.0, 0.0])
(189048604, [2.0, 0.61, 0.0, 0.55, 0.0, 3.59, 0.0, 2.4, 0.0, 0.0], [0.0, 0.31, 0.0, -0.42, 102.33, 102.97, 0.0, 1.0], [0.2, 25.0, 0.0, 0.0])
(189148555, [2.0, 0.61, 0.0, 0.55, 0.0, 3.59, 0.0, 2.38, 0.0, 0.0], [0.0, 0.3, 0.0, -0.41, 102.33, 102.97, 0.0, 1.0], [0.2, 25.0, 0.0, 0.0])
(189248577, [2.0, 0.61, 0.0, 0.55, 0.0, 1.54, 0.0, 2.4, 0.0, 0.0], [0.0, 0.31, 0.0, -0.41, 102.33, 102.98, 0.0, 1.0], [0.2, 25.0, 0.0, 0.0])
(189348516, [2.0, 0.61, 0.0, 0.55, 0.0, 1.54, 0.0, 2.4, 0.0, 0.0], [0.0, 0.31, 0.0, -0.41, 102.33, 102.98, 0.0, 1.0], [0.2, 25.0, 0.0, 0.0])
(189448485, [2.0, 0.61, 0.0, 0.55, 0.0, 1.54, 0.0, 2.38, 0.0, 0.0], [0.0, 0.31, 0.0, -0.42, 102.33, 102.98, 0.0, 1.0], [0.2, 25.0, 0.0, 0.0])
(189548943, [2.0, 0.61, 0.0, 0.55, 0.0, 1.54, 0.0, 2.38, 0.0, 0.0], [0.0, 0.31, 0.0, -0.42, 102.33, 102.99, 0.0, 1.0], [0.2, 25.0, 0.0, 0.0])
(189648515, [2.0, 0.61, 0.0, 0.55, 0.0, 2.98, 0.0, 2.38, 0.0, 0.0], [0.0, 0.31, 0.0, -0.42, 102.33, 103.0, 0.0, 1.0], [0.2, 25.0, 0.0, 0.0])
