(49761053, [2.0, 0.58, 0.0, 3.59, 0.0, 3.59, 0.0, 2.39, 0.0, 0.0], [0.0, 0.54, 0.0, -0.49, 359.36, 359.38, 0.0, 1.0], [0.2, 25.0, 0.0, 0.0])
(49861107, [1.0, 0.58, 0.0, 3.59, 0.0, 3.59, 0.0, 2.39, 0.0, 0.0], [0.0, 0.54, 0.0, -0.49, 359.36, 359.38, 0.0, 1.0], [0.2, 25.0, 0.0, 0.0])
(49961039, [1.0, 0.58, 0.0, 3.59, 0.0, 3.59, 0.0, 2.39, 0.0, 0.0], [0.0, 0.53, 0.0, -0.49, 359.36, 359.38, 0.0, 1.0], [0.2, 25.0, 0.0, 0.0])
(50060998, [1.0, 0.58, 0.0, 3.59, 0.0, 3.59, 0.0, 2.39, 0.0, 0.0], [0.0, 0.53, 0.0, -0.49, 359.36, 359.38, 0.0, 1.0], [0.2, 25.0, 0.0, 0.0])
(50161049, [2.0, 0.58, 0.0, 3.59, 0.0, 3.59, 0.0, 2.38, 0.0, 0.0], [0.0, 0.53, 0.0, -0.48, 359.36, 359.38, 0.0, 1.0], [0.2, 25.0, 0.0, 0.0])
(50260983, [2.0, 0.58, 0.0, 3.59, 0.0, 3.59, 0.0, 2.38, 0.0, 0.0], [0.0, 0.53, 0.0, -0.48, 359.36, 359.38, 0.0, 1.0], [0.2, 25.0, 0.0, 0.0])
(50361045, [1.0, 0.58, 0.0, 3.59, 0.0, 3.59, 0.0, 2.38, 0.0, 0.0], [0.0, 0.53, 0.0, -0.48, 359.36, 359.38, 0.0, 1.0], [0.2, 25.0, 0.0, 0.0])
(50461039, [1.0, 0.58, 0.0, 3.59, 0.0, 3.59, 0.0, 2.38, 0.0, 0.0], [0.0, 0.53, 0.0, -0.48, 359.36, 359.38, 0.0, 1.0], [0.2, 25.0, 0.0, 0.0])
(50561045, [1.0, 0.58, 0.0, 3.59, 0.0, 3.59, 0.0, 2.38, 0.0, 0.0], [0.0, 0.53, 0.0, -0.48, 359.36, 359.38, 0.0, 1.0], [0.2, 25.0, 0.0, 0.0])
(50660779, [2.0, 0.58, 0.0, 3.59, 0.0, 3.59, 0.0, 2.38, 0.0, 0.0], [0.0, 0.53, 0.0, -0.48, 359.35, 359.37, 0.0, 1.0], [0.2, 25.0, 0.0, 0.0])
(50760813, [2.0, 0.58, 0.0, 3.59, 0.0, 3.59, 0.0, 2.38, 0.0, 0.0], [0.0, 0.53, 0.0, -0.48, 359.35, 359.37, 0.0, 1.0], [0.2, 25.0, 0.0, 0.0])
(50861145, [1.0, 0.58, 0.0, 3.59, 0.0, 3.59, 0.0, 2.38, 0.0, 0.0], [0.0, 0.53, 0.0, -0.48, 359.35, 359.37, 0.0, 1.0], [0.2, 25.0, 0.0, 0.0])
(50961017, [1.0, 0.58, 0.0, 3.59, 0.0, 3.59, 0.0, 2.38, 0.0, 0.0], [0.0, 0.53, 0.0, -0.49, 359.34, 359.36, 0.0, 1.0], [0.2, 25.0, 0.0, 0.0])
(51060870, [1.0, 0.58, 0.0, 3.59, 0.0, 3.59, 0.0, 2.38, 0.0, 0.0], [0.0, 0.53, 0.0, -0.49, 359.34, 359.36, 0.0, 1.0], [0.2, 25.0, 0.0, 0.0])
(51160962, [2.0, 0.58, 0.0, 3.59, 0.0, 3.59, 0.0, 2.38, 0.0, 0.0], [0.0, 0.53, 0.0, -0.49, 359.34, 359.36, 0.0, 1.0], [0.2, 25.0, 0.0, 0.0])
(51261004, [2.0, 0.58, 0.0, 3.59, 0.0, 3.59, 0.0, 2.38, 0.0, 0.0], [0.0, 0.52, 0.0, -0.48, 359.34, 359.36, 0.0, 1.0], [0.2, 25.0, 0.0, 0.0])
(51360958, [1.0, 0.58, 0.0, 3.59, 0.0, 3.59, 0.0, 2.38, 0.0, 0.0], [0.0, 0.52, 0.0, -0.48, 359.34, 359.36, 0.0, 1.0], [0.2, 25.0, 0.0, 0.0])
(51460826, [1.0, 0.58, 0.0, 3.59, 0.0, 3.59, 0.0, 2.38, 0.0, 0.0], [0.0, 0.52, 0.0, -0.48, 359.34, 359.36, 0.0, 1.0], [0.2, 25.0, 0.0, 0.0])
(51561000, [1.0, 0.58, 0.0, 3.59, 0.0, 3.59, 0.0, 2.38, 0.0, 0.0], [0.0, 0.52, 0.0, -0.48, 359.34, 359.36, 0.0, 1.0], [0.2, 25.0, 0.0, 0.0])
(51661044, [2.0, 0.58, 0.0, 3.59, 0.0, 3.59, 0.0, 2.38, 0.0, 0.0], [0.0, 0.52, 0.0, -0.48, 359.34, 359.36, 0.0, 1.0], [0.2, 25.0, 0.0, 0.0])
(51761026, [2.0, 0.58, 0.0, 3.59, 0.0, 3.59, 0.0, 2.38, 0.0, 0.0], [0.0, 0.52, 0.0, -0.49, 359.33, 359.35, 0.0, 1.0], [0.2, 25.0, 0.0, 0.0])
(51861143, [1.0, 0.58, 0.0, 3.59, 0.0, 3.59, 0.0, 2.38, 0.0, 0.0], [0.0, 0.52, 0.0, -0.49, 359.33, 359.35, 0.0, 1.0], [0.2, 25.0, 0.0, 0.0])
(51961028, [1.0, 0.58, 0.0, 3.59, 0.0, 3.59, 0.0, 2.38, 0.0, 0.0], [0.0, 0.52, 0.0, -0.48, 359.32, 359.34, 0.0, 1.0], [0.2, 25.0, 0.0, 0.0])
(52061102, [1.0, 0.58, 0.0, 3.59, 0.0, 3.59, 0.0, 2.38, 0.0, 0.0], [0.0, 0.51, 0.0, -0.46, 359.32, 359.34, 0.0, 1.0], [0.2, 25.0, 0.0, 0.0])
(52161182, [2.0, 0.58, 0.0, 3.59, 0.0, 3.59, 0.0, 2.38, 0.0, 0.0], [0.0, 0.52, 0.0, -0.46, 359.32, 359.34, 0.0, 1.0], [0.2, 25.0, 0.0, 0.0])
(52261035, [2.0, 0.58, 0.0, 3.59, 0.0, 3.59, 0.0, 2.38, 0.0, 0.0], [0.0, 0.51, 0.0, -0.46, 359.32, 359.34, 0.0, 1.0], [0.2, 25.0, 0.0, 0.0])
(52361091, [1.0, 0.58, 0.0, 3.59, 0.0, 3.59, 0.0, 2.38, 0.0, 0.0], [0.0, 0.52, 0.0, -0.45, 359.31, 359.33, 0.0, 1.0], [0.2, 25.0, 0.0, 0.0])
(52460908, [1.0, 0.58, 0.0, 3.59, 0.0, 3.59, 0.0, 2.38, 0.0, 0.0], [0.0, 0.51, 0.0, -0.44, 359.31, 359.33, 0.0, 1.0], [0.2, 25.0, 0.0, 0.0])
(52561019, [1.0, 0.58, 0.0, 3.59, 0.0, 3.59, 0.0, 2.38, 0.0, 0.0], [0.0, 0.5, 0.0, -0.44, 359.31, 359.33, 0.0, 1.0], [0.2, 25.0, 0.0, 0.0])
(52660954, [2.0, 0.58, 0.0, 3.59, 0.0, 3.59, 0.0, 2.38, 0.0, 0.0], [0.0, 0.5, 0.0, -0.45, 359.32, 359.34, 0.0, 1.0], [0.2, 25.0, 0.0, 0.0])
(52760861, [2.0, 0.58, 0.0, 3.59, 0.0, 3.59, 0.0, 2.38, 0.0, 0.0], [0.0, 0.49, 0.0, -0.43, 359.31, 359.33, 0.0, 1.0], [0.2, 25.0, 0.0, 0.0])
(52861094, [1.0, 0.58, 0.0, 3.59, 0.0, 3.59, 0.0, 2.38, 0.0, 0.0], [0.0, 0.5, 0.0, -0.43, 359.31, 359.33, 0.0, 1.0], [0.2, 25.0, 0.0, 0.0])
(52961084, [1.0, 0.58, 0.0, 3.59, 0.0, 3.59, 0.0, 2.38, 0.0, 0.0], [0.0, 0.5, 0.0, -0.42, 359.31, 359.32, 0.0, 1.0], [0.2, 25.0, 0.0, 0.0])
(53060807, [1.0, 0.58, 0.0, 3.59, 0.0, 3.59, 0.0, 2.38, 0.0, 0.0], [0.0, 0.5, 0.0, -0.42, 359.31, 359.33, 0.0, 1.0], [0.2, 25.0, 0.0, 0.0])
(53160903, [2.0, 0.58, 0.0, 3.59, 0.0, 3.59, 0.0, 2.38, 0.0, 0.0], [0.0, 0.5, 0.0, -0.41, 359.31, 359.33, 0.0, 1.0], [0.2, 25.0, 0.0, 0.0])
(53261013, [2.0, 0.58, 0.0, 3.59, 0.0, 3.59, 0.0, 2.38, 0.0, 0.0], [0.0, 0.5, 0.0, -0.42, 359.31, 359.33, 0.0, 1.0], [0.2, 25.0, 0.0, 0.0])
(53361151, [1.0, 0.58, 0.0, 3.59, 0.0, 3.59, 0.0, 2.38, 0.0, 0.0], [0.0, 0.5, 0.0, -0.42, 359.3, 359.32, 0.0, 1.0], [0.2, 25.0, 0.0, 0.0])
(53460979, [1.0, 0.58, 0.0, 3.59, 0.0, 3.59, 0.0, 2.38, 0.0, 0.0], [0.0, 0.51, 0.0, -0.42, 359.31, 359.33, 0.0, 1.0], [0.2, 25.0, 0.0, 0.0])
(53561084, [1.0, 0.58, 0.0, 3.59, 0.0, 3.59, 0.0, 2.38, 0.0, 0.0], [0.0, 0.5, 0.0, -0.43, 359.31, 359.33, 0.0, 1.0], [0.2, 25.0, 0.0, 0.0])
(53661031, [2.0, 0.58, 0.0, 3.59, 0.0, 3.59, 0.0, 2.38, 0.0, 0.0], [0.0, 0.5, 0.0, -0.42, 359.31, 359.33, 0.0, 1.0], [0.2, 25.0, 0.0, 0.0])
(53760982, [2.0, 0.58, 0.0, 3.59, 0.0, 3.59, 0.0, 2.38, 0.0, 0.0], [0.0, 0.51, 0.0, -0.43, 359.3, 359.32, 0.0, 1.0], [0.2, 25.0, 0.0, 0.0])
(53861120, [1.0, 0.58, 0.0, 3.59, 0.0, 3.59, 0.0, 2.38, 0.0, 0.0], [0.0, 0.52, 0.0, -0.42, 359.31, 359.33, 0.0, 1.0], [0.2, 25.0, 0.0, 0.0])
(53960945, [1.0, 0.58, 0.0, 3.59, 0.0, 3.59, 0.0, 2.38, 0.0, 0.0], [0.0, 0.51, 0.0, -0.43, 359.32, 359.34, 0.0, 1.0], [0.2, 25.0, 0.0, 0.0])
(54060978, [1.0, 0.58, 0.0, 3.59, 0.0, 3.59, 0.0, 2.38, 0.0, 0.0], [0.0, 0.51, 0.0, -0.43, 359.31, 359.33, 0.0, 1.0], [0.2, 25.0, 0.0, 0.0])
(54160850, [2.0, 0.58, 0.0, 3.59, 0.0, 3.59, 0.0, 2.37, 0.0, 0.0], [0.0, 0.52, 0.0, -0.43, 359.31, 359.33, 0.0, 1.0], [0.2, 25.0, 0.0, 0.0])
(54260980, [2.0, 0.58, 0.0, 3.59, 0.0, 3.59, 0.0, 2.37, 0.0, 0.0], [0.0, 0.52, 0.0, -0.42, 359.31, 359.33, 0.0, 1.0], [0.2, 25.0, 0.0, 0.0])
(54360885, [2.0, 0.58, 0.0, 3.59, 0.0, 3.59, 0.0, 2.37, 0.0, 0.0], [0.0, 0.53, 0.0, -0.42, 359.32, 359.34, 0.0, 1.0], [0.2, 25.0, 0.0, 0.0])
(54460811, [1.0, 0.58, 0.0, 3.59, 0.0, 3.59, 0.0, 2.37, 0.0, 0.0], [0.0, 0.52, 0.0, -0.43, 359.3, 359.32, 0.0, 1.0], [0.2, 25.0, 0.0, 0.0])
(54561056, [1.0, 0.58, 0.0, 3.59, 0.0, 3.59, 0.0, 2.37, 0.0, 0.0], [0.0, 0.53, 0.0, -0.43, 359.31, 359.33, 0.0, 1.0], [0.2, 25.0, 0.0, 0.0])
(54660906, [1.0, 0.58, 0.0, 3.59, 0.0, 3.59, 0.0, 2.37, 0.0, 0.0], [0.0, 0.52, 0.0, -0.46, 359.31, 359.31, 0.0, 1.0], [0.2, 25.0, 0.0, 0.0])
(54760794, [2.0, 0.58, 0.0, 3.59, 0.0, 3.59, 0.0, 2.37, 0.0, 0.0], [0.0, 0.48, 0.0, -0.43, 359.31, 359.31, 0.0, 1.0], [0.2, 25.0, 0.0, 0.0])
(54861391, [2.0, 0.58, 0.0, 3.59, 0.0, 3.59, 0.0, 2.37, 0.0, 0.0], [0.0, 0.49, 0.0, -0.44, 359.31, 359.33, 0.0, 1.0], [0.2, 25.0, 0.0, 0.0])
(54961027, [1.0, 0.58, 0.0, 3.59, 0.0, 3.59, 0.0, 2.37, 0.0, 0.0], [0.0, 0.5, 0.0, -0.45, 359.31, 359.32, 0.0, 1.0], [0.2, 25.0, 0.0, 0.0])
(55060980, [1.0, 0.58, 0.0, 3.59, 0.0, 3.59, 0.0, 2.37, 0.0, 0.0], [0.0, 0.26, 0.0, -1.71, 359.31, 359.41, 0.0, 1.0], [0.2, 25.0, 0.0, 0.0])
(55161235, [1.0, 0.58, 0.0, 3.59, 0.0, 3.59, 0.0, 2.37, 0.0, 0.0], [-1.38, -1.26, 0.14, -3.98, 359.31, 359.86, 0.0, 1.0], [0.2, 25.0, 0.0, 0.0])
(55262507, [2.0, 0.57, 0.0, 3.59, 0.0, 3.59, 0.0, 2.36, 0.0, 0.0], [-2.62, -4.37, 1.27, -4.63, 359.31, 0.48, 0.01, 1.0], [0.2, 25.0, 0.0, 0.0])
(55361645, [2.0, 0.57, 0.0, 3.59, 0.0, 3.59, 0.0, 2.36, 0.0, 0.0], [-3.28, -5.09, 2.29, -3.58, 359.31, 1.09, 0.01, 1.0], [0.2, 25.0, 0.0, 0.0])
(55468880, [1.0, 0.57, 0.0, 3.59, 0.0, 3.59, 0.0, 2.36, 0.0, 0.0], [-3.6, -4.4, 2.78, -2.31, 359.31, 1.58, 0.03, 1.0], [0.2, 25.0, 0.0, 0.0])
(55572433, [1.0, 0.57, 0.0, 3.59, 0.0, 3.59, 0.0, 2.36, 0.0, 0.0], [-3.76, -3.74, 1.57, -2.64, 359.31, 1.91, 0.03, 1.0], [0.2, 25.0, 0.0, 0.0])
(55671496, [1.0, 0.57, 0.0, 3.59, 0.0, 3.59, 0.0, 2.36, 0.0, 0.0], [-3.84, -3.78, 0.94, -3.77, 359.31, 2.01, 0.04, 1.0], [0.2, 25.0, 0.0, 0.0])
(55771720, [1.0, 0.57, 0.0, 3.59, 0.0, 3.59, 0.0, 2.36, 0.0, 0.0], [-3.88, -4.17, 0.64, -4.14, 359.31, 1.97, 0.04, 1.0], [0.2, 25.0, 0.0, 0.0])
(55874233, [2.0, 0.57, 0.0, 3.59, 0.0, 3.59, 0.0, 2.36, 0.0, 0.0], [-3.9, -4.85, 1.77, -3.78, 359.31, 1.82, 0.05, 1.0], [0.2, 25.0, 0.0, 0.0])
(55974462, [2.0, 0.57, 0.0, 3.59, 0.0, 3.59, 0.0, 2.36, 0.0, 0.0], [-3.91, -5.17, 2.56, -2.16, 359.31, 1.58, 0.05, 1.0], [0.21, 25.0, 0.0, 0.0])
(56077389, [1.0, 0.57, 0.0, 3.59, 0.0, 3.59, 0.0, 2.36, 0.0, 0.0], [-3.91, -4.51, 1.67, -2.34, 359.31, 8.17, 0.05, 1.0], [0.25, 25.0, 0.0, 0.0])
(56180332, [1.0, 0.57, 0.0, 3.59, 0.0, 3.59, 0.0, 2.36, 0.0, 0.0], [-3.91, -5.34, 0.98, -6.02, 359.31, 11.0, 0.05, 1.0], [0.2, 25.0, 0.0, 0.0])
(136693401, [1.0, 0.69, 0.0, 3.59, 0.0, 3.59, 0.0, 2.6, 0.0, 0.0], [0.0, -0.18, 0.0, -0.53, 354.77, 354.77, 0.0, 1.0], [0.2, 25.0, 0.0, 0.0])
(136793388, [1.0, 0.69, 0.0, 3.59, 0.0, 3.59, 0.0, 2.6, 0.0, 0.0], [0.0, -0.18, 0.0, -0.53, 354.76, 354.76, 0.0, 1.0], [0.2, 25.0, 0.0, 0.0])
(136893772, [2.0, 0.69, 0.0, 3.59, 0.0, 3.59, 0.0, 2.6, 0.0, 0.0], [0.0, -0.18, 0.0, -0.53, 354.75, 354.76, 0.0, 1.0], [0.2, 25.0, 0.0, 0.0])
(136993368, [2.0, 0.69, 0.0, 3.59, 0.0, 3.59, 0.0, 2.6, 0.0, 0.0], [0.0, -0.18, 0.0, -0.53, 354.74, 354.75, 0.0, 1.0], [0.2, 25.0, 0.0, 0.0])
(137093380, [1.0, 0.69, 0.0, 3.59, 0.0, 3.59, 0.0, 2.6, 0.0, 0.0], [0.0, -0.18, 0.0, -0.53, 354.73, 354.74, 0.0, 1.0], [0.2, 25.0, 0.0, 0.0])
(137193370, [1.0, 0.69, 0.0, 3.59, 0.0, 3.59, 0.0, 2.6, 0.0, 0.0], [0.0, -0.18, 0.0, -0.53, 354.72, 354.73, 0.0, 1.0], [0.2, 25.0, 0.0, 0.0])
(137293159, [1.0, 0.69, 0.0, 3.59, 0.0, 3.59, 0.0, 2.6, 0.0, 0.0], [0.0, -0.18, 0.0, -0.53, 354.71, 354.72, 0.0, 1.0], [0.2, 25.0, 0.0, 0.0])
(137393445, [2.0, 0.69, 0.0, 3.59, 0.0, 3.59, 0.0, 2.6, 0.0, 0.0], [0.0, -0.18, 0.0, -0.53, 354.71, 354.71, 0.0, 1.0], [0.2, 25.0, 0.0, 0.0])
(137493161, [2.0, 0.69, 0.0, 3.59, 0.0, 3.59, 0.0, 2.6, 0.0, 0.0], [0.0, -0.18, 0.0, -0.53, 354.7, 354.7, 0.0, 1.0], [0.2, 25.0, 0.0, 0.0])
(137593620, [1.0, 0.69, 0.0, 3.59, 0.0, 3.59, 0.0, 2.6, 0.0, 0.0], [0.0, -0.18, 0.0, -0.54, 354.69, 354.7, 0.0, 1.0], [0.2, 25.0, 0.0, 0.0])
(137693327, [1.0, 0.69, 0.0, 3.59, 0.0, 3.59, 0.0, 2.6, 0.0, 0.0], [0.0, -0.18, 0.0, -0.54, 354.68, 354.69, 0.0, 1.0], [0.2, 25.0, 0.0, 0.0])
(137793144, [1.0, 0.69, 0.0, 3.59, 0.0, 3.59, 0.0, 2.6, 0.0, 0.0], [0.0, -0.18, 0.0, -0.53, 354.68, 354.68, 0.0, 1.0], [0.2, 25.0, 0.0, 0.0])
(137893391, [2.0, 0.69, 0.0, 3.59, 0.0, 3.59, 0.0, 2.6, 0.0, 0.0], [0.0, -0.18, 0.0, -0.53, 354.67, 354.68, 0.0, 1.0], [0.2, 25.0, 0.0, 0.0])
(137993361, [2.0, 0.69, 0.0, 3.59, 0.0, 3.59, 0.0, 2.6, 0.0, 0.0], [0.0, -0.18, 0.0, -0.53, 354.66, 354.67, 0.0, 1.0], [0.2, 25.0, 0.0, 0.0])
(138093335, [1.0, 0.69, 0.0, 3.59, 0.0, 3.59, 0.0, 2.6, 0.0, 0.0], [0.0, -0.18, 0.0, -0.53, 354.65, 354.66, 0.0, 1.0], [0.2, 25.0, 0.0, 0.0])
(138193308, [1.0, 0.69, 0.0, 3.59, 0.0, 3.59, 0.0, 2.6, 0.0, 0.0], [0.0, -0.18, 0.0, -0.53, 354.65, 354.65, 0.0, 1.0], [0.2, 25.0, 0.0, 0.0])
(138293297, [1.0, 0.69, 0.0, 3.59, 0.0, 3.59, 0.0, 2.6, 0.0, 0.0], [0.0, -0.18, 0.0, -0.53, 354.64, 354.65, 0.0, 1.0], [0.2, 25.0, 0.0, 0.0])
(138393436, [2.0, 0.69, 0.0, 3.59, 0.0, 3.59, 0.0, 2.6, 0.0, 0.0], [0.0, -0.18, 0.0, -0.52, 354.63, 354.64, 0.0, 1.0], [0.2, 25.0, 0.0, 0.0])
(138493283, [2.0, 0.69, 0.0, 3.59, 0.0, 3.59, 0.0, 2.6, 0.0, 0.0], [0.0, -0.18, 0.0, -0.52, 354.62, 354.63, 0.0, 1.0], [0.2, 25.0, 0.0, 0.0])
(138593215, [1.0, 0.69, 0.0, 3.59, 0.0, 3.59, 0.0, 2.6, 0.0, 0.0], [0.0, -0.19, 0.0, -0.53, 354.61, 354.62, 0.0, 1.0], [0.2, 25.0, 0.0, 0.0])
(138693303, [1.0, 0.69, 0.0, 3.59, 0.0, 3.59, 0.0, 2.6, 0.0, 0.0], [0.0, -0.19, 0.0, -0.53, 354.61, 354.62, 0.0, 1.0], [0.2, 25.0, 0.0, 0.0])
(138793178, [1.0, 0.69, 0.0, 3.59, 0.0, 3.59, 0.0, 2.6, 0.0, 0.0], [0.0, -0.19, 0.0, -0.53, 354.6, 354.61, 0.0, 1.0], [0.2, 25.0, 0.0, 0.0])
(138893274, [2.0, 0.69, 0.0, 3.59, 0.0, 3.59, 0.0, 3.3, 0.0, 0.0], [0.0, -0.19, 0.0, -0.52, 354.59, 354.6, 0.0, 1.0], [0.2, 25.0, 0.0, 0.0])
(138993591, [2.0, 0.69, 0.0, 3.59, 0.0, 3.59, 0.0, 3.3, 0.0, 0.0], [0.0, -0.19, 0.0, -0.52, 354.58, 354.59, 0.0, 1.0], [0.2, 25.0, 0.0, 0.0])
(139093653, [1.0, 0.69, 0.0, 3.59, 0.0, 3.59, 0.0, 3.3, 0.0, 0.0], [0.0, -0.19, 0.0, -0.54, 354.58, 354.59, 0.0, 1.0], [0.2, 25.0, 0.0, 0.0])
(139193200, [1.0, 0.69, 0.0, 3.59, 0.0, 3.59, 0.0, 3.3, 0.0, 0.0], [0.0, -0.18, 0.0, -0.55, 354.58, 354.58, 0.0, 1.0], [0.2, 25.0, 0.0, 0.0])
(139293156, [1.0, 0.69, 0.0, 3.59, 0.0, 3.59, 0.0, 3.3, 0.0, 0.0], [0.0, -0.17, 0.0, -0.56, 354.53, 354.54, 0.0, 1.0], [0.2, 25.0, 0.0, 0.0])
(139393605, [2.0, 0.69, 0.0, 3.59, 0.0, 3.59, 0.0, 3.3, 0.0, 0.0], [0.0, -0.18, 0.0, -0.55, 354.55, 354.56, 0.0, 1.0], [0.2, 25.0, 0.0, 0.0])
(139493188, [2.0, 0.69, 0.0, 3.59, 0.0, 3.59, 0.0, 3.3, 0.0, 0.0], [0.0, -0.18, 0.0, -0.55, 354.54, 354.54, 0.0, 1.0], [0.2, 25.0, 0.0, 0.0])
(139593627, [1.0, 0.69, 0.0, 3.59, 0.0, 3.59, 0.0, 3.3, 0.0, 0.0], [0.0, -0.17, 0.0, -0.55, 354.5, 354.51, 0.0, 1.0], [0.2, 25.0, 0.0, 0.0])
(139693318, [1.0, 0.69, 0.0, 3.59, 0.0, 3.59, 0.0, 3.3, 0.0, 0.0], [0.0, -0.18, 0.0, -0.54, 354.51, 354.52, 0.0, 1.0], [0.2, 25.0, 0.0, 0.0])
(139793394, [1.0, 0.69, 0.0, 3.59, 0.0, 3.59, 0.0, 3.3, 0.0, 0.0], [0.0, -0.2, 0.0, -0.54, 354.5, 354.51, 0.0, 1.0], [0.2, 25.0, 0.0, 0.0])
(139893677, [2.0, 0.69, 0.0, 3.59, 0.0, 3.59, 0.0, 2.81, 0.0, 0.0], [0.0, -0.2, 0.0, -0.55, 354.5, 354.51, 0.0, 1.0], [0.2, 25.0, 0.0, 0.0])
(139993300, [2.0, 0.69, 0.0, 3.59, 0.0, 3.59, 0.0, 2.81, 0.0, 0.0], [0.0, -0.19, 0.0, -0.55, 354.5, 354.51, 0.0, 1.0], [0.2, 25.0, 0.0, 0.0])
(140093311, [1.0, 0.69, 0.0, 3.59, 0.0, 3.59, 0.0, 2.81, 0.0, 0.0], [0.0, -0.19, 0.0, -0.55, 354.48, 354.49, 0.0, 1.0], [0.2, 25.0, 0.0, 0.0])
(140193926, [1.0, 0.69, 0.0, 3.59, 0.0, 3.59, 0.0, 2.81, 0.0, 0.0], [0.0, -0.19, 0.0, -0.55, 354.48, 354.49, 0.0, 1.0], [0.2, 25.0, 0.0, 0.0])
(140293176, [1.0, 0.69, 0.0, 3.59, 0.0, 3.59, 0.0, 2.81, 0.0, 0.0], [0.0, -0.18, 0.0, -0.55, 354.47, 354.47, 0.0, 1.0], [0.2, 25.0, 0.0, 0.0])
(140393400, [2.0, 0.69, 0.0, 3.59, 0.0, 3.59, 0.0, 2.81, 0.0, 0.0], [0.0, -0.18, 0.0, -0.56, 354.46, 354.47, 0.0, 1.0], [0.2, 25.0, 0.0, 0.0])
(140493147, [2.0, 0.69, 0.0, 3.59, 0.0, 3.59, 0.0, 2.81, 0.0, 0.0], [0.0, -0.18, 0.0, -0.56, 354.46, 354.47, 0.0, 1.0], [0.2, 25.0, 0.0, 0.0])
(140593151, [1.0, 0.69, 0.0, 3.59, 0.0, 3.59, 0.0, 2.81, 0.0, 0.0], [0.0, -0.19, 0.0, -0.56, 354.45, 354.45, 0.0, 1.0], [0.2, 25.0, 0.0, 0.0])
(140693313, [1.0, 0.69, 0.0, 3.59, 0.0, 3.59, 0.0, 2.81, 0.0, 0.0], [0.0, -0.18, 0.0, -0.55, 354.44, 354.45, 0.0, 1.0], [0.2, 25.0, 0.0, 0.0])
(140793214, [1.0, 0.69, 0.0, 3.59, 0.0, 3.59, 0.0, 2.81, 0.0, 0.0], [0.0, -0.18, 0.0, -0.56, 354.43, 354.44, 0.0, 1.0], [0.2, 25.0, 0.0, 0.0])
(140893340, [2.0, 0.69, 0.0, 3.59, 0.0, 3.59, 0.0, 2.66, 0.0, 0.0], [0.0, -0.18, 0.0, -0.56, 354.44, 354.45, 0.0, 1.0], [0.2, 25.0, 0.0, 0.0])
(140993218, [2.0, 0.69, 0.0, 3.59, 0.0, 3.59, 0.0, 2.66, 0.0, 0.0], [0.0, -0.18, 0.0, -0.57, 354.43, 354.43, 0.0, 1.0], [0.2, 25.0, 0.0, 0.0])
(141093733, [1.0, 0.69, 0.0, 3.59, 0.0, 3.59, 0.0, 2.66, 0.0, 0.0], [0.0, -0.19, 0.0, -0.58, 354.42, 354.43, 0.0, 1.0], [0.2, 25.0, 0.0, 0.0])
(141193121, [1.0, 0.69, 0.0, 3.59, 0.0, 3.59, 0.0, 2.66, 0.0, 0.0], [0.0, -0.18, 0.0, -0.57, 354.41, 354.42, 0.0, 1.0], [0.2, 25.0, 0.0, 0.0])
(141293727, [1.0, 0.69, 0.0, 3.59, 0.0, 3.59, 0.0, 2.66, 0.0, 0.0], [0.0, -0.18, 0.0, -0.58, 354.4, 354.4, 0.0, 1.0], [0.2, 25.0, 0.0, 0.0])
(141393328, [2.0, 0.69, 0.0, 3.59, 0.0, 3.59, 0.0, 2.66, 0.0, 0.0], [0.0, -0.17, 0.0, -0.57, 354.4, 354.4, 0.0, 1.0], [0.2, 25.0, 0.0, 0.0])
(141493679, [2.0, 0.69, 0.0, 3.59, 0.0, 3.59, 0.0, 2.66, 0.0, 0.0], [0.0, -0.17, 0.0, -0.58, 354.39, 354.39, 0.0, 1.0], [0.2, 25.0, 0.0, 0.0])
(141593329, [1.0, 0.69, 0.0, 3.59, 0.0, 3.59, 0.0, 2.66, 0.0, 0.0], [0.0, -0.16, 0.0, -0.58, 354.37, 354.38, 0.0, 1.0], [0.2, 25.0, 0.0, 0.0])
(141693990, [1.0, 0.69, 0.0, 3.59, 0.0, 3.59, 0.0, 2.66, 0.0, 0.0], [0.0, -0.16, 0.0, -0.58, 354.37, 354.37, 0.0, 1.0], [0.2, 25.0, 0.0, 0.0])
(141793611, [1.0, 0.69, 0.0, 3.59, 0.0, 3.59, 0.0, 2.66, 0.0, 0.0], [0.0, -0.17, 0.0, -0.61, 354.37, 354.35, 0.0, 1.0], [0.2, 25.0, 0.0, 0.0])
(141893813, [2.0, 0.69, 0.0, 3.59, 0.0, 3.59, 0.0, 2.63, 0.0, 0.0], [0.0, -0.17, 0.0, -0.58, 354.37, 354.36, 0.0, 1.0], [0.2, 25.0, 0.0, 0.0])
(141993250, [2.0, 0.69, 0.0, 3.59, 0.0, 3.59, 0.0, 2.63, 0.0, 0.0], [0.0, -0.13, 0.0, -0.64, 354.37, 354.39, 0.0, 1.0], [0.2, 25.0, 0.0, 0.0])
(142093296, [1.0, 0.69, 0.0, 3.59, 0.0, 3.59, 0.0, 2.63, 0.0, 0.0], [0.0, -0.06, 0.0, -0.77, 354.37, 354.53, 0.0, 1.0], [0.2, 25.0, 0.0, 0.0])
(142193835, [1.0, 0.69, 0.0, 3.59, 0.0, 3.59, 0.0, 2.63, 0.0, 0.0], [-0.02, 0.03, 0.02, -1.9, 354.37, 355.09, 0.0, 1.0], [0.2, 25.0, 0.0, 0.0])
(142293858, [1.0, 0.69, 0.0, 3.59, 0.0, 3.59, 0.0, 2.63, 0.0, 0.0], [-3.84, -1.46, 0.58, -3.25, 354.37, 355.74, 0.01, 1.0], [0.2, 25.0, 0.0, 0.0])
(142393986, [1.0, 0.69, 0.0, 3.59, 0.0, 3.59, 0.0, 2.63, 0.0, 0.0], [-6.41, -6.59, 0.87, -3.98, 354.37, 356.56, 0.01, 1.0], [0.2, 25.0, 0.0, 0.0])
(142493928, [2.0, 0.69, 0.0, 3.59, 0.0, 3.59, 0.0, 2.63, 0.0, 0.0], [-7.68, -8.55, 2.21, -3.86, 354.37, 357.32, 0.02, 1.0], [0.2, 25.0, 0.0, 0.0])
(142593849, [2.0, 0.69, 0.0, 3.59, 0.0, 3.59, 0.0, 2.63, 0.0, 0.0], [-8.31, -8.23, 3.2, -2.39, 354.37, 357.67, 0.02, 1.0], [0.2, 25.0, 0.0, 0.0])
(142697455, [1.0, 0.69, 0.0, 3.59, 0.0, 3.59, 0.0, 2.63, 0.0, 0.0], [-8.61, -8.01, 2.49, -2.02, 354.37, 357.84, 0.04, 1.0], [0.2, 25.0, 0.0, 0.0])
(142797125, [1.0, 0.69, 0.0, 3.59, 0.0, 3.59, 0.0, 2.63, 0.0, 0.0], [-8.77, -8.67, 1.81, -3.11, 354.37, 358.06, 0.04, 1.0], [0.2, 25.0, 0.0, 0.0])
(142899130, [1.0, 0.69, 0.0, 3.59, 0.0, 3.59, 0.0, 2.63, 0.0, 0.0], [-8.84, -8.64, 1.48, -3.07, 354.37, 358.18, 0.05, 1.0], [0.2, 25.0, 0.0, 0.0])
(143006223, [2.0, 0.52, 0.0, 3.59, 0.0, 3.59, 0.0, 2.63, 0.0, 0.0], [-8.88, -9.48, 2.38, -2.61, 354.37, 358.14, 0.05, 1.0], [0.2, 25.0, 0.0, 0.0])
(143110493, [2.0, 0.52, 0.0, 3.59, 0.0, 3.59, 0.0, 2.63, 0.0, 0.0], [-8.9, -10.17, 2.96, -0.84, 354.37, 357.9, 0.07, 1.0], [0.2, 25.0, 0.0, 0.0])
(143213349, [1.0, 0.52, 0.0, 3.59, 0.0, 3.59, 0.0, 2.63, 0.0, 0.0], [-8.91, -10.1, 3.22, 0.29, 354.37, 357.79, 0.07, 1.0], [0.2, 25.0, 0.0, 0.0])
(143316782, [1.0, 0.52, 0.0, 3.59, 0.0, 3.59, 0.0, 2.63, 0.0, 0.0], [-8.91, -10.65, 1.92, -0.96, 354.37, 358.06, 0.08, 1.0], [0.27, 25.0, 0.0, 0.0])
(143419378, [1.0, 0.52, 0.0, 3.59, 0.0, 3.59, 0.0, 2.63, 0.0, 0.0], [-8.91, -11.24, 1.19, -3.46, 354.37, 359.42, 0.08, 1.0], [0.3, 25.0, 0.0, 0.0])
(143527287, [1.0, 0.52, 0.0, 3.59, 0.0, 3.59, 0.0, 2.63, 0.0, 0.0], [-8.91, -11.5, 0.83, -5.62, 354.37, 1.1, 0.14, 1.0], [0.2, 25.0, 0.0, 0.0])
(143635983, [2.0, 0.52, 0.0, 3.59, 0.0, 3.59, 0.0, 2.63, 0.0, 0.0], [-8.91, -13.19, 1.97, -7.43, 354.37, 2.59, 0.14, 1.0], [0.37, 25.0, 0.0, 0.0])
(143738388, [1.0, 0.52, 0.0, 3.59, 0.0, 3.59, 0.0, 2.63, 0.0, 0.0], [-8.91, -17.63, 2.73, -11.82, 354.37, 5.71, 0.13, 1.0], [0.4, 25.0, 0.0, 0.0])
(143842959, [1.0, 0.52, 0.0, 3.59, 0.0, 3.59, 0.0, 2.63, 0.0, 0.0], [-8.91, -23.49, 1.68, -19.74, 354.37, 11.66, 0.12, 1.0], [0.44, 25.0, 0.0, 0.0])
(143948490, [1.0, 0.52, 0.0, 3.59, 0.0, 3.59, 0.0, 2.63, 0.0, 0.0], [-8.91, -26.51, 1.07, -24.72, 354.37, 7.4, 0.12, 1.0], [0.46, 25.0, 0.0, 0.0])
(144050778, [2.0, 0.52, 0.0, 3.59, 0.0, 3.59, 0.0, 2.63, 0.0, 0.0], [-8.91, -17.14, 0.77, -39.18, 354.37, 15.27, 0.15, 1.0], [4.16, 25.0, 0.0, 0.0])
(144155915, [2.0, 0.26, 0.0, 3.59, 0.0, 3.59, 0.0, 2.63, 0.0, 0.0], [-8.91, 4.0, 1.86, -69.34, 354.37, 6.63, 0.15, 1.0], [0.2, 25.0, 0.0, 0.0])
(273155623, [1.0, 0.56, 0.0, 3.59, 0.0, 3.59, 0.0, 2.32, 0.0, 0.0], [0.0, 0.5, 0.0, -0.35, 344.88, 344.9, 0.0, 1.0], [0.2, 25.0, 0.0, 0.0])
(273255458, [1.0, 0.56, 0.0, 3.59, 0.0, 3.59, 0.0, 2.32, 0.0, 0.0], [0.0, 0.49, 0.0, -0.35, 344.87, 344.89, 0.0, 1.0], [0.2, 25.0, 0.0, 0.0])
(273355570, [1.0, 0.56, 0.0, 3.59, 0.0, 3.59, 0.0, 2.32, 0.0, 0.0], [0.0, 0.5, 0.0, -0.35, 344.87, 344.89, 0.0, 1.0], [0.2, 25.0, 0.0, 0.0])
(273455439, [2.0, 0.56, 0.0, 3.59, 0.0, 3.59, 0.0, 2.32, 0.0, 0.0], [0.0, 0.49, 0.0, -0.35, 344.86, 344.88, 0.0, 1.0], [0.2, 25.0, 0.0, 0.0])
(273555460, [2.0, 0.56, 0.0, 3.59, 0.0, 3.59, 0.0, 2.32, 0.0, 0.0], [0.0, 0.5, 0.0, -0.35, 344.85, 344.87, 0.0, 1.0], [0.2, 25.0, 0.0, 0.0])
(273655459, [1.0, 0.56, 0.0, 3.59, 0.0, 3.59, 0.0, 2.32, 0.0, 0.0], [0.0, 0.5, 0.0, -0.35, 344.85, 344.86, 0.0, 1.0], [0.2, 25.0, 0.0, 0.0])
(273755827, [1.0, 0.56, 0.0, 3.59, 0.0, 3.59, 0.0, 2.32, 0.0, 0.0], [0.0, 0.49, 0.0, -0.35, 344.83, 344.85, 0.0, 1.0], [0.2, 25.0, 0.0, 0.0])
(273855276, [1.0, 0.56, 0.0, 3.59, 0.0, 3.59, 0.0, 2.32, 0.0, 0.0], [0.0, 0.5, 0.0, -0.35, 344.83, 344.85, 0.0, 1.0], [0.2, 25.0, 0.0, 0.0])
(273955608, [2.0, 0.56, 0.0, 3.59, 0.0, 3.59, 0.0, 2.32, 0.0, 0.0], [0.0, 0.5, 0.0, -0.35, 344.82, 344.84, 0.0, 1.0], [0.2, 25.0, 0.0, 0.0])
(274055308, [2.0, 0.56, 0.0, 3.59, 0.0, 3.59, 0.0, 2.32, 0.0, 0.0], [0.0, 0.5, 0.0, -0.35, 344.82, 344.84, 0.0, 1.0], [0.2, 25.0, 0.0, 0.0])
(274155303, [1.0, 0.56, 0.0, 3.59, 0.0, 3.59, 0.0, 2.32, 0.0, 0.0], [0.0, 0.5, 0.0, -0.34, 344.81, 344.83, 0.0, 1.0], [0.2, 25.0, 0.0, 0.0])
(274255563, [1.0, 0.56, 0.0, 3.59, 0.0, 3.59, 0.0, 2.32, 0.0, 0.0], [0.0, 0.5, 0.0, -0.34, 344.8, 344.82, 0.0, 1.0], [0.2, 25.0, 0.0, 0.0])
(274355598, [1.0, 0.56, 0.0, 3.59, 0.0, 3.59, 0.0, 2.32, 0.0, 0.0], [0.0, 0.5, 0.0, -0.34, 344.79, 344.81, 0.0, 1.0], [0.2, 25.0, 0.0, 0.0])
(274455316, [2.0, 0.56, 0.0, 3.59, 0.0, 3.59, 0.0, 2.32, 0.0, 0.0], [0.0, 0.5, 0.0, -0.34, 344.78, 344.8, 0.0, 1.0], [0.2, 25.0, 0.0, 0.0])
(274555434, [2.0, 0.56, 0.0, 3.59, 0.0, 3.59, 0.0, 2.32, 0.0, 0.0], [0.0, 0.5, 0.0, -0.34, 344.78, 344.8, 0.0, 1.0], [0.2, 25.0, 0.0, 0.0])
(274655464, [1.0, 0.56, 0.0, 3.59, 0.0, 3.59, 0.0, 2.32, 0.0, 0.0], [0.0, 0.5, 0.0, -0.34, 344.77, 344.79, 0.0, 1.0], [0.2, 25.0, 0.0, 0.0])
(274755566, [1.0, 0.56, 0.0, 3.59, 0.0, 3.59, 0.0, 2.32, 0.0, 0.0], [0.0, 0.5, 0.0, -0.34, 344.76, 344.78, 0.0, 1.0], [0.2, 25.0, 0.0, 0.0])
(274855930, [1.0, 0.56, 0.0, 3.59, 0.0, 3.59, 0.0, 2.32, 0.0, 0.0], [0.0, 0.5, 0.0, -0.34, 344.76, 344.78, 0.0, 1.0], [0.2, 25.0, 0.0, 0.0])
(274955415, [2.0, 0.56, 0.0, 3.59, 0.0, 3.59, 0.0, 2.32, 0.0, 0.0], [0.0, 0.49, 0.0, -0.34, 344.75, 344.77, 0.0, 1.0], [0.2, 25.0, 0.0, 0.0])
(275055529, [2.0, 0.56, 0.0, 3.59, 0.0, 3.59, 0.0, 2.32, 0.0, 0.0], [0.0, 0.5, 0.0, -0.34, 344.74, 344.76, 0.0, 1.0], [0.2, 25.0, 0.0, 0.0])
(275155358, [1.0, 0.56, 0.0, 3.59, 0.0, 3.59, 0.0, 2.32, 0.0, 0.0], [0.0, 0.5, 0.0, -0.34, 344.73, 344.75, 0.0, 1.0], [0.2, 25.0, 0.0, 0.0])
(275255493, [1.0, 0.56, 0.0, 3.59, 0.0, 3.59, 0.0, 2.32, 0.0, 0.0], [0.0, 0.5, 0.0, -0.34, 344.73, 344.75, 0.0, 1.0], [0.2, 25.0, 0.0, 0.0])
(275355327, [1.0, 0.56, 0.0, 3.59, 0.0, 3.59, 0.0, 2.32, 0.0, 0.0], [0.0, 0.5, 0.0, -0.34, 344.72, 344.74, 0.0, 1.0], [0.2, 25.0, 0.0, 0.0])
(275455361, [2.0, 0.56, 0.0, 3.59, 0.0, 3.59, 0.0, 2.32, 0.0, 0.0], [0.0, 0.5, 0.0, -0.34, 344.72, 344.74, 0.0, 1.0], [0.2, 25.0, 0.0, 0.0])
(275555317, [2.0, 0.56, 0.0, 3.59, 0.0, 3.59, 0.0, 2.32, 0.0, 0.0], [0.0, 0.5, 0.0, -0.35, 344.72, 344.74, 0.0, 1.0], [0.2, 25.0, 0.0, 0.0])
(275655989, [1.0, 0.56, 0.0, 3.59, 0.0, 3.59, 0.0, 2.32, 0.0, 0.0], [0.0, 0.5, 0.0, -0.34, 344.71, 344.73, 0.0, 1.0], [0.2, 25.0, 0.0, 0.0])
(275755312, [1.0, 0.56, 0.0, 3.59, 0.0, 3.59, 0.0, 2.32, 0.0, 0.0], [0.0, 0.5, 0.0, -0.33, 344.73, 344.75, 0.0, 1.0], [0.2, 25.0, 0.0, 0.0])
(275855328, [1.0, 0.56, 0.0, 3.59, 0.0, 3.59, 0.0, 2.32, 0.0, 0.0], [0.0, 0.51, 0.0, -0.34, 344.72, 344.74, 0.0, 1.0], [0.2, 25.0, 0.0, 0.0])
(275955475, [2.0, 0.56, 0.0, 3.59, 0.0, 3.59, 0.0, 2.32, 0.0, 0.0], [0.0, 0.51, 0.0, -0.34, 344.69, 344.71, 0.0, 1.0], [0.2, 25.0, 0.0, 0.0])
(276055518, [2.0, 0.56, 0.0, 3.59, 0.0, 3.59, 0.0, 2.32, 0.0, 0.0], [0.0, 0.5, 0.0, -0.34, 344.66, 344.68, 0.0, 1.0], [0.2, 25.0, 0.0, 0.0])
(276155486, [1.0, 0.56, 0.0, 3.59, 0.0, 3.59, 0.0, 2.32, 0.0, 0.0], [0.0, 0.5, 0.0, -0.34, 344.66, 344.68, 0.0, 1.0], [0.2, 25.0, 0.0, 0.0])
(276255533, [1.0, 0.56, 0.0, 3.59, 0.0, 3.59, 0.0, 2.32, 0.0, 0.0], [0.0, 0.5, 0.0, -0.34, 344.66, 344.68, 0.0, 1.0], [0.2, 25.0, 0.0, 0.0])
(276355554, [1.0, 0.56, 0.0, 3.59, 0.0, 3.59, 0.0, 2.32, 0.0, 0.0], [0.0, 0.51, 0.0, -0.34, 344.65, 344.67, 0.0, 1.0], [0.2, 25.0, 0.0, 0.0])
(276455516, [2.0, 0.56, 0.0, 3.59, 0.0, 3.59, 0.0, 2.32, 0.0, 0.0], [0.0, 0.51, 0.0, -0.33, 344.64, 344.66, 0.0, 1.0], [0.2, 25.0, 0.0, 0.0])
(276555461, [2.0, 0.56, 0.0, 3.59, 0.0, 3.59, 0.0, 2.32, 0.0, 0.0], [0.0, 0.51, 0.0, -0.34, 344.64, 344.66, 0.0, 1.0], [0.2, 25.0, 0.0, 0.0])
(276655463, [1.0, 0.56, 0.0, 3.59, 0.0, 3.59, 0.0, 2.32, 0.0, 0.0], [0.0, 0.51, 0.0, -0.34, 344.64, 344.66, 0.0, 1.0], [0.2, 25.0, 0.0, 0.0])
(276755477, [1.0, 0.56, 0.0, 3.59, 0.0, 3.59, 0.0, 2.32, 0.0, 0.0], [0.0, 0.51, 0.0, -0.34, 344.63, 344.65, 0.0, 1.0], [0.2, 25.0, 0.0, 0.0])
(276855431, [1.0, 0.56, 0.0, 3.59, 0.0, 3.59, 0.0, 2.32, 0.0, 0.0], [0.0, 0.51, 0.0, -0.34, 344.61, 344.63, 0.0, 1.0], [0.2, 25.0, 0.0, 0.0])
(276955456, [2.0, 0.56, 0.0, 3.59, 0.0, 3.59, 0.0, 2.32, 0.0, 0.0], [0.0, 0.52, 0.0, -0.36, 344.61, 344.63, 0.0, 1.0], [0.2, 25.0, 0.0, 0.0])
(277055527, [2.0, 0.56, 0.0, 3.59, 0.0, 3.59, 0.0, 2.32, 0.0, 0.0], [0.0, 0.52, 0.0, -0.35, 344.6, 344.62, 0.0, 1.0], [0.2, 25.0, 0.0, 0.0])
(277155347, [1.0, 0.56, 0.0, 3.59, 0.0, 3.59, 0.0, 2.32, 0.0, 0.0], [0.0, 0.51, 0.0, -0.35, 344.6, 344.62, 0.0, 1.0], [0.2, 25.0, 0.0, 0.0])
(277255535, [1.0, 0.56, 0.0, 3.59, 0.0, 3.59, 0.0, 2.32, 0.0, 0.0], [0.0, 0.52, 0.0, -0.35, 344.58, 344.6, 0.0, 1.0], [0.2, 25.0, 0.0, 0.0])
(277356056, [1.0, 0.56, 0.0, 3.59, 0.0, 3.59, 0.0, 2.32, 0.0, 0.0], [0.0, 0.53, 0.0, -0.36, 344.58, 344.6, 0.0, 1.0], [0.2, 25.0, 0.0, 0.0])
(277455443, [2.0, 0.56, 0.0, 3.59, 0.0, 3.59, 0.0, 2.33, 0.0, 0.0], [0.0, 0.53, 0.0, -0.35, 344.57, 344.59, 0.0, 1.0], [0.2, 25.0, 0.0, 0.0])
(277555363, [2.0, 0.56, 0.0, 3.59, 0.0, 3.59, 0.0, 2.33, 0.0, 0.0], [0.0, 0.53, 0.0, -0.35, 344.58, 344.6, 0.0, 1.0], [0.2, 25.0, 0.0, 0.0])
(277655483, [1.0, 0.56, 0.0, 3.59, 0.0, 3.59, 0.0, 2.33, 0.0, 0.0], [0.0, 0.53, 0.0, -0.35, 344.56, 344.58, 0.0, 1.0], [0.2, 25.0, 0.0, 0.0])
(277755452, [1.0, 0.56, 0.0, 3.59, 0.0, 3.59, 0.0, 2.33, 0.0, 0.0], [0.0, 0.54, 0.0, -0.36, 344.56, 344.58, 0.0, 1.0], [0.2, 25.0, 0.0, 0.0])
(277855523, [1.0, 0.56, 0.0, 3.59, 0.0, 3.59, 0.0, 2.33, 0.0, 0.0], [0.0, 0.54, 0.0, -0.35, 344.55, 344.57, 0.0, 1.0], [0.2, 25.0, 0.0, 0.0])
(277955536, [2.0, 0.56, 0.0, 3.59, 0.0, 3.59, 0.0, 2.33, 0.0, 0.0], [0.0, 0.54, 0.0, -0.35, 344.55, 344.57, 0.0, 1.0], [0.2, 25.0, 0.0, 0.0])
(278055518, [2.0, 0.56, 0.0, 3.59, 0.0, 3.59, 0.0, 2.33, 0.0, 0.0], [0.0, 0.54, 0.0, -0.36, 344.53, 344.56, 0.0, 1.0], [0.2, 25.0, 0.0, 0.0])
(278155471, [1.0, 0.56, 0.0, 3.59, 0.0, 3.59, 0.0, 2.33, 0.0, 0.0], [0.0, 0.56, 0.0, -0.35, 344.53, 344.56, 0.0, 1.0], [0.2, 25.0, 0.0, 0.0])
(278255479, [1.0, 0.56, 0.0, 3.59, 0.0, 3.59, 0.0, 2.33, 0.0, 0.0], [0.0, 0.53, 0.0, -0.37, 344.53, 344.55, 0.0, 1.0], [0.2, 25.0, 0.0, 0.0])
(278355521, [1.0, 0.56, 0.0, 3.59, 0.0, 3.59, 0.0, 2.33, 0.0, 0.0], [0.0, 0.53, 0.0, -0.4, 344.53, 344.54, 0.0, 1.0], [0.2, 25.0, 0.0, 0.0])
(278455543, [1.0, 0.56, 0.0, 3.59, 0.0, 3.59, 0.0, 2.33, 0.0, 0.0], [0.0, 0.58, 0.0, -0.35, 344.53, 344.44, 0.0, 1.0], [0.2, 25.0, 0.0, 0.0])
(278555474, [2.0, 0.56, 0.0, 3.59, 0.0, 3.59, 0.0, 2.33, 0.0, 0.0], [0.0, 0.51, 0.0, -0.66, 344.53, 344.56, 0.0, 1.0], [0.2, 25.0, 0.0, 0.0])
(278655870, [2.0, 0.56, 0.0, 3.59, 0.0, 3.59, 0.0, 2.33, 0.0, 0.0], [-0.14, -0.64, 0.14, -2.88, 344.53, 345.08, 0.0, 1.0], [0.2, 25.0, 0.0, 0.0])
(278756943, [1.0, 0.56, 0.0, 3.59, 0.0, 3.59, 0.0, 2.33, 0.0, 0.0], [-2.01, -3.46, 0.56, -4.22, 344.53, 345.91, 0.01, 1.0], [0.2, 25.0, 0.0, 0.0])
(278857191, [1.0, 0.56, 0.0, 3.59, 0.0, 3.59, 0.0, 2.33, 0.0, 0.0], [-2.94, -5.45, 0.44, -5.37, 344.53, 346.69, 0.01, 1.0], [0.2, 25.0, 0.0, 0.0])
(278956569, [1.0, 0.56, 0.0, 3.59, 0.0, 3.59, 0.0, 2.33, 0.0, 0.0], [-3.41, -5.22, 0.38, -6.16, 344.53, 347.29, 0.04, 1.0], [0.2, 25.0, 0.0, 0.0])
(279057369, [2.0, 0.56, 0.0, 3.59, 0.0, 3.59, 0.0, 2.33, 0.0, 0.0], [-3.63, -5.04, 1.27, -5.97, 344.53, 347.68, 0.04, 1.0], [0.2, 25.0, 0.0, 0.0])
(279159395, [2.0, 0.56, 0.0, 3.59, 0.0, 3.59, 0.0, 2.33, 0.0, 0.0], [-3.75, -5.02, 2.3, -4.18, 344.53, 347.76, 0.05, 1.0], [0.2, 25.0, 0.0, 0.0])
(279260809, [1.0, 0.56, 0.0, 3.59, 0.0, 3.59, 0.0, 2.33, 0.0, 0.0], [-3.8, -5.07, 1.76, -3.13, 344.53, 347.71, 0.05, 1.0], [0.2, 25.0, 0.0, 0.0])
(279370716, [1.0, 0.56, 0.0, 3.59, 0.0, 3.59, 0.0, 2.33, 0.0, 0.0], [-3.83, -5.13, 1.03, -4.37, 344.53, 347.69, 0.07, 1.0], [0.2, 25.0, 0.0, 0.0])
(279476404, [1.0, 0.56, 0.0, 3.59, 0.0, 3.59, 0.0, 2.33, 0.0, 0.0], [-3.84, -5.53, 0.67, -5.78, 344.53, 352.63, 0.07, 1.0], [0.21, 25.0, 0.0, 0.0])
(279579753, [2.0, 0.28, 0.0, 3.59, 0.0, 3.59, 0.0, 2.18, 0.0, 0.0], [-3.79, -5.95, 1.41, -10.09, 344.53, 356.38, 0.14, 1.0], [0.24, 25.0, 0.0, 0.0])
(279681451, [2.0, 0.28, 0.0, 3.59, 0.0, 3.59, 0.0, 2.18, 0.0, 0.0], [-3.67, -8.72, 2.1, -11.08, 344.53, 357.9, 0.14, 1.0], [0.28, 25.0, 0.0, 0.0])
(279783447, [1.0, 0.28, 0.0, 3.59, 0.0, 3.59, 0.0, 2.18, 0.0, 0.0], [-3.61, -12.17, 2.43, -13.2, 344.53, 359.01, 0.13, 1.0], [0.31, 25.0, 0.0, 0.0])
(279885826, [1.0, 0.28, 0.0, 3.59, 0.0, 3.59, 0.0, 2.18, 0.0, 0.0], [-3.58, -16.17, 1.16, -18.34, 344.53, 1.19, 0.13, 1.0], [0.35, 25.0, 0.0, 0.0])
(279986634, [1.0, 0.28, 0.0, 3.59, 0.0, 3.59, 0.0, 2.18, 0.0, 0.0], [-3.57, -21.41, 0.45, -24.96, 344.53, 2.27, 0.12, 1.0], [0.39, 25.0, 0.0, 0.0])
(280089377, [1.0, 0.28, 0.0, 3.59, 0.0, 3.59, 0.0, 2.18, 0.0, 0.0], [-3.56, -23.94, 0.1, -32.78, 344.53, 10.97, 0.12, 1.0], [6.76, 25.0, 0.0, 0.0])
(280193312, [2.0, 0.28, 0.0, 3.59, 0.0, 3.59, 0.0, 2.18, 0.0, 0.0], [-3.46, -10.46, 1.5, -57.09, 351.97, 25.97, 0.13, 1.0], [7.65, 25.0, 0.0, 0.0])
