(71855142, [2.0, 0.52, 0.0, 0.56, 0.0, 3.59, 0.0, 2.4, 0.0, 0.0], [0.0, 0.52, 0.0, -0.54, 3.86, 3.87, 0.0, 1.0], [0.2, 25.0, 0.0, 0.0])
(71954386, [2.0, 0.52, 0.0, 0.56, 0.0, 3.59, 0.0, 2.4, 0.0, 0.0], [0.0, 0.52, 0.0, -0.54, 3.86, 3.87, 0.0, 1.0], [0.2, 25.0, 0.0, 0.0])
(72054487, [2.0, 0.52, 0.0, 0.56, 0.0, 3.59, 0.0, 2.39, 0.0, 0.0], [0.0, 0.52, 0.0, -0.54, 3.86, 3.87, 0.0, 1.0], [0.2, 25.0, 0.0, 0.0])
(72154451, [2.0, 0.52, 0.0, 0.56, 0.0, 3.59, 0.0, 2.41, 0.0, 0.0], [0.0, 0.52, 0.0, -0.54, 3.87, 3.88, 0.0, 1.0], [0.2, 25.0, 0.0, 0.0])
(72254403, [2.0, 0.52, 0.0, 0.56, 0.0, 1.51, 0.0, 2.4, 0.0, 0.0], [0.0, 0.52, 0.0, -0.54, 3.87, 3.88, 0.0, 1.0], [0.2, 25.0, 0.0, 0.0])
(72354587, [2.0, 0.52, 0.0, 0.56, 0.0, 0.9, 0.0, 2.39, 0.0, 0.0], [0.0, 0.51, 0.0, -0.54, 3.87, 3.88, 0.0, 1.0], [0.2, 25.0, 0.0, 0.0])
(72454396, [2.0, 0.52, 0.0, 0.56, 0.0, 0.9, 0.0, 2.39, 0.0, 0.0], [0.0, 0.51, 0.0, -0.54, 3.88, 3.89, 0.0, 1.0], [0.2, 25.0, 0.0, 0.0])
(72554610, [2.0, 0.52, 0.0, 0.56, 0.0, 2.79, 0.0, 2.41, 0.0, 0.0], [0.0, 0.51, 0.0, -0.54, 3.88, 3.89, 0.0, 1.0], [0.2, 25.0, 0.0, 0.0])
(72654417, [2.0, 0.52, 0.0, 0.56, 0.0, 3.52, 0.0, 2.4, 0.0, 0.0], [0.0, 0.5, 0.0, -0.54, 3.89, 3.9, 0.0, 1.0], [0.2, 25.0, 0.0, 0.0])
(72754486, [2.0, 0.52, 0.0, 0.56, 0.0, 3.57, 0.0, 2.41, 0.0, 0.0], [0.0, 0.5, 0.0, -0.54, 3.89, 3.9, 0.0, 1.0], [0.2, 25.0, 0.0, 0.0])
(72854499, [2.0, 0.52, 0.0, 0.56, 0.0, 3.59, 0.0, 2.4, 0.0, 0.0], [0.0, 0.5, 0.0, -0.54, 3.9, 3.91, 0.0, 1.0], [0.2, 25.0, 0.0, 0.0])
(72954911, [2.0, 0.52, 0.0, 0.56, 0.0, 3.59, 0.0, 2.4, 0.0, 0.0], [0.0, 0.5, 0.0, -0.54, 3.9, 3.91, 0.0, 1.0], [0.2, 25.0, 0.0, 0.0])
(73054468, [2.0, 0.52, 0.0, 0.56, 0.0, 3.59, 0.0, 2.38, 0.0, 0.0], [0.0, 0.5, 0.0, -0.53, 3.9, 3.91, 0.0, 1.0], [0.2, 25.0, 0.0, 0.0])
(73154466, [2.0, 0.52, 0.0, 0.56, 0.0, 3.59, 0.0, 2.39, 0.0, 0.0], [0.0, 0.5, 0.0, -0.53, 3.91, 3.92, 0.0, 1.0], [0.2, 25.0, 0.0, 0.0])
(73255291, [2.0, 0.52, 0.0, 0.56, 0.0, 3.59, 0.0, 2.4, 0.0, 0.0], [0.0, 0.49, 0.0, -0.53, 3.91, 3.92, 0.0, 1.0], [0.2, 25.0, 0.0, 0.0])
(73354485, [2.0, 0.52, 0.0, 0.56, 0.0, 3.59, 0.0, 2.39, 0.0, 0.0], [0.0, 0.49, 0.0, -0.53, 3.91, 3.92, 0.0, 1.0], [0.2, 25.0, 0.0, 0.0])
(73454452, [2.0, 0.52, 0.0, 0.56, 0.0, 3.59, 0.0, 2.39, 0.0, 0.0], [0.0, 0.49, 0.0, -0.53, 3.91, 3.92, 0.0, 1.0], [0.2, 25.0, 0.0, 0.0])
(73554467, [2.0, 0.52, 0.0, 0.56, 0.0, 3.59, 0.0, 2.39, 0.0, 0.0], [0.0, 0.49, 0.0, -0.53, 3.92, 3.93, 0.0, 1.0], [0.2, 25.0, 0.0, 0.0])
(73654492, [2.0, 0.52, 0.0, 0.56, 0.0, 3.59, 0.0, 2.39, 0.0, 0.0], [0.0, 0.48, 0.0, -0.53, 3.92, 3.93, 0.0, 1.0], [0.2, 25.0, 0.0, 0.0])
(73754611, [2.0, 0.52, 0.0, 0.56, 0.0, 3.59, 0.0, 2.39, 0.0, 0.0], [0.0, 0.48, 0.0, -0.53, 3.92, 3.93, 0.0, 1.0], [0.2, 25.0, 0.0, 0.0])
(73854746, [2.0, 0.52, 0.0, 0.56, 0.0, 3.59, 0.0, 2.4, 0.0, 0.0], [0.0, 0.48, 0.0, -0.53, 3.92, 3.93, 0.0, 1.0], [0.2, 25.0, 0.0, 0.0])
(73954553, [2.0, 0.52, 0.0, 0.56, 0.0, 3.59, 0.0, 2.4, 0.0, 0.0], [0.0, 0.48, 0.0, -0.53, 3.93, 3.94, 0.0, 1.0], [0.2, 25.0, 0.0, 0.0])
(74054647, [2.0, 0.52, 0.0, 0.56, 0.0, 3.59, 0.0, 2.4, 0.0, 0.0], [0.0, 0.47, 0.0, -0.53, 3.93, 3.94, 0.0, 1.0], [0.2, 25.0, 0.0, 0.0])
(74155040, [2.0, 0.52, 0.0, 0.56, 0.0, 3.59, 0.0, 2.4, 0.0, 0.0], [0.0, 0.48, 0.0, -0.54, 3.95, 3.96, 0.0, 1.0], [0.2, 25.0, 0.0, 0.0])
(74254971, [2.0, 0.52, 0.0, 0.56, 0.0, 1.51, 0.0, 2.4, 0.0, 0.0], [0.0, 0.48, 0.0, -0.54, 3.94, 3.95, 0.0, 1.0], [0.2, 25.0, 0.0, 0.0])
(74354602, [2.0, 0.52, 0.0, 0.56, 0.0, 1.51, 0.0, 2.39, 0.0, 0.0], [0.0, 0.49, 0.0, -0.54, 3.95, 3.96, 0.0, 1.0], [0.2, 25.0, 0.0, 0.0])
(74454937, [2.0, 0.52, 0.0, 0.56, 0.0, 3.41, 0.0, 2.38, 0.0, 0.0], [0.0, 0.48, 0.0, -0.54, 3.94, 3.95, 0.0, 1.0], [0.2, 25.0, 0.0, 0.0])
(74555052, [2.0, 0.52, 0.0, 0.56, 0.0, 3.54, 0.0, 2.4, 0.0, 0.0], [0.0, 0.46, 0.0, -0.54, 3.98, 3.99, 0.0, 1.0], [0.2, 25.0, 0.0, 0.0])
(74654373, [2.0, 0.52, 0.0, 0.56, 0.0, 3.59, 0.0, 2.39, 0.0, 0.0], [0.0, 0.48, 0.0, -0.54, 3.99, 4.0, 0.0, 1.0], [0.2, 25.0, 0.0, 0.0])
(74754526, [2.0, 0.52, 0.0, 0.56, 0.0, 3.59, 0.0, 2.4, 0.0, 0.0], [0.0, 0.48, 0.0, -0.53, 3.95, 3.96, 0.0, 1.0], [0.2, 25.0, 0.0, 0.0])
(74854520, [2.0, 0.52, 0.0, 0.56, 0.0, 3.59, 0.0, 2.4, 0.0, 0.0], [0.0, 0.46, 0.0, -0.53, 3.97, 3.98, 0.0, 1.0], [0.2, 25.0, 0.0, 0.0])
(74955569, [2.0, 0.52, 0.0, 0.56, 0.0, 3.59, 0.0, 2.4, 0.0, 0.0], [0.0, 0.47, 0.0, -0.54, 3.97, 3.98, 0.0, 1.0], [0.2, 25.0, 0.0, 0.0])
(75054499, [2.0, 0.52, 0.0, 0.56, 0.0, 3.59, 0.0, 2.4, 0.0, 0.0], [0.0, 0.46, 0.0, -0.55, 3.98, 3.99, 0.0, 1.0], [0.2, 25.0, 0.0, 0.0])
(75154455, [2.0, 0.52, 0.0, 0.56, 0.0, 3.59, 0.0, 2.39, 0.0, 0.0], [0.0, 0.47, 0.0, -0.54, 3.98, 3.99, 0.0, 1.0], [0.2, 25.0, 0.0, 0.0])
(75254716, [2.0, 0.52, 0.0, 0.56, 0.0, 1.52, 0.0, 2.39, 0.0, 0.0], [0.0, 0.46, 0.0, -0.54, 3.98, 3.99, 0.0, 1.0], [0.2, 25.0, 0.0, 0.0])
(75354976, [2.0, 0.52, 0.0, 0.56, 0.0, 1.52, 0.0, 2.39, 0.0, 0.0], [0.0, 0.47, 0.0, -0.54, 3.98, 3.99, 0.0, 1.0], [0.2, 25.0, 0.0, 0.0])
(75454365, [2.0, 0.52, 0.0, 0.56, 0.0, 2.97, 0.0, 2.39, 0.0, 0.0], [0.0, 0.46, 0.0, -0.54, 3.99, 4.0, 0.0, 1.0], [0.2, 25.0, 0.0, 0.0])
(75554944, [2.0, 0.52, 0.0, 0.56, 0.0, 3.54, 0.0, 2.39, 0.0, 0.0], [0.0, 0.46, 0.0, -0.54, 3.99, 4.0, 0.0, 1.0], [0.2, 25.0, 0.0, 0.0])
(75654560, [2.0, 0.52, 0.0, 0.56, 0.0, 3.58, 0.0, 2.39, 0.0, 0.0], [0.0, 0.46, 0.0, -0.54, 4.0, 4.01, 0.0, 1.0], [0.2, 25.0, 0.0, 0.0])
(75754576, [2.0, 0.52, 0.0, 0.56, 0.0, 3.59, 0.0, 2.39, 0.0, 0.0], [0.0, 0.46, 0.0, -0.54, 3.99, 4.0, 0.0, 1.0], [0.2, 25.0, 0.0, 0.0])
(75854582, [2.0, 0.52, 0.0, 0.56, 0.0, 3.59, 0.0, 2.39, 0.0, 0.0], [0.0, 0.46, 0.0, -0.54, 4.01, 4.01, 0.0, 1.0], [0.2, 25.0, 0.0, 0.0])
(75954445, [2.0, 0.52, 0.0, 0.56, 0.0, 3.59, 0.0, 2.4, 0.0, 0.0], [0.0, 0.45, 0.0, -0.54, 4.01, 4.02, 0.0, 1.0], [0.2, 25.0, 0.0, 0.0])
(76054574, [2.0, 0.52, 0.0, 0.56, 0.0, 3.59, 0.0, 2.4, 0.0, 0.0], [0.0, 0.45, 0.0, -0.54, 4.01, 4.02, 0.0, 1.0], [0.2, 25.0, 0.0, 0.0])
(76154665, [2.0, 0.52, 0.0, 0.56, 0.0, 3.59, 0.0, 2.4, 0.0, 0.0], [0.0, 0.45, 0.0, -0.55, 4.01, 4.02, 0.0, 1.0], [0.2, 25.0, 0.0, 0.0])
(76254604, [2.0, 0.52, 0.0, 0.56, 0.0, 3.59, 0.0, 2.38, 0.0, 0.0], [0.0, 0.46, 0.0, -0.54, 4.02, 4.03, 0.0, 1.0], [0.2, 25.0, 0.0, 0.0])
(76354586, [2.0, 0.52, 0.0, 0.56, 0.0, 3.59, 0.0, 2.39, 0.0, 0.0], [0.0, 0.45, 0.0, -0.54, 4.02, 4.03, 0.0, 1.0], [0.2, 25.0, 0.0, 0.0])
(76454627, [2.0, 0.52, 0.0, 0.56, 0.0, 3.59, 0.0, 2.41, 0.0, 0.0], [0.0, 0.46, 0.0, -0.54, 4.01, 4.02, 0.0, 1.0], [0.2, 25.0, 0.0, 0.0])
(76555063, [2.0, 0.52, 0.0, 0.56, 0.0, 3.59, 0.0, 2.39, 0.0, 0.0], [0.0, 0.46, 0.0, -0.55, 4.02, 4.03, 0.0, 1.0], [0.2, 25.0, 0.0, 0.0])
(76654550, [2.0, 0.52, 0.0, 0.56, 0.0, 3.59, 0.0, 2.39, 0.0, 0.0], [0.0, 0.46, 0.0, -0.54, 4.03, 4.04, 0.0, 1.0], [0.2, 25.0, 0.0, 0.0])
(76754734, [2.0, 0.52, 0.0, 0.56, 0.0, 3.59, 0.0, 2.4, 0.0, 0.0], [0.0, 0.45, 0.0, -0.55, 4.04, 4.05, 0.0, 1.0], [0.2, 25.0, 0.0, 0.0])
(76854950, [2.0, 0.52, 0.0, 0.56, 0.0, 3.59, 0.0, 2.4, 0.0, 0.0], [0.0, 0.44, 0.0, -0.56, 4.03, 4.07, 0.0, 1.0], [0.2, 25.0, 0.0, 0.0])
(76955505, [2.0, 0.52, 0.0, 0.56, 0.0, 3.59, 0.0, 2.4, 0.0, 0.0], [0.0, 0.43, 0.0, -0.58, 4.03, 4.05, 0.0, 1.0], [0.2, 25.0, 0.0, 0.0])
(77054462, [2.0, 0.52, 0.0, 0.56, 0.0, 3.59, 0.0, 2.38, 0.0, 0.0], [0.0, 0.43, 0.0, -0.57, 4.03, 4.03, 0.0, 1.0], [0.2, 25.0, 0.0, 0.0])
(77154496, [2.0, 0.52, 0.0, 0.56, 0.0, 3.59, 0.0, 2.39, 0.0, 0.0], [0.0, 0.43, 0.0, -0.56, 4.03, 4.0, 0.0, 1.0], [0.2, 25.0, 0.0, 0.0])
(77254555, [2.0, 0.52, 0.0, 0.56, 0.0, 3.59, 0.0, 2.39, 0.0, 0.0], [0.0, 0.39, 0.0, -1.17, 4.03, 4.01, 0.0, 1.0], [0.2, 25.0, 0.0, 0.0])
(77361291, [2.0, 0.52, 0.0, 0.56, 0.0, 3.59, 0.0, 2.39, 0.0, 0.0], [-0.58, 0.07, 0.62, -4.21, 4.03, 4.44, 0.0, 1.0], [0.2, 25.0, 0.0, 0.0])
(77467623, [2.0, 0.52, 0.0, 0.56, 0.0, 3.59, 0.0, 2.39, 0.0, 0.0], [-1.32, -2.11, 1.43, -6.51, 4.03, 5.28, 0.02, 1.0], [0.2, 25.0, 0.0, 0.0])
(77577216, [2.0, 0.51, 0.0, 0.57, 0.0, 3.59, 0.0, 2.39, 0.0, 0.0], [-1.67, -3.62, 1.84, -7.13, 4.03, 6.37, 0.02, 1.0], [0.2, 25.0, 0.0, 0.0])
(77684384, [2.0, 0.49, 0.0, 0.58, 0.0, 3.59, 0.0, 2.38, 0.0, 0.0], [-1.82, -3.03, 2.06, -7.17, 4.03, 7.53, 0.04, 1.0], [0.2, 25.0, 0.0, 0.0])
(77800413, [2.0, 0.45, 0.0, 0.58, 0.0, 3.59, 0.0, 2.38, 0.0, 0.0], [-1.86, -1.81, 2.19, -6.96, 4.03, 8.44, 0.04, 1.0], [0.2, 25.0, 0.0, 0.0])
