(135939678, [2.0, 0.64, 0.0, 0.53, 0.0, 3.59, 0.0, 2.41, 0.0, 0.0], [0.0, 0.45, 0.0, -0.03, 127.65, 127.65, 0.0, 1.0], [0.2, 25.0, 0.0, 0.0])
(136039558, [2.0, 0.64, 0.0, 0.53, 0.0, 3.59, 0.0, 2.41, 0.0, 0.0], [0.0, 0.45, 0.0, -0.03, 127.62, 127.62, 0.0, 1.0], [0.2, 25.0, 0.0, 0.0])
(136139492, [2.0, 0.64, 0.0, 0.53, 0.0, 3.59, 0.0, 2.41, 0.0, 0.0], [0.0, 0.45, 0.0, -0.03, 127.58, 127.58, 0.0, 1.0], [0.2, 25.0, 0.0, 0.0])
(136239700, [2.0, 0.64, 0.0, 0.53, 0.0, 3.59, 0.0, 2.4, 0.0, 0.0], [0.0, 0.45, 0.0, -0.03, 127.55, 127.55, 0.0, 1.0], [0.2, 25.0, 0.0, 0.0])
(136339619, [2.0, 0.64, 0.0, 0.53, 0.0, 3.59, 0.0, 2.42, 0.0, 0.0], [0.0, 0.45, 0.0, -0.03, 127.51, 127.51, 0.0, 1.0], [0.2, 25.0, 0.0, 0.0])
(136439769, [2.0, 0.64, 0.0, 0.53, 0.0, 3.59, 0.0, 2.42, 0.0, 0.0], [0.0, 0.45, 0.0, -0.03, 127.48, 127.48, 0.0, 1.0], [0.2, 25.0, 0.0, 0.0])
(136539652, [2.0, 0.64, 0.0, 0.53, 0.0, 3.59, 0.0, 2.41, 0.0, 0.0], [0.0, 0.45, 0.0, -0.03, 127.44, 127.44, 0.0, 1.0], [0.2, 25.0, 0.0, 0.0])
(136639948, [2.0, 0.64, 0.0, 0.53, 0.0, 3.59, 0.0, 2.42, 0.0, 0.0], [0.0, 0.45, 0.0, -0.03, 127.4, 127.4, 0.0, 1.0], [0.2, 25.0, 0.0, 0.0])
(136739287, [2.0, 0.64, 0.0, 0.53, 0.0, 3.59, 0.0, 2.42, 0.0, 0.0], [0.0, 0.45, 0.0, -0.03, 127.37, 127.37, 0.0, 1.0], [0.2, 25.0, 0.0, 0.0])
(136839731, [2.0, 0.64, 0.0, 0.53, 0.0, 3.59, 0.0, 2.42, 0.0, 0.0], [0.0, 0.45, 0.0, -0.03, 127.33, 127.33, 0.0, 1.0], [0.2, 25.0, 0.0, 0.0])
(136939559, [2.0, 0.64, 0.0, 0.53, 0.0, 3.59, 0.0, 2.42, 0.0, 0.0], [0.0, 0.45, 0.0, -0.03, 127.3, 127.3, 0.0, 1.0], [0.2, 25.0, 0.0, 0.0])
(137039573, [2.0, 0.64, 0.0, 0.53, 0.0, 3.59, 0.0, 2.41, 0.0, 0.0], [0.0, 0.45, 0.0, -0.03, 127.26, 127.26, 0.0, 1.0], [0.2, 25.0, 0.0, 0.0])
(137139452, [2.0, 0.64, 0.0, 0.53, 0.0, 3.59, 0.0, 2.41, 0.0, 0.0], [0.0, 0.45, 0.0, -0.03, 127.23, 127.23, 0.0, 1.0], [0.2, 25.0, 0.0, 0.0])
(137239566, [2.0, 0.64, 0.0, 0.53, 0.0, 3.59, 0.0, 2.42, 0.0, 0.0], [0.0, 0.45, 0.0, -0.03, 127.2, 127.19, 0.0, 1.0], [0.2, 25.0, 0.0, 0.0])
(137339298, [2.0, 0.64, 0.0, 0.53, 0.0, 3.59, 0.0, 2.42, 0.0, 0.0], [0.0, 0.45, 0.0, -0.03, 127.16, 127.16, 0.0, 1.0], [0.2, 25.0, 0.0, 0.0])
(137439475, [2.0, 0.64, 0.0, 0.53, 0.0, 3.59, 0.0, 2.41, 0.0, 0.0], [0.0, 0.45, 0.0, -0.03, 127.13, 127.13, 0.0, 1.0], [0.2, 25.0, 0.0, 0.0])
(137539647, [2.0, 0.64, 0.0, 0.53, 0.0, 3.59, 0.0, 2.41, 0.0, 0.0], [0.0, 0.45, 0.0, -0.03, 127.09, 127.09, 0.0, 1.0], [0.2, 25.0, 0.0, 0.0])
(137639587, [2.0, 0.64, 0.0, 0.53, 0.0, 1.58, 0.0, 2.42, 0.0, 0.0], [0.0, 0.46, 0.0, -0.02, 127.06, 127.06, 0.0, 1.0], [0.2, 25.0, 0.0, 0.0])
(137740313, [2.0, 0.64, 0.0, 0.53, 0.0, 1.58, 0.0, 2.42, 0.0, 0.0], [0.0, 0.46, 0.0, -0.02, 127.02, 127.02, 0.0, 1.0], [0.2, 25.0, 0.0, 0.0])
(137839617, [2.0, 0.64, 0.0, 0.53, 0.0, 3.41, 0.0, 2.41, 0.0, 0.0], [0.0, 0.46, 0.0, -0.02, 126.99, 126.99, 0.0, 1.0], [0.2, 25.0, 0.0, 0.0])
(137939697, [2.0, 0.64, 0.0, 0.53, 0.0, 3.54, 0.0, 2.41, 0.0, 0.0], [0.0, 0.46, 0.0, -0.02, 126.96, 126.96, 0.0, 1.0], [0.2, 25.0, 0.0, 0.0])
(138039571, [2.0, 0.64, 0.0, 0.53, 0.0, 3.59, 0.0, 2.41, 0.0, 0.0], [0.0, 0.46, 0.0, -0.02, 126.92, 126.93, 0.0, 1.0], [0.2, 25.0, 0.0, 0.0])
(138139709, [2.0, 0.64, 0.0, 0.53, 0.0, 3.59, 0.0, 2.42, 0.0, 0.0], [0.0, 0.46, 0.0, -0.02, 126.89, 126.9, 0.0, 1.0], [0.2, 25.0, 0.0, 0.0])
(138239606, [2.0, 0.64, 0.0, 0.53, 0.0, 3.59, 0.0, 2.42, 0.0, 0.0], [0.0, 0.47, 0.0, -0.01, 126.86, 126.86, 0.0, 1.0], [0.2, 25.0, 0.0, 0.0])
(138340585, [2.0, 0.64, 0.0, 0.53, 0.0, 1.59, 0.0, 2.42, 0.0, 0.0], [0.0, 0.48, 0.0, 0.0, 126.79, 126.79, 0.0, 1.0], [0.2, 25.0, 0.0, 0.0])
(138439413, [2.0, 0.64, 0.0, 0.53, 0.0, 1.59, 0.0, 2.4, 0.0, 0.0], [0.0, 0.49, 0.0, 0.0, 126.75, 126.75, 0.0, 1.0], [0.2, 25.0, 0.0, 0.0])
(138539468, [2.0, 0.64, 0.0, 0.53, 0.0, 2.99, 0.0, 2.41, 0.0, 0.0], [0.0, 0.49, 0.0, 0.0, 126.75, 126.75, 0.0, 1.0], [0.2, 25.0, 0.0, 0.0])
(138639419, [2.0, 0.64, 0.0, 0.53, 0.0, 3.54, 0.0, 2.41, 0.0, 0.0], [0.0, 0.47, 0.0, 0.0, 126.7, 126.7, 0.0, 1.0], [0.2, 25.0, 0.0, 0.0])
(138739784, [2.0, 0.64, 0.0, 0.53, 0.0, 3.59, 0.0, 2.41, 0.0, 0.0], [0.0, 0.47, 0.0, -0.01, 126.68, 126.68, 0.0, 1.0], [0.2, 25.0, 0.0, 0.0])
(138839326, [2.0, 0.64, 0.0, 0.53, 0.0, 3.59, 0.0, 2.41, 0.0, 0.0], [0.0, 0.48, 0.0, 0.0, 126.65, 126.65, 0.0, 1.0], [0.2, 25.0, 0.0, 0.0])
(138939648, [2.0, 0.64, 0.0, 0.53, 0.0, 3.59, 0.0, 2.41, 0.0, 0.0], [0.0, 0.48, 0.0, 0.02, 126.62, 126.62, 0.0, 1.0], [0.2, 25.0, 0.0, 0.0])
(139039301, [2.0, 0.64, 0.0, 0.53, 0.0, 3.59, 0.0, 2.41, 0.0, 0.0], [0.0, 0.47, 0.0, 0.02, 126.58, 126.58, 0.0, 1.0], [0.2, 25.0, 0.0, 0.0])
(139139542, [2.0, 0.64, 0.0, 0.53, 0.0, 3.59, 0.0, 2.41, 0.0, 0.0], [0.0, 0.48, 0.0, 0.02, 126.55, 126.55, 0.0, 1.0], [0.2, 25.0, 0.0, 0.0])
(139239576, [2.0, 0.64, 0.0, 0.53, 0.0, 3.59, 0.0, 2.41, 0.0, 0.0], [0.0, 0.48, 0.0, 0.02, 126.51, 126.51, 0.0, 1.0], [0.2, 25.0, 0.0, 0.0])
(139339604, [2.0, 0.64, 0.0, 0.53, 0.0, 3.59, 0.0, 2.42, 0.0, 0.0], [0.0, 0.47, 0.0, 0.02, 126.47, 126.47, 0.0, 1.0], [0.2, 25.0, 0.0, 0.0])
(139439742, [2.0, 0.64, 0.0, 0.53, 0.0, 3.59, 0.0, 2.42, 0.0, 0.0], [0.0, 0.48, 0.0, 0.03, 126.44, 126.44, 0.0, 1.0], [0.2, 25.0, 0.0, 0.0])
(139540568, [2.0, 0.64, 0.0, 0.53, 0.0, 3.59, 0.0, 2.41, 0.0, 0.0], [0.0, 0.45, 0.0, 0.02, 126.41, 126.41, 0.0, 1.0], [0.2, 25.0, 0.0, 0.0])
(139639342, [2.0, 0.64, 0.0, 0.53, 0.0, 3.59, 0.0, 2.42, 0.0, 0.0], [0.0, 0.46, 0.0, 0.02, 126.37, 126.37, 0.0, 1.0], [0.2, 25.0, 0.0, 0.0])
(139739650, [2.0, 0.64, 0.0, 0.53, 0.0, 3.59, 0.0, 2.4, 0.0, 0.0], [0.0, 0.46, 0.0, 0.02, 126.33, 126.33, 0.0, 1.0], [0.2, 25.0, 0.0, 0.0])
(139839412, [2.0, 0.64, 0.0, 0.53, 0.0, 3.59, 0.0, 2.42, 0.0, 0.0], [0.0, 0.46, 0.0, 0.01, 126.3, 126.3, 0.0, 1.0], [0.2, 25.0, 0.0, 0.0])
(139939616, [2.0, 0.64, 0.0, 0.53, 0.0, 3.59, 0.0, 2.42, 0.0, 0.0], [0.0, 0.46, 0.0, 0.01, 126.26, 126.26, 0.0, 1.0], [0.2, 25.0, 0.0, 0.0])
(140039546, [2.0, 0.64, 0.0, 0.53, 0.0, 3.59, 0.0, 2.41, 0.0, 0.0], [0.0, 0.46, 0.0, 0.01, 126.23, 126.23, 0.0, 1.0], [0.2, 25.0, 0.0, 0.0])
(140139749, [2.0, 0.64, 0.0, 0.53, 0.0, 3.59, 0.0, 2.41, 0.0, 0.0], [0.0, 0.45, 0.0, 0.02, 126.19, 126.19, 0.0, 1.0], [0.2, 25.0, 0.0, 0.0])
(140239618, [2.0, 0.64, 0.0, 0.53, 0.0, 1.62, 0.0, 2.43, 0.0, 0.0], [0.0, 0.46, 0.0, 0.03, 126.16, 126.16, 0.0, 1.0], [0.2, 25.0, 0.0, 0.0])
(140339478, [2.0, 0.64, 0.0, 0.53, 0.0, 1.62, 0.0, 2.42, 0.0, 0.0], [0.0, 0.46, 0.0, 0.03, 126.13, 126.13, 0.0, 1.0], [0.2, 25.0, 0.0, 0.0])
(140439511, [2.0, 0.64, 0.0, 0.53, 0.0, 3.0, 0.0, 2.42, 0.0, 0.0], [0.0, 0.47, 0.0, 0.03, 126.09, 126.09, 0.0, 1.0], [0.2, 25.0, 0.0, 0.0])
(140539516, [2.0, 0.64, 0.0, 0.53, 0.0, 3.54, 0.0, 2.42, 0.0, 0.0], [0.0, 0.47, 0.0, 0.03, 126.05, 126.05, 0.0, 1.0], [0.2, 25.0, 0.0, 0.0])
(140639649, [2.0, 0.64, 0.0, 0.53, 0.0, 3.59, 0.0, 2.42, 0.0, 0.0], [0.0, 0.47, 0.0, 0.03, 126.02, 126.02, 0.0, 1.0], [0.2, 25.0, 0.0, 0.0])
(140739496, [2.0, 0.64, 0.0, 0.53, 0.0, 3.59, 0.0, 2.42, 0.0, 0.0], [0.0, 0.46, 0.0, 0.04, 125.98, 125.98, 0.0, 1.0], [0.2, 25.0, 0.0, 0.0])
(140839580, [2.0, 0.64, 0.0, 0.53, 0.0, 3.59, 0.0, 2.41, 0.0, 0.0], [0.0, 0.47, 0.0, 0.04, 125.95, 125.95, 0.0, 1.0], [0.2, 25.0, 0.0, 0.0])
(140939522, [2.0, 0.64, 0.0, 0.53, 0.0, 3.59, 0.0, 2.41, 0.0, 0.0], [0.0, 0.44, 0.0, 0.03, 125.96, 125.92, 0.0, 1.0], [0.2, 25.0, 0.0, 0.0])
(336767048, [2.0, 0.64, 0.0, 0.47, 0.0, 1.54, 0.0, 2.48, 0.0, 0.0], [0.0, 0.11, 0.0, 0.58, 76.29, 76.29, 0.0, 1.0], [0.2, 25.0, 0.0, 0.0])
(336867346, [2.0, 0.64, 0.0, 0.47, 0.0, 1.54, 0.0, 2.47, 0.0, 0.0], [0.0, 0.11, 0.0, 0.58, 76.26, 76.26, 0.0, 1.0], [0.2, 25.0, 0.0, 0.0])
(336966998, [2.0, 0.64, 0.0, 0.47, 0.0, 0.94, 0.0, 2.47, 0.0, 0.0], [0.0, 0.11, 0.0, 0.58, 76.24, 76.24, 0.0, 1.0], [0.2, 25.0, 0.0, 0.0])
(337067282, [2.0, 0.64, 0.0, 0.47, 0.0, 2.8, 0.0, 2.47, 0.0, 0.0], [0.0, 0.11, 0.0, 0.58, 76.21, 76.21, 0.0, 1.0], [0.2, 25.0, 0.0, 0.0])
(337167089, [2.0, 0.64, 0.0, 0.47, 0.0, 3.36, 0.0, 2.47, 0.0, 0.0], [0.0, 0.11, 0.0, 0.59, 76.19, 76.19, 0.0, 1.0], [0.2, 25.0, 0.0, 0.0])
(337267609, [2.0, 0.64, 0.0, 0.47, 0.0, 3.57, 0.0, 2.49, 0.0, 0.0], [0.0, 0.11, 0.0, 0.59, 76.16, 76.16, 0.0, 1.0], [0.2, 25.0, 0.0, 0.0])
(337367119, [2.0, 0.64, 0.0, 0.47, 0.0, 3.59, 0.0, 2.47, 0.0, 0.0], [0.0, 0.11, 0.0, 0.59, 76.14, 76.14, 0.0, 1.0], [0.2, 25.0, 0.0, 0.0])
(337467210, [2.0, 0.64, 0.0, 0.47, 0.0, 3.59, 0.0, 2.48, 0.0, 0.0], [0.0, 0.11, 0.0, 0.6, 76.12, 76.12, 0.0, 1.0], [0.2, 25.0, 0.0, 0.0])
(337566996, [2.0, 0.64, 0.0, 0.47, 0.0, 3.59, 0.0, 2.48, 0.0, 0.0], [0.0, 0.1, 0.0, 0.61, 76.09, 76.09, 0.0, 1.0], [0.2, 25.0, 0.0, 0.0])
(337667042, [2.0, 0.64, 0.0, 0.47, 0.0, 1.58, 0.0, 2.48, 0.0, 0.0], [0.0, 0.1, 0.0, 0.61, 76.07, 76.07, 0.0, 1.0], [0.2, 25.0, 0.0, 0.0])
(337767082, [2.0, 0.64, 0.0, 0.47, 0.0, 1.58, 0.0, 2.48, 0.0, 0.0], [0.0, 0.09, 0.0, 0.62, 76.05, 76.05, 0.0, 1.0], [0.2, 25.0, 0.0, 0.0])
(337866992, [2.0, 0.64, 0.0, 0.47, 0.0, 3.41, 0.0, 2.47, 0.0, 0.0], [0.0, 0.09, 0.0, 0.63, 76.03, 76.03, 0.0, 1.0], [0.2, 25.0, 0.0, 0.0])
(337967062, [2.0, 0.64, 0.0, 0.47, 0.0, 3.54, 0.0, 2.46, 0.0, 0.0], [0.0, 0.09, 0.0, 0.63, 76.01, 76.0, 0.0, 1.0], [0.2, 25.0, 0.0, 0.0])
(338067285, [2.0, 0.64, 0.0, 0.47, 0.0, 3.59, 0.0, 2.47, 0.0, 0.0], [0.0, 0.08, 0.0, 0.63, 75.98, 75.98, 0.0, 1.0], [0.2, 25.0, 0.0, 0.0])
(338167191, [2.0, 0.64, 0.0, 0.47, 0.0, 3.59, 0.0, 2.48, 0.0, 0.0], [0.0, 0.08, 0.0, 0.64, 75.96, 75.95, 0.0, 1.0], [0.2, 25.0, 0.0, 0.0])
(338267192, [2.0, 0.64, 0.0, 0.47, 0.0, 3.59, 0.0, 2.48, 0.0, 0.0], [0.0, 0.07, 0.0, 0.64, 75.93, 75.93, 0.0, 1.0], [0.2, 25.0, 0.0, 0.0])
(338367185, [2.0, 0.64, 0.0, 0.47, 0.0, 3.59, 0.0, 2.48, 0.0, 0.0], [0.0, 0.07, 0.0, 0.65, 75.91, 75.91, 0.0, 1.0], [0.2, 25.0, 0.0, 0.0])
(338467168, [2.0, 0.64, 0.0, 0.47, 0.0, 3.59, 0.0, 2.47, 0.0, 0.0], [0.0, 0.06, 0.0, 0.65, 75.89, 75.89, 0.0, 1.0], [0.2, 25.0, 0.0, 0.0])
(338567245, [2.0, 0.64, 0.0, 0.47, 0.0, 1.58, 0.0, 2.46, 0.0, 0.0], [0.0, 0.06, 0.0, 0.66, 75.86, 75.86, 0.0, 1.0], [0.2, 25.0, 0.0, 0.0])
(338667145, [2.0, 0.64, 0.0, 0.47, 0.0, 1.58, 0.0, 2.46, 0.0, 0.0], [0.0, 0.06, 0.0, 0.67, 75.84, 75.84, 0.0, 1.0], [0.2, 25.0, 0.0, 0.0])
(338767307, [2.0, 0.64, 0.0, 0.47, 0.0, 1.38, 0.0, 2.46, 0.0, 0.0], [0.0, 0.05, 0.0, 0.68, 75.81, 75.81, 0.0, 1.0], [0.2, 25.0, 0.0, 0.0])
(338867578, [2.0, 0.64, 0.0, 0.47, 0.0, 1.38, 0.0, 2.46, 0.0, 0.0], [0.0, 0.05, 0.0, 0.68, 75.79, 75.79, 0.0, 1.0], [0.2, 25.0, 0.0, 0.0])
(338967255, [2.0, 0.64, 0.0, 0.47, 0.0, 0.9, 0.0, 2.47, 0.0, 0.0], [0.0, 0.04, 0.0, 0.69, 75.76, 75.76, 0.0, 1.0], [0.2, 25.0, 0.0, 0.0])
(339067142, [2.0, 0.64, 0.0, 0.47, 0.0, 0.9, 0.0, 2.45, 0.0, 0.0], [0.0, 0.04, 0.0, 0.7, 75.73, 75.73, 0.0, 1.0], [0.2, 25.0, 0.0, 0.0])
(339167151, [2.0, 0.64, 0.0, 0.47, 0.0, 0.76, 0.0, 2.47, 0.0, 0.0], [0.0, 0.04, 0.0, 0.7, 75.69, 75.69, 0.0, 1.0], [0.2, 25.0, 0.0, 0.0])
(339267126, [2.0, 0.64, 0.0, 0.47, 0.0, 0.71, 0.0, 2.47, 0.0, 0.0], [0.0, 0.04, 0.0, 0.7, 75.69, 75.69, 0.0, 1.0], [0.2, 25.0, 0.0, 0.0])
(339367432, [2.0, 0.64, 0.0, 0.47, 0.0, 0.71, 0.0, 2.47, 0.0, 0.0], [0.0, 0.06, 0.0, 0.71, 75.65, 75.65, 0.0, 1.0], [0.2, 25.0, 0.0, 0.0])
(339467177, [2.0, 0.64, 0.0, 0.47, 0.0, 2.73, 0.0, 2.47, 0.0, 0.0], [0.0, 0.05, 0.0, 0.7, 75.63, 75.63, 0.0, 1.0], [0.2, 25.0, 0.0, 0.0])
(339567546, [2.0, 0.64, 0.0, 0.47, 0.0, 0.88, 0.0, 2.49, 0.0, 0.0], [0.0, 0.04, 0.0, 0.7, 75.62, 75.62, 0.0, 1.0], [0.2, 25.0, 0.0, 0.0])
(339666951, [2.0, 0.64, 0.0, 0.47, 0.0, 0.73, 0.0, 2.46, 0.0, 0.0], [0.0, 0.05, 0.0, 0.71, 75.59, 75.59, 0.0, 1.0], [0.2, 25.0, 0.0, 0.0])
(339767208, [2.0, 0.64, 0.0, 0.47, 0.0, 0.73, 0.0, 2.47, 0.0, 0.0], [0.0, 0.04, 0.0, 0.71, 75.55, 75.55, 0.0, 1.0], [0.2, 25.0, 0.0, 0.0])
(339867139, [2.0, 0.64, 0.0, 0.47, 0.0, 2.73, 0.0, 2.47, 0.0, 0.0], [0.0, 0.03, 0.0, 0.71, 75.52, 75.52, 0.0, 1.0], [0.2, 25.0, 0.0, 0.0])
(339967016, [2.0, 0.64, 0.0, 0.47, 0.0, 3.51, 0.0, 2.46, 0.0, 0.0], [0.0, 0.04, 0.0, 0.72, 75.5, 75.5, 0.0, 1.0], [0.2, 25.0, 0.0, 0.0])
(340067225, [2.0, 0.64, 0.0, 0.47, 0.0, 3.57, 0.0, 2.47, 0.0, 0.0], [0.0, 0.03, 0.0, 0.72, 75.48, 75.48, 0.0, 1.0], [0.2, 25.0, 0.0, 0.0])
(340167144, [2.0, 0.64, 0.0, 0.47, 0.0, 1.56, 0.0, 2.47, 0.0, 0.0], [0.0, 0.04, 0.0, 0.72, 75.46, 75.46, 0.0, 1.0], [0.2, 25.0, 0.0, 0.0])
(340267301, [2.0, 0.64, 0.0, 0.47, 0.0, 1.02, 0.0, 2.47, 0.0, 0.0], [0.0, 0.03, 0.0, 0.73, 75.44, 75.44, 0.0, 1.0], [0.2, 25.0, 0.0, 0.0])
(340367233, [2.0, 0.64, 0.0, 0.47, 0.0, 1.02, 0.0, 2.47, 0.0, 0.0], [0.0, 0.03, 0.0, 0.74, 75.41, 75.41, 0.0, 1.0], [0.2, 25.0, 0.0, 0.0])
(340467263, [2.0, 0.64, 0.0, 0.47, 0.0, 2.82, 0.0, 2.47, 0.0, 0.0], [0.0, 0.04, 0.0, 0.75, 75.38, 75.38, 0.0, 1.0], [0.2, 25.0, 0.0, 0.0])
(340567482, [2.0, 0.64, 0.0, 0.47, 0.0, 3.52, 0.0, 2.48, 0.0, 0.0], [0.0, 0.01, 0.0, 0.75, 75.36, 75.36, 0.0, 1.0], [0.2, 25.0, 0.0, 0.0])
(340667233, [2.0, 0.64, 0.0, 0.47, 0.0, 3.59, 0.0, 2.48, 0.0, 0.0], [0.0, 0.02, 0.0, 0.76, 75.33, 75.33, 0.0, 1.0], [0.2, 25.0, 0.0, 0.0])
(340767524, [2.0, 0.64, 0.0, 0.47, 0.0, 3.59, 0.0, 2.48, 0.0, 0.0], [0.0, 0.01, 0.0, 0.76, 75.31, 75.31, 0.0, 1.0], [0.2, 25.0, 0.0, 0.0])
(340867206, [2.0, 0.64, 0.0, 0.47, 0.0, 3.59, 0.0, 2.47, 0.0, 0.0], [0.0, 0.02, 0.0, 0.77, 75.29, 75.29, 0.0, 1.0], [0.2, 25.0, 0.0, 0.0])
(340966992, [2.0, 0.64, 0.0, 0.47, 0.0, 3.59, 0.0, 2.47, 0.0, 0.0], [0.0, 0.01, 0.0, 0.77, 75.27, 75.27, 0.0, 1.0], [0.2, 25.0, 0.0, 0.0])
(341067558, [2.0, 0.64, 0.0, 0.47, 0.0, 3.59, 0.0, 2.48, 0.0, 0.0], [0.0, 0.01, 0.0, 0.77, 75.23, 75.23, 0.0, 1.0], [0.2, 25.0, 0.0, 0.0])
(341166971, [2.0, 0.64, 0.0, 0.47, 0.0, 3.59, 0.0, 2.48, 0.0, 0.0], [0.0, 0.01, 0.0, 0.78, 75.21, 75.21, 0.0, 1.0], [0.2, 25.0, 0.0, 0.0])
(341267179, [2.0, 0.64, 0.0, 0.47, 0.0, 3.59, 0.0, 2.48, 0.0, 0.0], [0.0, 0.01, 0.0, 0.79, 75.18, 75.18, 0.0, 1.0], [0.2, 25.0, 0.0, 0.0])
(341367085, [2.0, 0.64, 0.0, 0.47, 0.0, 3.59, 0.0, 2.47, 0.0, 0.0], [0.0, 0.01, 0.0, 0.8, 75.16, 75.16, 0.0, 1.0], [0.2, 25.0, 0.0, 0.0])
(341467331, [2.0, 0.64, 0.0, 0.47, 0.0, 3.59, 0.0, 2.47, 0.0, 0.0], [0.0, 0.02, 0.0, 0.8, 75.13, 75.13, 0.0, 1.0], [0.2, 25.0, 0.0, 0.0])
(341567118, [2.0, 0.64, 0.0, 0.47, 0.0, 3.59, 0.0, 2.47, 0.0, 0.0], [0.0, 0.02, 0.0, 0.81, 75.11, 75.11, 0.0, 1.0], [0.2, 25.0, 0.0, 0.0])
(341667117, [2.0, 0.64, 0.0, 0.47, 0.0, 3.59, 0.0, 2.49, 0.0, 0.0], [0.0, 0.02, 0.0, 0.8, 75.09, 75.09, 0.0, 1.0], [0.2, 25.0, 0.0, 0.0])
(341767306, [2.0, 0.64, 0.0, 0.47, 0.0, 3.59, 0.0, 2.48, 0.0, 0.0], [0.0, 0.02, 0.0, 0.8, 75.06, 75.06, 0.0, 1.0], [0.2, 25.0, 0.0, 0.0])
(341868335, [2.0, 0.64, 0.0, 0.47, 0.0, 1.56, 0.0, 2.46, 0.0, 0.0], [0.0, 0.03, 0.0, 0.79, 75.06, 75.03, 0.0, 1.0], [0.2, 25.0, 0.0, 0.0])
(341967214, [2.0, 0.64, 0.0, 0.47, 0.0, 1.56, 0.0, 2.47, 0.0, 0.0], [0.0, 0.0, 0.0, 0.79, 75.06, 75.0, 0.0, 1.0], [0.2, 25.0, 0.0, 0.0])
(342067132, [2.0, 0.64, 0.0, 0.47, 0.0, 0.93, 0.0, 2.47, 0.0, 0.0], [0.0, 0.01, 0.0, 0.79, 75.06, 74.97, 0.0, 1.0], [0.2, 25.0, 0.0, 0.0])
(342167589, [2.0, 0.64, 0.0, 0.47, 0.0, 0.93, 0.0, 2.47, 0.0, 0.0], [0.0, 0.01, 0.0, 0.69, 75.06, 74.94, 0.0, 1.0], [0.2, 25.0, 0.0, 0.0])
(342267658, [2.0, 0.64, 0.0, 0.47, 0.0, 2.79, 0.0, 2.47, 0.0, 0.0], [0.0, -0.06, 0.0, -1.1, 75.06, 74.95, 0.0, 1.0], [0.2, 25.0, 0.0, 0.0])
(342367514, [2.0, 0.64, 0.0, 0.47, 0.0, 3.35, 0.0, 2.47, 0.0, 0.0], [-0.86, -0.84, 0.6, -5.04, 75.06, 75.34, 0.0, 1.0], [0.2, 25.0, 0.0, 0.0])
(342467581, [2.0, 0.64, 0.0, 0.47, 0.0, 3.52, 0.0, 2.47, 0.0, 0.0], [-1.68, -2.61, 1.15, -7.45, 75.06, 76.11, 0.01, 1.0], [0.2, 25.0, 0.0, 0.0])
(342567433, [2.0, 0.62, 0.0, 0.47, 0.0, 3.52, 0.0, 2.47, 0.0, 0.0], [-2.07, -3.35, 1.44, -8.53, 75.06, 77.12, 0.01, 1.0], [0.2, 25.0, 0.0, 0.0])
(342667463, [2.0, 0.59, 0.0, 0.48, 0.0, 3.57, 0.0, 2.44, 0.0, 0.0], [-2.25, -3.21, 1.6, -8.54, 75.06, 78.19, 0.04, 1.0], [0.2, 25.0, 0.0, 0.0])
(342767418, [2.0, 0.53, 0.0, 0.48, 0.0, 3.59, 0.0, 2.45, 0.0, 0.0], [-2.3, -3.07, 1.73, -7.74, 75.06, 79.2, 0.04, 1.0], [0.2, 25.0, 0.0, 0.0])
(361368097, [2.0, 2.52, 0.0, 0.5, 0.0, 0.44, 0.0, 3.59, 0.0, 0.0], [0.0, -0.04, 0.0, 0.93, 346.85, 346.86, 0.0, 1.0], [0.2, 25.0, 0.0, 0.0])
(361467766, [2.0, 2.52, 0.0, 0.5, 0.0, 0.44, 0.0, 3.59, 0.0, 0.0], [0.0, -0.04, 0.0, 0.94, 346.83, 346.83, 0.0, 1.0], [0.2, 25.0, 0.0, 0.0])
(361568015, [2.0, 2.52, 0.0, 0.5, 0.0, 0.44, 0.0, 3.59, 0.0, 0.0], [0.0, -0.04, 0.0, 0.93, 346.8, 346.81, 0.0, 1.0], [0.2, 25.0, 0.0, 0.0])
(361668088, [2.0, 2.52, 0.0, 0.5, 0.0, 0.44, 0.0, 3.59, 0.0, 0.0], [0.0, -0.04, 0.0, 0.94, 346.78, 346.78, 0.0, 1.0], [0.2, 25.0, 0.0, 0.0])
(361768264, [2.0, 2.51, 0.0, 0.5, 0.0, 0.44, 0.0, 3.59, 0.0, 0.0], [0.0, -0.04, 0.0, 0.94, 346.75, 346.76, 0.01, 1.0], [0.2, 25.0, 0.0, 0.0])
(361868284, [2.0, 2.52, 0.0, 0.5, 0.0, 0.44, 0.0, 3.59, 0.0, 0.0], [0.0, -0.04, 0.0, 0.94, 346.72, 346.73, 0.01, 1.0], [0.2, 25.0, 0.0, 0.0])
(361968208, [2.0, 2.53, 0.0, 0.5, 0.0, 0.44, 0.0, 3.59, 0.0, 0.0], [0.0, -0.04, 0.0, 0.95, 346.7, 346.71, 0.01, 1.0], [0.2, 25.0, 0.0, 0.0])
(362068211, [2.0, 2.53, 0.0, 0.5, 0.0, 0.44, 0.0, 3.59, 0.0, 0.0], [0.0, -0.05, 0.0, 0.94, 346.67, 346.68, 0.01, 1.0], [0.2, 25.0, 0.0, 0.0])
(362168197, [2.0, 2.52, 0.0, 0.5, 0.0, 0.44, 0.0, 3.59, 0.0, 0.0], [0.0, -0.05, 0.0, 0.95, 346.65, 346.66, 0.01, 1.0], [0.2, 25.0, 0.0, 0.0])
(362268008, [2.0, 2.51, 0.0, 0.5, 0.0, 0.44, 0.0, 3.59, 0.0, 0.0], [0.0, -0.06, 0.0, 0.95, 346.63, 346.64, 0.01, 1.0], [0.2, 25.0, 0.0, 0.0])
(362367692, [2.0, 2.53, 0.0, 0.5, 0.0, 0.44, 0.0, 3.59, 0.0, 0.0], [0.0, -0.06, 0.0, 0.96, 346.6, 346.61, 0.01, 1.0], [0.2, 25.0, 0.0, 0.0])
(362468187, [2.0, 2.52, 0.0, 0.5, 0.0, 0.44, 0.0, 1.7, 0.0, 0.0], [0.0, -0.06, 0.0, 0.96, 346.58, 346.59, 0.01, 1.0], [0.2, 25.0, 0.0, 0.0])
(362567717, [2.0, 2.53, 0.0, 0.5, 0.0, 0.44, 0.0, 1.7, 0.0, 0.0], [0.0, -0.07, 0.0, 0.97, 346.55, 346.56, 0.01, 1.0], [0.2, 25.0, 0.0, 0.0])
(362667973, [2.0, 2.53, 0.0, 0.5, 0.0, 0.44, 0.0, 3.42, 0.0, 0.0], [0.0, -0.07, 0.0, 0.97, 346.53, 346.54, 0.01, 1.0], [0.2, 25.0, 0.0, 0.0])
(362767733, [2.0, 2.53, 0.0, 0.5, 0.0, 0.44, 0.0, 3.54, 0.0, 0.0], [0.0, -0.08, 0.0, 0.98, 346.51, 346.52, 0.01, 1.0], [0.2, 25.0, 0.0, 0.0])
(362867938, [2.0, 2.53, 0.0, 0.5, 0.0, 0.44, 0.0, 3.59, 0.0, 0.0], [0.0, -0.08, 0.0, 0.98, 346.48, 346.49, 0.01, 1.0], [0.2, 25.0, 0.0, 0.0])
(362967927, [2.0, 2.52, 0.0, 0.5, 0.0, 0.44, 0.0, 3.59, 0.0, 0.0], [0.0, -0.09, 0.0, 0.98, 346.45, 346.46, 0.01, 1.0], [0.2, 25.0, 0.0, 0.0])
(363068077, [2.0, 2.53, 0.0, 0.5, 0.0, 0.44, 0.0, 3.59, 0.0, 0.0], [0.0, -0.1, 0.0, 0.99, 346.43, 346.44, 0.01, 1.0], [0.2, 25.0, 0.0, 0.0])
(363167985, [2.0, 2.52, 0.0, 0.5, 0.0, 0.44, 0.0, 3.59, 0.0, 0.0], [0.0, -0.1, 0.0, 0.99, 346.4, 346.41, 0.01, 1.0], [0.2, 25.0, 0.0, 0.0])
(363267725, [2.0, 2.52, 0.0, 0.5, 0.0, 0.44, 0.0, 3.59, 0.0, 0.0], [0.0, -0.11, 0.0, 1.0, 346.38, 346.39, 0.01, 1.0], [0.2, 25.0, 0.0, 0.0])
(363367906, [2.0, 2.54, 0.0, 0.5, 0.0, 0.44, 0.0, 3.59, 0.0, 0.0], [0.0, -0.11, 0.0, 1.0, 346.35, 346.36, 0.01, 1.0], [0.2, 25.0, 0.0, 0.0])
(363467668, [2.0, 2.53, 0.0, 0.5, 0.0, 0.44, 0.0, 3.59, 0.0, 0.0], [0.0, -0.12, 0.0, 1.01, 346.33, 346.34, 0.01, 1.0], [0.2, 25.0, 0.0, 0.0])
(363568298, [2.0, 2.52, 0.0, 0.5, 0.0, 0.44, 0.0, 3.59, 0.0, 0.0], [0.0, -0.13, 0.0, 1.01, 346.3, 346.31, 0.01, 1.0], [0.2, 25.0, 0.0, 0.0])
(363667657, [2.0, 2.52, 0.0, 0.5, 0.0, 0.44, 0.0, 3.59, 0.0, 0.0], [0.0, -0.13, 0.0, 1.01, 346.28, 346.29, 0.01, 1.0], [0.2, 25.0, 0.0, 0.0])
(363768019, [2.0, 2.52, 0.0, 0.5, 0.0, 0.44, 0.0, 3.59, 0.0, 0.0], [0.0, -0.13, 0.0, 1.02, 346.25, 346.26, 0.01, 1.0], [0.2, 25.0, 0.0, 0.0])
(363867630, [2.0, 2.52, 0.0, 0.5, 0.0, 0.44, 0.0, 3.59, 0.0, 0.0], [0.0, -0.14, 0.0, 1.02, 346.19, 346.2, 0.01, 1.0], [0.2, 25.0, 0.0, 0.0])
(363968094, [2.0, 2.53, 0.0, 0.5, 0.0, 0.44, 0.0, 3.59, 0.0, 0.0], [0.0, -0.14, 0.0, 1.02, 346.19, 346.2, 0.01, 1.0], [0.2, 25.0, 0.0, 0.0])
(364067692, [2.0, 2.53, 0.0, 0.5, 0.0, 0.44, 0.0, 3.59, 0.0, 0.0], [0.0, -0.14, 0.0, 1.02, 346.18, 346.19, 0.01, 1.0], [0.2, 25.0, 0.0, 0.0])
(364167587, [2.0, 2.53, 0.0, 0.5, 0.0, 0.44, 0.0, 3.59, 0.0, 0.0], [0.0, -0.15, 0.0, 1.01, 346.15, 346.16, 0.01, 1.0], [0.2, 25.0, 0.0, 0.0])
(364268369, [2.0, 2.53, 0.0, 0.5, 0.0, 0.44, 0.0, 3.59, 0.0, 0.0], [0.0, -0.15, 0.0, 1.0, 346.14, 346.15, 0.01, 1.0], [0.2, 25.0, 0.0, 0.0])
(364367596, [2.0, 2.53, 0.0, 0.5, 0.0, 0.44, 0.0, 3.59, 0.0, 0.0], [0.0, -0.16, 0.0, 1.0, 346.1, 346.11, 0.01, 1.0], [0.2, 25.0, 0.0, 0.0])
(364467878, [2.0, 2.54, 0.0, 0.5, 0.0, 0.44, 0.0, 3.59, 0.0, 0.0], [0.0, -0.15, 0.0, 1.0, 346.09, 346.1, 0.01, 1.0], [0.2, 25.0, 0.0, 0.0])
(364567786, [2.0, 2.54, 0.0, 0.5, 0.0, 0.44, 0.0, 3.59, 0.0, 0.0], [0.0, -0.16, 0.0, 1.02, 346.06, 346.07, 0.01, 1.0], [0.2, 25.0, 0.0, 0.0])
(364667683, [2.0, 2.53, 0.0, 0.5, 0.0, 0.44, 0.0, 3.59, 0.0, 0.0], [0.0, -0.17, 0.0, 1.03, 346.04, 346.05, 0.01, 1.0], [0.2, 25.0, 0.0, 0.0])
(364768163, [2.0, 2.54, 0.0, 0.5, 0.0, 0.44, 0.0, 3.59, 0.0, 0.0], [0.0, -0.18, 0.0, 1.03, 346.01, 346.02, 0.01, 1.0], [0.2, 25.0, 0.0, 0.0])
(364867699, [2.0, 2.52, 0.0, 0.5, 0.0, 0.44, 0.0, 3.59, 0.0, 0.0], [0.0, -0.16, 0.0, 1.03, 345.99, 346.0, 0.01, 1.0], [0.2, 25.0, 0.0, 0.0])
(364967728, [2.0, 2.53, 0.0, 0.5, 0.0, 0.44, 0.0, 3.59, 0.0, 0.0], [0.0, -0.16, 0.0, 1.04, 345.97, 345.98, 0.01, 1.0], [0.2, 25.0, 0.0, 0.0])
(365067584, [2.0, 2.53, 0.0, 0.5, 0.0, 0.44, 0.0, 3.59, 0.0, 0.0], [0.0, -0.15, 0.0, 1.05, 345.94, 345.95, 0.01, 1.0], [0.2, 25.0, 0.0, 0.0])
(365167766, [2.0, 2.52, 0.0, 0.5, 0.0, 0.44, 0.0, 3.59, 0.0, 0.0], [0.0, -0.15, 0.0, 1.05, 345.92, 345.93, 0.01, 1.0], [0.2, 25.0, 0.0, 0.0])
(365268090, [2.0, 2.52, 0.0, 0.5, 0.0, 0.44, 0.0, 3.59, 0.0, 0.0], [0.0, -0.14, 0.0, 1.06, 345.89, 345.9, 0.01, 1.0], [0.2, 25.0, 0.0, 0.0])
(365367758, [2.0, 2.53, 0.0, 0.5, 0.0, 0.44, 0.0, 3.59, 0.0, 0.0], [0.0, -0.14, 0.0, 1.06, 345.88, 345.89, 0.01, 1.0], [0.2, 25.0, 0.0, 0.0])
(365467598, [2.0, 2.53, 0.0, 0.5, 0.0, 0.44, 0.0, 3.59, 0.0, 0.0], [0.0, -0.15, 0.0, 1.06, 345.84, 345.85, 0.01, 1.0], [0.2, 25.0, 0.0, 0.0])
(365567616, [2.0, 2.51, 0.0, 0.5, 0.0, 0.44, 0.0, 3.59, 0.0, 0.0], [0.0, -0.14, 0.0, 1.07, 345.82, 345.82, 0.01, 1.0], [0.2, 25.0, 0.0, 0.0])
(365667684, [2.0, 2.53, 0.0, 0.5, 0.0, 0.44, 0.0, 3.59, 0.0, 0.0], [0.0, -0.14, 0.0, 1.07, 345.78, 345.79, 0.01, 1.0], [0.2, 25.0, 0.0, 0.0])
(365768022, [2.0, 2.52, 0.0, 0.5, 0.0, 0.44, 0.0, 1.69, 0.0, 0.0], [0.0, -0.14, 0.0, 1.08, 345.77, 345.78, 0.01, 1.0], [0.2, 25.0, 0.0, 0.0])
(365868092, [2.0, 2.53, 0.0, 0.5, 0.0, 0.44, 0.0, 3.02, 0.0, 0.0], [0.0, -0.14, 0.0, 1.09, 345.74, 345.75, 0.01, 1.0], [0.2, 25.0, 0.0, 0.0])
(365968058, [2.0, 2.53, 0.0, 0.5, 0.0, 0.44, 0.0, 3.42, 0.0, 0.0], [0.0, -0.14, 0.0, 1.09, 345.72, 345.73, 0.01, 1.0], [0.2, 25.0, 0.0, 0.0])
(366068004, [2.0, 2.53, 0.0, 0.5, 0.0, 0.44, 0.0, 3.58, 0.0, 0.0], [0.0, -0.14, 0.0, 1.08, 345.69, 345.7, 0.01, 1.0], [0.2, 25.0, 0.0, 0.0])
(366167727, [2.0, 2.52, 0.0, 0.5, 0.0, 0.44, 0.0, 3.59, 0.0, 0.0], [0.0, -0.14, 0.0, 1.08, 345.67, 345.68, 0.01, 1.0], [0.2, 25.0, 0.0, 0.0])
(366267724, [2.0, 2.52, 0.0, 0.5, 0.0, 0.44, 0.0, 3.59, 0.0, 0.0], [0.0, -0.15, 0.0, 1.09, 345.64, 345.65, 0.01, 1.0], [0.2, 25.0, 0.0, 0.0])
(366368084, [2.0, 2.53, 0.0, 0.5, 0.0, 0.44, 0.0, 3.59, 0.0, 0.0], [0.0, -0.14, 0.0, 1.08, 345.63, 345.64, 0.01, 1.0], [0.2, 25.0, 0.0, 0.0])
(366468049, [2.0, 2.52, 0.0, 0.5, 0.0, 0.44, 0.0, 3.59, 0.0, 0.0], [0.0, -0.13, 0.0, 1.09, 345.62, 345.61, 0.01, 1.0], [0.2, 25.0, 0.0, 0.0])
(366567651, [2.0, 2.52, 0.0, 0.5, 0.0, 0.44, 0.0, 3.59, 0.0, 0.0], [0.0, -0.14, 0.0, 1.1, 345.62, 345.61, 0.01, 1.0], [0.2, 25.0, 0.0, 0.0])
(366668158, [2.0, 2.52, 0.0, 0.5, 0.0, 0.44, 0.0, 3.59, 0.0, 0.0], [0.0, -0.13, 0.0, 1.11, 345.62, 345.59, 0.01, 1.0], [0.2, 25.0, 0.0, 0.0])
(366768129, [2.0, 2.53, 0.0, 0.5, 0.0, 0.44, 0.0, 3.59, 0.0, 0.0], [0.0, -0.12, 0.0, 0.87, 345.62, 345.64, 0.01, 1.0], [0.2, 25.0, 0.0, 0.0])
(366868484, [2.0, 2.53, 0.0, 0.5, 0.0, 0.44, 0.0, 3.59, 0.0, 0.0], [0.0, -0.19, 0.0, -1.4, 345.62, 345.78, 0.01, 1.0], [0.2, 25.0, 0.0, 0.0])
(366968713, [2.0, 2.53, 0.0, 0.5, 0.0, 0.45, 0.0, 3.59, 0.0, 0.0], [-0.8, -0.51, -0.88, -5.62, 345.62, 346.28, 0.02, 1.0], [0.2, 25.0, 0.0, 0.0])
(367068692, [2.0, 2.53, 0.0, 0.5, 0.0, 0.46, 0.0, 3.59, 0.0, 0.0], [-1.43, -1.98, -1.55, -9.47, 345.62, 347.08, 0.02, 1.0], [0.2, 25.0, 0.0, 0.0])
(367168709, [2.0, 2.53, 0.0, 0.5, 0.0, 0.47, 0.0, 3.59, 0.0, 0.0], [-1.74, -2.23, -1.87, -12.01, 345.62, 348.35, 0.04, 1.0], [0.2, 25.0, 0.0, 0.0])
(367269181, [2.0, 2.53, 0.0, 0.5, 0.0, 0.51, 0.0, 3.59, 0.0, 0.0], [-1.92, -1.9, -2.01, -12.29, 345.62, 349.27, 0.04, 1.0], [0.2, 25.0, 0.0, 0.0])
(367371039, [2.0, 1.29, 0.0, 0.49, 0.0, 0.58, 0.0, 3.59, 0.0, 0.0], [-2.06, -1.17, -2.02, -11.65, 345.62, 349.62, 0.08, 1.0], [0.2, 25.0, 0.0, 0.0])
(367478254, [2.0, 1.29, 0.0, 0.48, 0.0, 0.67, 0.0, 3.59, 0.0, 0.0], [-2.2, -0.85, -1.94, -10.36, 345.62, 349.53, 0.08, 1.0], [0.2, 25.0, 0.0, 0.0])
(367579797, [2.0, 1.29, 0.0, 0.43, 0.0, 0.67, 0.0, 3.59, 0.0, 0.0], [-2.37, -1.38, -1.76, -8.78, 345.62, 349.17, 0.09, 1.0], [0.2, 25.0, 0.0, 0.0])
(367679697, [2.0, 1.82, 0.0, 0.43, 0.0, 0.79, 0.0, 3.59, 0.0, 0.0], [-2.58, -2.49, -1.43, -7.74, 345.62, 348.85, 0.09, 1.0], [0.2, 25.0, 0.0, 0.0])
(367780366, [2.0, 1.82, 0.0, 0.4, 0.0, 0.94, 0.0, 1.63, 0.0, 0.0], [-2.75, -3.17, -1.01, -6.68, 345.62, 348.59, 0.1, 1.0], [0.21, 25.0, 0.0, 0.0])
(367882150, [2.0, 1.88, 0.0, 0.4, 0.0, 1.12, 0.0, 1.63, 0.0, 0.0], [-2.87, -3.24, -0.6, -4.94, 345.62, 348.51, 0.1, 1.0], [0.25, 25.0, 0.0, 0.0])
(367985902, [2.0, 1.76, 0.0, 0.4, 0.0, 1.31, 0.0, 1.04, 0.0, 0.0], [-2.93, -2.84, -0.29, -3.98, 345.62, 348.56, 0.09, 1.0], [0.28, 25.0, 0.0, 0.0])
(368087311, [2.0, 1.76, 0.0, 0.4, 0.0, 1.31, 0.0, 0.87, 0.0, 0.0], [-2.96, -3.1, -0.14, -3.37, 345.62, 348.62, 0.09, 1.0], [0.31, 25.0, 0.0, 0.0])
(368188553, [2.0, 1.76, 0.0, 0.4, 0.0, 1.52, 0.0, 0.82, 0.0, 0.0], [-2.98, -4.33, -0.07, -2.89, 345.62, 348.71, 0.08, 1.0], [0.35, 25.0, 0.0, 0.0])
(368288954, [2.0, 1.76, 0.0, 0.4, 0.0, 1.74, 0.0, 0.81, 0.0, 0.0], [-2.99, -6.14, -0.03, -1.89, 345.62, 348.16, 0.08, 1.0], [0.39, 25.0, 0.0, 0.0])
(368389049, [2.0, 3.04, 0.0, 0.4, 0.0, 1.96, 0.0, 0.81, 0.0, 0.0], [-3.0, -7.75, 0.0, -1.53, 345.62, 347.97, 0.09, 1.0], [0.43, 25.0, 0.0, 0.0])
