(43657918, [2.0, 0.64, 0.0, 0.58, 0.0, 3.6, 0.0, 2.44, 0.0, 0.0], [0.0, 0.22, 0.0, -0.07, 33.53, 33.53, 0.0, 1.0], [0.2, 25.0, 0.0, 0.0])
(43758003, [2.0, 0.64, 0.0, 0.58, 0.0, 3.6, 0.0, 2.42, 0.0, 0.0], [0.0, 0.22, 0.0, -0.07, 33.53, 33.53, 0.0, 1.0], [0.2, 25.0, 0.0, 0.0])
(43858102, [2.0, 0.64, 0.0, 0.58, 0.0, 3.6, 0.0, 2.44, 0.0, 0.0], [0.0, 0.22, 0.0, -0.06, 33.53, 33.53, 0.0, 1.0], [0.2, 25.0, 0.0, 0.0])
(43958521, [2.0, 0.64, 0.0, 0.58, 0.0, 3.6, 0.0, 2.44, 0.0, 0.0], [0.0, 0.22, 0.0, -0.06, 33.53, 33.54, 0.0, 1.0], [0.2, 25.0, 0.0, 0.0])
(44058194, [2.0, 0.64, 0.0, 0.59, 0.0, 3.6, 0.0, 2.46, 0.0, 0.0], [0.0, 0.22, 0.0, -0.06, 33.54, 33.55, 0.0, 1.0], [0.2, 25.0, 0.0, 0.0])
(44158086, [2.0, 0.64, 0.0, 0.58, 0.0, 3.6, 0.0, 2.44, 0.0, 0.0], [0.0, 0.22, 0.0, -0.05, 33.54, 33.55, 0.0, 1.0], [0.2, 25.0, 0.0, 0.0])
(44258130, [2.0, 0.64, 0.0, 0.59, 0.0, 3.6, 0.0, 2.45, 0.0, 0.0], [0.0, 0.22, 0.0, -0.05, 33.55, 33.56, 0.0, 1.0], [0.2, 25.0, 0.0, 0.0])
(44357933, [2.0, 0.64, 0.0, 0.58, 0.0, 3.6, 0.0, 2.44, 0.0, 0.0], [0.0, 0.22, 0.0, -0.05, 33.55, 33.56, 0.0, 1.0], [0.2, 25.0, 0.0, 0.0])
(44457947, [2.0, 0.64, 0.0, 0.58, 0.0, 3.6, 0.0, 2.44, 0.0, 0.0], [0.0, 0.22, 0.0, -0.05, 33.56, 33.56, 0.0, 1.0], [0.2, 25.0, 0.0, 0.0])
(44558007, [2.0, 0.64, 0.0, 0.58, 0.0, 0.61, 0.0, 2.43, 0.0, 0.0], [0.0, 0.22, 0.0, -0.05, 33.56, 33.57, 0.0, 1.0], [0.2, 25.0, 0.0, 0.0])
(44657979, [2.0, 0.64, 0.0, 0.59, 0.0, 0.63, 0.0, 2.44, 0.0, 0.0], [0.0, 0.22, 0.0, -0.06, 33.57, 33.57, 0.0, 1.0], [0.2, 25.0, 0.0, 0.0])
(44758111, [2.0, 0.64, 0.0, 0.58, 0.0, 0.63, 0.0, 2.43, 0.0, 0.0], [0.0, 0.22, 0.0, -0.06, 33.57, 33.58, 0.0, 1.0], [0.2, 25.0, 0.0, 0.0])
(44858175, [2.0, 0.64, 0.0, 0.58, 0.0, 0.61, 0.0, 2.43, 0.0, 0.0], [0.0, 0.22, 0.0, -0.06, 33.58, 33.58, 0.0, 1.0], [0.2, 25.0, 0.0, 0.0])
(44958345, [2.0, 0.64, 0.0, 0.58, 0.0, 0.61, 0.0, 2.45, 0.0, 0.0], [0.0, 0.22, 0.0, -0.06, 33.58, 33.59, 0.0, 1.0], [0.2, 25.0, 0.0, 0.0])
(45058013, [2.0, 0.63, 0.0, 0.59, 0.0, 3.6, 0.0, 2.44, 0.0, 0.0], [0.0, 0.22, 0.0, -0.06, 33.59, 33.59, 0.0, 1.0], [0.2, 25.0, 0.0, 0.0])
(45157938, [2.0, 0.64, 0.0, 0.58, 0.0, 3.6, 0.0, 2.47, 0.0, 0.0], [0.0, 0.22, 0.0, -0.06, 33.59, 33.6, 0.0, 1.0], [0.2, 25.0, 0.0, 0.0])
(45258409, [2.0, 0.64, 0.0, 0.58, 0.0, 3.6, 0.0, 2.44, 0.0, 0.0], [0.0, 0.22, 0.0, -0.06, 33.6, 33.6, 0.0, 1.0], [0.2, 25.0, 0.0, 0.0])
(45358334, [2.0, 0.64, 0.0, 0.59, 0.0, 3.6, 0.0, 2.44, 0.0, 0.0], [0.0, 0.22, 0.0, -0.06, 33.6, 33.61, 0.0, 1.0], [0.2, 25.0, 0.0, 0.0])
(45458348, [2.0, 0.64, 0.0, 0.58, 0.0, 3.6, 0.0, 2.44, 0.0, 0.0], [0.0, 0.22, 0.0, -0.07, 33.61, 33.61, 0.0, 1.0], [0.2, 25.0, 0.0, 0.0])
(45558167, [2.0, 0.64, 0.0, 0.58, 0.0, 3.6, 0.0, 2.45, 0.0, 0.0], [0.0, 0.22, 0.0, -0.07, 33.61, 33.62, 0.0, 1.0], [0.2, 25.0, 0.0, 0.0])
(45658076, [2.0, 0.64, 0.0, 0.58, 0.0, 3.6, 0.0, 2.43, 0.0, 0.0], [0.0, 0.22, 0.0, -0.07, 33.62, 33.62, 0.0, 1.0], [0.2, 25.0, 0.0, 0.0])
(45758202, [2.0, 0.64, 0.0, 0.59, 0.0, 3.6, 0.0, 2.44, 0.0, 0.0], [0.0, 0.22, 0.0, -0.07, 33.62, 33.63, 0.0, 1.0], [0.2, 25.0, 0.0, 0.0])
(45858327, [2.0, 0.64, 0.0, 0.58, 0.0, 3.6, 0.0, 2.44, 0.0, 0.0], [0.0, 0.22, 0.0, -0.07, 33.63, 33.63, 0.0, 1.0], [0.2, 25.0, 0.0, 0.0])
(45957982, [2.0, 0.64, 0.0, 0.58, 0.0, 3.6, 0.0, 2.45, 0.0, 0.0], [0.0, 0.21, 0.0, -0.06, 33.63, 33.64, 0.0, 1.0], [0.2, 25.0, 0.0, 0.0])
(46058391, [2.0, 0.64, 0.0, 0.58, 0.0, 3.6, 0.0, 2.43, 0.0, 0.0], [0.0, 0.21, 0.0, -0.05, 33.61, 33.62, 0.0, 1.0], [0.2, 25.0, 0.0, 0.0])
(46158089, [2.0, 0.64, 0.0, 0.58, 0.0, 3.6, 0.0, 2.45, 0.0, 0.0], [0.0, 0.21, 0.0, -0.05, 33.64, 33.65, 0.0, 1.0], [0.2, 25.0, 0.0, 0.0])
(46258373, [2.0, 0.64, 0.0, 0.58, 0.0, 3.6, 0.0, 2.43, 0.0, 0.0], [0.0, 0.23, 0.0, -0.04, 33.64, 33.64, 0.0, 1.0], [0.2, 25.0, 0.0, 0.0])
(46358051, [2.0, 0.64, 0.0, 0.58, 0.0, 3.6, 0.0, 2.44, 0.0, 0.0], [0.0, 0.23, 0.0, -0.04, 33.64, 33.65, 0.0, 1.0], [0.2, 25.0, 0.0, 0.0])
(46458497, [2.0, 0.64, 0.0, 0.58, 0.0, 3.6, 0.0, 2.45, 0.0, 0.0], [0.0, 0.23, 0.0, -0.03, 33.65, 33.65, 0.0, 1.0], [0.2, 25.0, 0.0, 0.0])
(46558079, [2.0, 0.64, 0.0, 0.58, 0.0, 3.6, 0.0, 2.45, 0.0, 0.0], [0.0, 0.24, 0.0, -0.03, 33.65, 33.65, 0.0, 1.0], [0.2, 25.0, 0.0, 0.0])
(46658196, [2.0, 0.64, 0.0, 0.59, 0.0, 3.6, 0.0, 2.44, 0.0, 0.0], [0.0, 0.24, 0.0, -0.03, 33.65, 33.66, 0.0, 1.0], [0.2, 25.0, 0.0, 0.0])
(46758424, [2.0, 0.64, 0.0, 0.59, 0.0, 3.6, 0.0, 2.44, 0.0, 0.0], [0.0, 0.25, 0.0, -0.04, 33.66, 33.67, 0.0, 1.0], [0.2, 25.0, 0.0, 0.0])
(46858340, [2.0, 0.64, 0.0, 0.58, 0.0, 3.6, 0.0, 2.45, 0.0, 0.0], [0.0, 0.25, 0.0, -0.04, 33.66, 33.67, 0.0, 1.0], [0.2, 25.0, 0.0, 0.0])
(46958152, [2.0, 0.64, 0.0, 0.58, 0.0, 3.6, 0.0, 2.45, 0.0, 0.0], [0.0, 0.24, 0.0, -0.04, 33.68, 33.69, 0.0, 1.0], [0.2, 25.0, 0.0, 0.0])
(47058826, [2.0, 0.64, 0.0, 0.58, 0.0, 3.6, 0.0, 2.45, 0.0, 0.0], [0.0, 0.25, 0.0, -0.04, 33.67, 33.68, 0.0, 1.0], [0.2, 25.0, 0.0, 0.0])
(47158351, [2.0, 0.64, 0.0, 0.58, 0.0, 3.6, 0.0, 2.43, 0.0, 0.0], [0.0, 0.25, 0.0, -0.04, 33.69, 33.69, 0.0, 1.0], [0.2, 25.0, 0.0, 0.0])
(47258196, [2.0, 0.64, 0.0, 0.58, 0.0, 3.6, 0.0, 2.45, 0.0, 0.0], [0.0, 0.27, 0.0, -0.05, 33.68, 33.69, 0.0, 1.0], [0.2, 25.0, 0.0, 0.0])
(47358130, [2.0, 0.64, 0.0, 0.58, 0.0, 3.6, 0.0, 2.44, 0.0, 0.0], [0.0, 0.26, 0.0, -0.06, 33.69, 33.7, 0.0, 1.0], [0.2, 25.0, 0.0, 0.0])
(47458025, [2.0, 0.64, 0.0, 0.58, 0.0, 3.6, 0.0, 2.43, 0.0, 0.0], [0.0, 0.27, 0.0, -0.06, 33.7, 33.71, 0.0, 1.0], [0.2, 25.0, 0.0, 0.0])
(47558531, [2.0, 0.64, 0.0, 0.58, 0.0, 3.6, 0.0, 2.44, 0.0, 0.0], [0.0, 0.26, 0.0, -0.06, 33.7, 33.7, 0.0, 1.0], [0.2, 25.0, 0.0, 0.0])
(47658404, [2.0, 0.64, 0.0, 0.59, 0.0, 3.6, 0.0, 2.44, 0.0, 0.0], [0.0, 0.26, 0.0, -0.05, 33.72, 33.72, 0.0, 1.0], [0.2, 25.0, 0.0, 0.0])
(47758501, [2.0, 0.64, 0.0, 0.58, 0.0, 0.62, 0.0, 2.45, 0.0, 0.0], [0.0, 0.26, 0.0, -0.05, 33.71, 33.71, 0.0, 1.0], [0.2, 25.0, 0.0, 0.0])
(47858497, [2.0, 0.64, 0.0, 0.59, 0.0, 0.62, 0.0, 2.43, 0.0, 0.0], [0.0, 0.26, 0.0, -0.06, 33.73, 33.73, 0.0, 1.0], [0.2, 25.0, 0.0, 0.0])
(47958190, [2.0, 0.64, 0.0, 0.58, 0.0, 0.62, 0.0, 2.44, 0.0, 0.0], [0.0, 0.26, 0.0, -0.06, 33.72, 33.72, 0.0, 1.0], [0.2, 25.0, 0.0, 0.0])
(48058184, [2.0, 0.64, 0.0, 0.58, 0.0, 3.6, 0.0, 2.44, 0.0, 0.0], [0.0, 0.26, 0.0, -0.05, 33.73, 33.73, 0.0, 1.0], [0.2, 25.0, 0.0, 0.0])
(48158131, [2.0, 0.64, 0.0, 0.58, 0.0, 3.6, 0.0, 2.44, 0.0, 0.0], [0.0, 0.27, 0.0, -0.06, 33.73, 33.73, 0.0, 1.0], [0.2, 25.0, 0.0, 0.0])
(48259216, [2.0, 0.64, 0.0, 0.58, 0.0, 3.6, 0.0, 2.44, 0.0, 0.0], [0.0, 0.27, 0.0, -0.06, 33.73, 33.74, 0.0, 1.0], [0.2, 25.0, 0.0, 0.0])
(48358648, [2.0, 0.64, 0.0, 0.58, 0.0, 3.6, 0.0, 2.44, 0.0, 0.0], [0.0, 0.27, 0.0, -0.05, 33.74, 33.75, 0.0, 1.0], [0.2, 25.0, 0.0, 0.0])
(48459139, [2.0, 0.64, 0.0, 0.58, 0.0, 3.6, 0.0, 2.43, 0.0, 0.0], [0.0, 0.26, 0.0, -0.05, 33.74, 33.75, 0.0, 1.0], [0.2, 25.0, 0.0, 0.0])
(48558140, [2.0, 0.64, 0.0, 0.58, 0.0, 3.6, 0.0, 2.43, 0.0, 0.0], [0.0, 0.27, 0.0, -0.05, 33.76, 33.76, 0.0, 1.0], [0.2, 25.0, 0.0, 0.0])
(48658170, [2.0, 0.64, 0.0, 0.58, 0.0, 3.6, 0.0, 2.44, 0.0, 0.0], [0.0, 0.27, 0.0, -0.05, 33.75, 33.76, 0.0, 1.0], [0.2, 25.0, 0.0, 0.0])
(48758324, [2.0, 0.64, 0.0, 0.58, 0.0, 3.6, 0.0, 2.44, 0.0, 0.0], [0.0, 0.28, 0.0, -0.05, 33.77, 33.78, 0.0, 1.0], [0.2, 25.0, 0.0, 0.0])
(48858194, [2.0, 0.64, 0.0, 0.58, 0.0, 3.6, 0.0, 2.44, 0.0, 0.0], [0.0, 0.27, 0.0, -0.05, 33.76, 33.77, 0.0, 1.0], [0.2, 25.0, 0.0, 0.0])
(48958047, [2.0, 0.64, 0.0, 0.58, 0.0, 3.6, 0.0, 2.45, 0.0, 0.0], [0.0, 0.28, 0.0, -0.05, 33.77, 33.78, 0.0, 1.0], [0.2, 25.0, 0.0, 0.0])
(49058031, [2.0, 0.64, 0.0, 0.58, 0.0, 3.6, 0.0, 2.45, 0.0, 0.0], [0.0, 0.28, 0.0, -0.05, 33.77, 33.77, 0.0, 1.0], [0.2, 25.0, 0.0, 0.0])
(49158013, [2.0, 0.64, 0.0, 0.59, 0.0, 3.6, 0.0, 2.44, 0.0, 0.0], [0.0, 0.28, 0.0, -0.05, 33.78, 33.78, 0.0, 1.0], [0.2, 25.0, 0.0, 0.0])
(49258306, [2.0, 0.64, 0.0, 0.58, 0.0, 3.6, 0.0, 2.43, 0.0, 0.0], [0.0, 0.29, 0.0, -0.05, 33.77, 33.78, 0.0, 1.0], [0.2, 25.0, 0.0, 0.0])
(49358154, [2.0, 0.64, 0.0, 0.59, 0.0, 3.6, 0.0, 2.45, 0.0, 0.0], [0.0, 0.28, 0.0, -0.06, 33.78, 33.79, 0.0, 1.0], [0.2, 25.0, 0.0, 0.0])
(49460638, [2.0, 0.64, 0.0, 0.58, 0.0, 3.6, 0.0, 2.43, 0.0, 0.0], [0.0, 0.29, 0.0, -0.05, 33.78, 33.78, 0.0, 1.0], [0.2, 25.0, 0.0, 0.0])
(49559107, [2.0, 0.64, 0.0, 0.58, 0.0, 3.6, 0.0, 2.43, 0.0, 0.0], [0.0, 0.29, 0.0, -0.05, 33.78, 33.79, 0.0, 1.0], [0.2, 25.0, 0.0, 0.0])
(49659098, [2.0, 0.64, 0.0, 0.58, 0.0, 3.6, 0.0, 2.44, 0.0, 0.0], [0.0, 0.29, 0.0, -0.05, 33.79, 33.8, 0.0, 1.0], [0.2, 25.0, 0.0, 0.0])
(49759386, [2.0, 0.64, 0.0, 0.58, 0.0, 3.6, 0.0, 2.44, 0.0, 0.0], [0.0, 0.29, 0.0, -0.05, 33.79, 33.8, 0.0, 1.0], [0.2, 25.0, 0.0, 0.0])
(49859166, [2.0, 0.64, 0.0, 0.58, 0.0, 3.6, 0.0, 2.43, 0.0, 0.0], [0.0, 0.29, 0.0, -0.06, 33.8, 33.8, 0.0, 1.0], [0.2, 25.0, 0.0, 0.0])
(49959625, [2.0, 0.64, 0.0, 0.58, 0.0, 3.6, 0.0, 2.43, 0.0, 0.0], [0.0, 0.29, 0.0, -0.06, 33.8, 33.81, 0.0, 1.0], [0.2, 25.0, 0.0, 0.0])
(50058947, [2.0, 0.64, 0.0, 0.58, 0.0, 3.6, 0.0, 2.44, 0.0, 0.0], [0.0, 0.29, 0.0, -0.06, 33.81, 33.81, 0.0, 1.0], [0.2, 25.0, 0.0, 0.0])
(50159282, [2.0, 0.63, 0.0, 0.59, 0.0, 0.63, 0.0, 2.45, 0.0, 0.0], [0.0, 0.29, 0.0, -0.06, 33.81, 33.82, 0.0, 1.0], [0.2, 25.0, 0.0, 0.0])
(50259331, [2.0, 0.64, 0.0, 0.58, 0.0, 0.63, 0.0, 2.44, 0.0, 0.0], [0.0, 0.29, 0.0, -0.06, 33.81, 33.82, 0.0, 1.0], [0.2, 25.0, 0.0, 0.0])
(50359105, [2.0, 0.64, 0.0, 0.58, 0.0, 3.6, 0.0, 2.44, 0.0, 0.0], [0.0, 0.29, 0.0, -0.06, 33.82, 33.83, 0.0, 1.0], [0.2, 25.0, 0.0, 0.0])
(50459158, [2.0, 0.64, 0.0, 0.58, 0.0, 3.6, 0.0, 2.44, 0.0, 0.0], [0.0, 0.29, 0.0, -0.06, 33.82, 33.82, 0.0, 1.0], [0.2, 25.0, 0.0, 0.0])
(50559122, [2.0, 0.64, 0.0, 0.58, 0.0, 3.6, 0.0, 2.44, 0.0, 0.0], [0.0, 0.29, 0.0, -0.06, 33.83, 33.84, 0.0, 1.0], [0.2, 25.0, 0.0, 0.0])
(55566079, [2.0, 0.64, 0.0, 0.58, 0.0, 3.6, 0.0, 2.43, 0.0, 0.0], [0.0, 0.21, 0.0, 0.01, 34.03, 34.04, 0.0, 1.0], [0.2, 25.0, 0.0, 0.0])
(55665545, [2.0, 0.64, 0.0, 0.58, 0.0, 3.6, 0.0, 2.44, 0.0, 0.0], [0.0, 0.21, 0.0, 0.01, 34.04, 34.04, 0.0, 1.0], [0.2, 25.0, 0.0, 0.0])
(55766459, [2.0, 0.64, 0.0, 0.58, 0.0, 3.6, 0.0, 2.44, 0.0, 0.0], [0.0, 0.21, 0.0, 0.02, 34.04, 34.05, 0.0, 1.0], [0.2, 25.0, 0.0, 0.0])
(55865529, [2.0, 0.64, 0.0, 0.58, 0.0, 3.6, 0.0, 2.43, 0.0, 0.0], [0.0, 0.21, 0.0, 0.02, 34.04, 34.05, 0.0, 1.0], [0.2, 25.0, 0.0, 0.0])
(55965815, [2.0, 0.64, 0.0, 0.58, 0.0, 3.6, 0.0, 2.45, 0.0, 0.0], [0.0, 0.21, 0.0, 0.02, 34.05, 34.05, 0.0, 1.0], [0.2, 25.0, 0.0, 0.0])
(56065576, [2.0, 0.64, 0.0, 0.58, 0.0, 3.6, 0.0, 2.45, 0.0, 0.0], [0.0, 0.2, 0.0, 0.02, 34.05, 34.06, 0.0, 1.0], [0.2, 25.0, 0.0, 0.0])
(56165746, [2.0, 0.64, 0.0, 0.58, 0.0, 3.6, 0.0, 2.44, 0.0, 0.0], [0.0, 0.2, 0.0, 0.02, 34.05, 34.06, 0.0, 1.0], [0.2, 25.0, 0.0, 0.0])
(56265605, [2.0, 0.64, 0.0, 0.58, 0.0, 3.6, 0.0, 2.44, 0.0, 0.0], [0.0, 0.2, 0.0, 0.02, 34.06, 34.07, 0.0, 1.0], [0.2, 25.0, 0.0, 0.0])
(56365566, [2.0, 0.64, 0.0, 0.58, 0.0, 3.6, 0.0, 2.45, 0.0, 0.0], [0.0, 0.2, 0.0, 0.01, 34.06, 34.07, 0.0, 1.0], [0.2, 25.0, 0.0, 0.0])
(56504330, [2.0, 0.64, 0.0, 0.58, 0.0, 3.6, 0.0, 2.44, 0.0, 0.0], [0.0, 0.21, 0.0, 0.01, 34.07, 34.08, 0.0, 1.0], [0.2, 25.0, 0.0, 0.0])
(56603944, [2.0, 0.63, 0.0, 0.58, 0.0, 3.6, 0.0, 2.45, 0.0, 0.0], [0.0, 0.21, 0.0, 0.01, 34.07, 34.08, 0.0, 1.0], [0.2, 25.0, 0.0, 0.0])
(56703979, [2.0, 0.64, 0.0, 0.58, 0.0, 3.6, 0.0, 2.44, 0.0, 0.0], [0.0, 0.21, 0.0, 0.02, 34.08, 34.09, 0.0, 1.0], [0.2, 25.0, 0.0, 0.0])
(56804276, [2.0, 0.64, 0.0, 0.58, 0.0, 3.6, 0.0, 2.45, 0.0, 0.0], [0.0, 0.21, 0.0, 0.02, 34.09, 34.09, 0.0, 1.0], [0.2, 25.0, 0.0, 0.0])
(56904289, [2.0, 0.64, 0.0, 0.58, 0.0, 3.6, 0.0, 2.44, 0.0, 0.0], [0.0, 0.21, 0.0, 0.02, 34.09, 34.1, 0.0, 1.0], [0.2, 25.0, 0.0, 0.0])
(57004096, [2.0, 0.64, 0.0, 0.58, 0.0, 3.6, 0.0, 2.44, 0.0, 0.0], [0.0, 0.21, 0.0, 0.01, 34.1, 34.1, 0.0, 1.0], [0.2, 25.0, 0.0, 0.0])
(57104087, [2.0, 0.64, 0.0, 0.58, 0.0, 0.59, 0.0, 2.44, 0.0, 0.0], [0.0, 0.21, 0.0, 0.02, 34.1, 34.11, 0.0, 1.0], [0.2, 25.0, 0.0, 0.0])
(57204352, [2.0, 0.64, 0.0, 0.58, 0.0, 0.59, 0.0, 2.42, 0.0, 0.0], [0.0, 0.2, 0.0, 0.02, 34.11, 34.12, 0.0, 1.0], [0.2, 25.0, 0.0, 0.0])
(57303970, [2.0, 0.64, 0.0, 0.58, 0.0, 3.6, 0.0, 2.43, 0.0, 0.0], [0.0, 0.2, 0.0, 0.02, 34.11, 34.12, 0.0, 1.0], [0.2, 25.0, 0.0, 0.0])
(57403915, [2.0, 0.64, 0.0, 0.58, 0.0, 3.6, 0.0, 2.43, 0.0, 0.0], [0.0, 0.2, 0.0, 0.02, 34.11, 34.12, 0.0, 1.0], [0.2, 25.0, 0.0, 0.0])
(57503888, [2.0, 0.64, 0.0, 0.58, 0.0, 3.6, 0.0, 2.44, 0.0, 0.0], [0.0, 0.2, 0.0, 0.02, 34.12, 34.12, 0.0, 1.0], [0.2, 25.0, 0.0, 0.0])
(57604252, [2.0, 0.63, 0.0, 0.58, 0.0, 3.6, 0.0, 2.43, 0.0, 0.0], [0.0, 0.2, 0.0, 0.02, 34.12, 34.13, 0.0, 1.0], [0.2, 25.0, 0.0, 0.0])
(57703932, [2.0, 0.64, 0.0, 0.58, 0.0, 3.6, 0.0, 2.43, 0.0, 0.0], [0.0, 0.2, 0.0, 0.02, 34.13, 34.13, 0.0, 1.0], [0.2, 25.0, 0.0, 0.0])
(57803989, [2.0, 0.64, 0.0, 0.58, 0.0, 3.6, 0.0, 2.43, 0.0, 0.0], [0.0, 0.2, 0.0, 0.01, 34.13, 34.14, 0.0, 1.0], [0.2, 25.0, 0.0, 0.0])
(57903993, [2.0, 0.64, 0.0, 0.58, 0.0, 3.6, 0.0, 2.44, 0.0, 0.0], [0.0, 0.21, 0.0, 0.02, 34.14, 34.14, 0.0, 1.0], [0.2, 25.0, 0.0, 0.0])
(58004262, [2.0, 0.64, 0.0, 0.58, 0.0, 3.6, 0.0, 2.43, 0.0, 0.0], [0.0, 0.21, 0.0, 0.03, 34.16, 34.16, 0.0, 1.0], [0.2, 25.0, 0.0, 0.0])
(58103901, [2.0, 0.64, 0.0, 0.58, 0.0, 0.62, 0.0, 2.44, 0.0, 0.0], [0.0, 0.2, 0.0, 0.03, 34.17, 34.17, 0.0, 1.0], [0.2, 25.0, 0.0, 0.0])
(58203988, [2.0, 0.64, 0.0, 0.58, 0.0, 0.61, 0.0, 2.45, 0.0, 0.0], [0.0, 0.2, 0.0, 0.03, 34.12, 34.13, 0.0, 1.0], [0.2, 25.0, 0.0, 0.0])
(58304249, [2.0, 0.64, 0.0, 0.58, 0.0, 0.61, 0.0, 2.44, 0.0, 0.0], [0.0, 0.19, 0.0, 0.04, 34.13, 34.13, 0.0, 1.0], [0.2, 25.0, 0.0, 0.0])
(58404189, [2.0, 0.64, 0.0, 0.58, 0.0, 3.6, 0.0, 2.43, 0.0, 0.0], [0.0, 0.19, 0.0, 0.03, 34.15, 34.16, 0.0, 1.0], [0.2, 25.0, 0.0, 0.0])
(58504775, [2.0, 0.64, 0.0, 0.58, 0.0, 3.6, 0.0, 2.44, 0.0, 0.0], [0.0, 0.2, 0.0, 0.02, 34.15, 34.15, 0.0, 1.0], [0.2, 25.0, 0.0, 0.0])
(58604221, [2.0, 0.64, 0.0, 0.59, 0.0, 3.6, 0.0, 2.45, 0.0, 0.0], [0.0, 0.2, 0.0, 0.02, 34.15, 34.15, 0.0, 1.0], [0.2, 25.0, 0.0, 0.0])
(58703894, [2.0, 0.63, 0.0, 0.58, 0.0, 3.6, 0.0, 2.45, 0.0, 0.0], [0.0, 0.22, 0.0, 0.02, 34.15, 34.16, 0.0, 1.0], [0.2, 25.0, 0.0, 0.0])
(58803985, [2.0, 0.64, 0.0, 0.58, 0.0, 3.6, 0.0, 2.43, 0.0, 0.0], [0.0, 0.22, 0.0, 0.02, 34.15, 34.16, 0.0, 1.0], [0.2, 25.0, 0.0, 0.0])
(58904041, [2.0, 0.64, 0.0, 0.58, 0.0, 3.6, 0.0, 2.43, 0.0, 0.0], [0.0, 0.21, 0.0, 0.01, 34.17, 34.18, 0.0, 1.0], [0.2, 25.0, 0.0, 0.0])
(59004885, [2.0, 0.64, 0.0, 0.58, 0.0, 3.6, 0.0, 2.44, 0.0, 0.0], [0.0, 0.21, 0.0, 0.01, 34.16, 34.16, 0.0, 1.0], [0.2, 25.0, 0.0, 0.0])
(59104013, [2.0, 0.64, 0.0, 0.58, 0.0, 3.6, 0.0, 2.45, 0.0, 0.0], [0.0, 0.21, 0.0, 0.01, 34.19, 34.19, 0.0, 1.0], [0.2, 25.0, 0.0, 0.0])
(59204536, [2.0, 0.64, 0.0, 0.58, 0.0, 3.6, 0.0, 2.44, 0.0, 0.0], [0.0, 0.22, 0.0, 0.01, 34.17, 34.18, 0.0, 1.0], [0.2, 25.0, 0.0, 0.0])
(59304415, [2.0, 0.64, 0.0, 0.58, 0.0, 3.6, 0.0, 2.44, 0.0, 0.0], [0.0, 0.22, 0.0, 0.02, 34.19, 34.2, 0.0, 1.0], [0.2, 25.0, 0.0, 0.0])
(59404502, [2.0, 0.64, 0.0, 0.58, 0.0, 3.6, 0.0, 2.45, 0.0, 0.0], [0.0, 0.23, 0.0, 0.01, 34.19, 34.19, 0.0, 1.0], [0.2, 25.0, 0.0, 0.0])
(59504398, [2.0, 0.64, 0.0, 0.59, 0.0, 3.6, 0.0, 2.43, 0.0, 0.0], [0.0, 0.22, 0.0, 0.01, 34.19, 34.2, 0.0, 1.0], [0.2, 25.0, 0.0, 0.0])
(59605045, [2.0, 0.64, 0.0, 0.58, 0.0, 3.6, 0.0, 2.44, 0.0, 0.0], [0.0, 0.22, 0.0, 0.02, 34.19, 34.2, 0.0, 1.0], [0.2, 25.0, 0.0, 0.0])
(59704494, [2.0, 0.64, 0.0, 0.58, 0.0, 3.6, 0.0, 2.43, 0.0, 0.0], [0.0, 0.22, 0.0, 0.01, 34.19, 34.2, 0.0, 1.0], [0.2, 25.0, 0.0, 0.0])
(59804512, [2.0, 0.64, 0.0, 0.58, 0.0, 3.6, 0.0, 2.44, 0.0, 0.0], [0.0, 0.23, 0.0, 0.02, 34.21, 34.21, 0.0, 1.0], [0.2, 25.0, 0.0, 0.0])
(59904644, [2.0, 0.64, 0.0, 0.58, 0.0, 3.6, 0.0, 2.45, 0.0, 0.0], [0.0, 0.23, 0.0, 0.02, 34.2, 34.2, 0.0, 1.0], [0.2, 25.0, 0.0, 0.0])
(60004478, [2.0, 0.64, 0.0, 0.58, 0.0, 3.6, 0.0, 2.44, 0.0, 0.0], [0.0, 0.22, 0.0, 0.02, 34.22, 34.22, 0.0, 1.0], [0.2, 25.0, 0.0, 0.0])
(60104531, [2.0, 0.64, 0.0, 0.58, 0.0, 3.6, 0.0, 2.44, 0.0, 0.0], [0.0, 0.23, 0.0, 0.01, 34.2, 34.21, 0.0, 1.0], [0.2, 25.0, 0.0, 0.0])
(60204695, [2.0, 0.63, 0.0, 0.58, 0.0, 3.6, 0.0, 2.44, 0.0, 0.0], [0.0, 0.22, 0.0, 0.01, 34.23, 34.24, 0.0, 1.0], [0.2, 25.0, 0.0, 0.0])
(60304622, [2.0, 0.64, 0.0, 0.58, 0.0, 3.6, 0.0, 2.43, 0.0, 0.0], [0.0, 0.23, 0.0, 0.02, 34.22, 34.22, 0.0, 1.0], [0.2, 25.0, 0.0, 0.0])
(60404374, [2.0, 0.64, 0.0, 0.59, 0.0, 3.6, 0.0, 2.45, 0.0, 0.0], [0.0, 0.22, 0.0, 0.01, 34.23, 34.24, 0.0, 1.0], [0.2, 25.0, 0.0, 0.0])
(60505162, [2.0, 0.64, 0.0, 0.58, 0.0, 3.6, 0.0, 2.44, 0.0, 0.0], [0.0, 0.23, 0.0, 0.01, 34.23, 34.24, 0.0, 1.0], [0.2, 25.0, 0.0, 0.0])
(60605068, [2.0, 0.64, 0.0, 0.58, 0.0, 3.6, 0.0, 2.45, 0.0, 0.0], [0.0, 0.24, 0.0, 0.01, 34.24, 34.25, 0.0, 1.0], [0.2, 25.0, 0.0, 0.0])
(60704410, [2.0, 0.64, 0.0, 0.58, 0.0, 3.6, 0.0, 2.43, 0.0, 0.0], [0.0, 0.24, 0.0, 0.02, 34.24, 34.11, 0.0, 1.0], [0.2, 25.0, 0.0, 0.0])
(60804397, [2.0, 0.64, 0.0, 0.58, 0.0, 3.6, 0.0, 2.44, 0.0, 0.0], [0.0, 0.69, 0.0, -0.75, 34.24, 33.52, 0.0, 1.0], [0.2, 25.0, 0.0, 0.0])
(60904530, [2.0, 0.63, 0.0, 0.58, 0.0, 3.6, 0.0, 2.44, 0.0, 0.0], [0.0, 1.77, 0.0, -2.29, 34.24, 32.38, 0.0, 1.0], [0.2, 25.0, 0.0, 0.0])
(61004423, [2.0, 0.63, 0.0, 0.58, 0.0, 3.6, 0.0, 2.44, 0.0, 0.0], [0.0, 2.67, 0.0, -3.69, 34.24, 30.89, 0.0, 1.0], [0.2, 25.0, 0.0, 0.0])
(61104540, [2.0, 0.62, 0.0, 0.57, 0.0, 3.6, 0.0, 2.46, 0.0, 0.0], [0.0, 3.57, 0.0, -4.73, 34.24, 29.27, 0.01, 1.0], [0.2, 25.0, 0.0, 0.0])
(61204498, [2.0, 0.61, 0.0, 0.57, 0.0, 3.6, 0.0, 2.46, 0.0, 0.0], [-1.83, 2.77, -0.28, -5.42, 34.24, 27.64, 0.01, 1.0], [0.2, 25.0, 0.0, 0.0])
(61304817, [2.0, 0.58, 0.0, 0.55, 0.0, 3.6, 0.0, 2.51, 0.0, 0.0], [-2.91, 0.6, -0.37, -5.76, 34.24, 26.23, 0.03, 1.0], [0.2, 25.0, 0.0, 0.0])
(61404498, [2.0, 0.56, 0.0, 0.54, 0.0, 3.6, 0.0, 2.51, 0.0, 0.0], [-3.47, 0.42, -0.35, -5.64, 34.24, 25.29, 0.03, 1.0], [0.2, 25.0, 0.0, 0.0])
(61504415, [2.0, 0.5, 0.0, 0.52, 0.0, 3.6, 0.0, 2.53, 0.0, 0.0], [-3.76, -0.23, -0.24, -4.92, 34.24, 24.96, 0.05, 1.0], [0.2, 25.0, 0.0, 0.0])
(61604540, [2.0, 0.46, 0.0, 0.51, 0.0, 3.6, 0.0, 2.55, 0.0, 0.0], [-3.92, -0.7, -0.06, -3.87, 34.24, 25.32, 0.05, 1.0], [0.2, 25.0, 0.0, 0.0])
(61704452, [2.0, 0.38, 0.0, 0.48, 0.0, 3.6, 0.0, 2.55, 0.0, 0.0], [-4.01, -0.98, 0.18, -3.22, 34.24, 26.02, 0.05, 1.0], [0.2, 25.0, 0.0, 0.0])
(61805031, [2.0, 0.34, 0.0, 0.47, 0.0, 3.6, 0.0, 3.6, 0.0, 0.0], [-4.56, -0.63, 0.46, -2.88, 34.24, 26.91, 0.05, 1.0], [0.2, 25.0, 0.0, 0.0])
(61904494, [2.0, 0.23, 0.0, 0.43, 0.0, 3.6, 0.0, 2.61, 0.0, 0.0], [-4.64, -0.82, 0.79, -2.41, 34.24, 28.36, 0.06, 1.0], [0.2, 25.0, 0.0, 0.0])
(62004474, [2.0, 0.18, 0.0, 0.42, 0.0, 3.6, 0.0, 2.61, 0.0, 0.0], [-4.43, 1.27, 1.14, -3.4, 34.24, 29.16, 0.06, 1.0], [0.2, 25.0, 0.0, 0.0])
(62104834, [2.0, 0.19, 0.0, 0.4, 0.0, 3.6, 0.0, 2.63, 0.0, 0.0], [-4.33, 0.67, 1.36, -3.58, 34.24, 29.89, 0.13, 1.0], [0.2, 25.0, 0.0, 0.0])
(62205825, [2.0, 0.19, 0.0, 0.39, 0.0, 3.6, 0.0, 2.64, 0.0, 0.0], [-4.3, 0.0, 1.47, -4.08, 34.24, 30.13, 0.13, 1.0], [0.2, 25.0, 0.0, 0.0])
(62304402, [2.0, 0.18, 0.0, 0.38, 0.0, 3.6, 0.0, 2.65, 0.0, 0.0], [-4.29, -0.54, 1.52, -3.25, 34.24, 29.65, 0.12, 1.0], [0.2, 25.0, 0.0, 0.0])
(62410507, [2.0, 0.18, 0.0, 0.36, 0.0, 3.6, 0.0, 2.68, 0.0, 0.0], [-4.3, -0.48, 1.56, -2.97, 34.24, 27.62, 0.12, 1.0], [0.2, 25.0, 0.0, 0.0])
(62511220, [2.0, 0.19, 0.0, 0.35, 0.0, 3.6, 0.0, 2.68, 0.0, 0.0], [-4.33, -0.68, 1.56, -2.86, 34.24, 27.31, 0.11, 1.0], [0.2, 25.0, 0.0, 0.0])
(62610604, [2.0, 0.19, 0.0, 0.33, 0.0, 3.6, 0.0, 2.69, 0.0, 0.0], [-4.35, -1.25, 1.55, -2.5, 34.24, 27.6, 0.11, 1.0], [0.2, 25.0, 0.0, 0.0])
(62710668, [2.0, 0.18, 0.0, 0.32, 0.0, 3.6, 0.0, 2.69, 0.0, 0.0], [-4.36, -1.74, 1.56, -1.92, 34.24, 28.2, 0.09, 1.0], [0.2, 25.0, 0.0, 0.0])
(62810675, [2.0, 0.2, 0.0, 0.31, 0.0, 3.6, 0.0, 2.7, 0.0, 0.0], [-5.02, -2.05, 1.57, -1.28, 34.24, 27.86, 0.09, 1.0], [0.2, 25.0, 0.0, 0.0])
(62910683, [2.0, 0.18, 0.0, 0.3, 0.0, 3.6, 0.0, 2.71, 0.0, 0.0], [-4.75, -2.49, 1.56, -1.16, 34.24, 27.49, 0.08, 1.0], [0.2, 25.0, 0.0, 0.0])
(63010649, [2.0, 0.18, 0.0, 0.3, 0.0, 3.6, 0.0, 2.71, 0.0, 0.0], [-4.58, -2.26, 1.56, -1.05, 34.24, 27.71, 0.08, 1.0], [0.2, 25.0, 0.0, 0.0])
(63110531, [2.0, 0.19, 0.0, 0.3, 0.0, 3.6, 0.0, 2.74, 0.0, 0.0], [-4.51, -2.25, 1.56, -0.84, 34.24, 27.68, 0.06, 1.0], [0.2, 25.0, 0.0, 0.0])
(63210464, [2.0, 0.19, 0.0, 0.3, 0.0, 3.6, 0.0, 2.74, 0.0, 0.0], [-4.49, -2.06, 1.57, -0.8, 34.24, 28.18, 0.06, 1.0], [0.2, 25.0, 0.0, 0.0])
(63310656, [2.0, 0.18, 0.0, 0.3, 0.0, 3.6, 0.0, 2.74, 0.0, 0.0], [-4.48, -2.19, 1.57, -0.52, 34.24, 28.45, 0.05, 1.0], [0.2, 25.0, 0.0, 0.0])
(63410645, [2.0, 0.18, 0.0, 0.3, 0.0, 3.6, 0.0, 3.6, 0.0, 0.0], [-4.56, -2.43, 1.57, -0.51, 34.24, 28.5, 0.05, 1.0], [0.2, 25.0, 0.0, 0.0])
(63510611, [2.0, 0.19, 0.0, 0.3, 0.0, 3.6, 0.0, 3.6, 0.0, 0.0], [-5.37, -2.66, 1.57, -0.33, 34.24, 27.68, 0.05, 1.0], [0.2, 25.0, 0.0, 0.0])
(63610460, [2.0, 0.18, 0.0, 0.31, 0.0, 3.6, 0.0, 3.6, 0.0, 0.0], [-5.79, -3.64, 1.58, -0.17, 34.24, 27.93, 0.05, 1.0], [0.2, 25.0, 0.0, 0.0])
(63710583, [2.0, 0.19, 0.0, 0.32, 0.0, 3.6, 0.0, 3.6, 0.0, 0.0], [-5.99, -4.37, 1.59, 0.01, 34.24, 27.78, 0.04, 1.0], [0.2, 25.0, 0.0, 0.0])
(63810641, [2.0, 0.18, 0.0, 0.33, 0.0, 3.6, 0.0, 2.67, 0.0, 0.0], [-5.91, -4.75, 1.57, 0.17, 34.24, 28.45, 0.04, 1.0], [0.2, 25.0, 0.0, 0.0])
(63910554, [2.0, 0.18, 0.0, 0.34, 0.0, 3.6, 0.0, 2.67, 0.0, 0.0], [-5.12, -4.19, 1.58, -0.25, 34.24, 28.64, 0.05, 1.0], [0.2, 25.0, 0.0, 0.0])
(64010493, [2.0, 0.19, 0.0, 0.37, 0.0, 3.6, 0.0, 2.64, 0.0, 0.0], [-4.71, -3.71, 1.58, -0.35, 34.24, 28.51, 0.05, 1.0], [0.2, 25.0, 0.0, 0.0])
(64110872, [2.0, 0.18, 0.0, 0.39, 0.0, 3.6, 0.0, 2.64, 0.0, 0.0], [-4.49, -3.24, 1.58, -0.23, 34.24, 28.81, 0.04, 1.0], [0.2, 25.0, 0.0, 0.0])
(64210691, [2.0, 0.18, 0.0, 0.41, 0.0, 3.6, 0.0, 2.58, 0.0, 0.0], [-4.37, -3.44, 1.59, 0.04, 34.24, 29.64, 0.04, 1.0], [0.2, 25.0, 0.0, 0.0])
(64311216, [2.0, 0.19, 0.0, 0.46, 0.0, 3.6, 0.0, 2.58, 0.0, 0.0], [-4.26, -3.86, 1.56, 0.47, 34.24, 29.97, 0.04, 1.0], [0.2, 25.0, 0.0, 0.0])
(64410625, [2.0, 0.19, 0.0, 0.47, 0.0, 3.6, 0.0, 2.58, 0.0, 0.0], [-4.21, -3.51, 1.55, 0.72, 34.24, 32.17, 0.04, 1.0], [0.2, 25.0, 0.0, 0.0])
(64510469, [2.0, 0.2, 0.0, 0.5, 0.0, 3.6, 0.0, 2.5, 0.0, 0.0], [-4.13, -3.54, 1.55, 0.82, 34.24, 37.41, 0.06, 1.0], [0.2, 25.0, 0.0, 0.0])
(64610598, [2.0, 0.22, 0.0, 0.52, 0.0, 3.6, 0.0, 2.47, 0.0, 0.0], [-4.05, -3.51, 1.5, 1.11, 34.24, 39.96, 0.06, 1.0], [0.2, 25.0, 0.0, 0.0])
(64710642, [2.0, 0.25, 0.0, 0.54, 0.0, 3.6, 0.0, 2.44, 0.0, 0.0], [-3.98, -3.6, 1.42, 1.15, 34.24, 39.68, 0.05, 1.0], [0.2, 25.0, 0.0, 0.0])
(64810513, [2.0, 0.25, 0.0, 0.56, 0.0, 3.6, 0.0, 2.43, 0.0, 0.0], [-3.93, -3.77, 1.33, 0.66, 34.24, 37.65, 0.05, 1.0], [0.2, 25.0, 0.0, 0.0])
(64910568, [2.0, 0.27, 0.0, 0.59, 0.0, 3.6, 0.0, 2.42, 0.0, 0.0], [-3.88, -3.85, 1.27, -0.02, 34.24, 34.8, 0.05, 1.0], [0.2, 25.0, 0.0, 0.0])
(65010601, [2.0, 0.28, 0.0, 0.6, 0.0, 3.6, 0.0, 2.39, 0.0, 0.0], [-3.85, -2.56, 1.19, -0.68, 34.24, 31.93, 0.05, 1.0], [0.2, 25.0, 0.0, 0.0])
(65110518, [2.0, 0.29, 0.0, 0.64, 0.0, 3.6, 0.0, 2.37, 0.0, 0.0], [-3.8, -1.97, 1.14, -1.01, 34.24, 29.56, 0.05, 1.0], [0.2, 25.0, 0.0, 0.0])
(65210421, [2.0, 0.27, 0.0, 0.67, 0.0, 3.6, 0.0, 2.35, 0.0, 0.0], [-3.76, -1.76, 1.12, -1.31, 34.24, 27.86, 0.05, 1.0], [0.2, 25.0, 0.0, 0.0])
(65310666, [2.0, 0.27, 0.0, 0.72, 0.0, 3.6, 0.0, 2.3, 0.0, 0.0], [-3.7, -2.1, 1.15, -0.99, 34.24, 26.85, 0.05, 1.0], [0.2, 25.0, 0.0, 0.0])
(65410477, [2.0, 0.27, 0.0, 0.74, 0.0, 3.6, 0.0, 2.31, 0.0, 0.0], [-3.65, -2.25, 1.15, -0.65, 34.24, 26.4, 0.05, 1.0], [0.2, 25.0, 0.0, 0.0])
(65510723, [2.0, 0.28, 0.0, 0.79, 0.0, 3.6, 0.0, 2.25, 0.0, 0.0], [-3.63, -1.98, 1.12, -0.43, 34.24, 26.34, 0.05, 1.0], [0.2, 25.0, 0.0, 0.0])
(65610627, [2.0, 0.27, 0.0, 0.81, 0.0, 3.6, 0.0, 2.22, 0.0, 0.0], [-3.55, -2.8, 1.13, -0.09, 34.24, 26.73, 0.05, 1.0], [0.2, 25.0, 0.0, 0.0])
(65710911, [2.0, 0.27, 0.0, 0.87, 0.0, 3.6, 0.0, 2.14, 0.0, 0.0], [-3.46, -3.7, 1.14, 0.02, 34.24, 27.33, 0.04, 1.0], [0.2, 25.0, 0.0, 0.0])
(65810617, [2.0, 0.27, 0.0, 0.93, 0.0, 3.6, 0.0, 2.13, 0.0, 0.0], [-3.37, -3.34, 1.14, -0.34, 34.24, 27.77, 0.04, 1.0], [0.2, 25.0, 0.0, 0.0])
(65910720, [2.0, 0.27, 0.0, 0.98, 0.0, 3.6, 0.0, 2.07, 0.0, 0.0], [-3.27, -3.12, 1.14, -0.68, 34.24, 27.84, 0.04, 1.0], [0.2, 25.0, 0.0, 0.0])
(66010755, [2.0, 0.27, 0.0, 1.01, 0.0, 3.6, 0.0, 2.03, 0.0, 0.0], [-3.18, -2.94, 1.14, -0.86, 34.24, 27.72, 0.04, 1.0], [0.2, 25.0, 0.0, 0.0])
(66110539, [2.0, 0.26, 0.0, 1.08, 0.0, 3.6, 0.0, 1.97, 0.0, 0.0], [-3.09, -2.58, 1.15, -1.21, 34.24, 27.65, 0.03, 1.0], [0.2, 25.0, 0.0, 0.0])
(66210543, [2.0, 0.25, 0.0, 1.14, 0.0, 3.6, 0.0, 1.94, 0.0, 0.0], [-2.99, -2.63, 1.19, -0.53, 34.24, 27.7, 0.03, 1.0], [0.2, 25.0, 0.0, 0.0])
(66310554, [2.0, 0.24, 0.0, 1.17, 0.0, 3.6, 0.0, 1.88, 0.0, 0.0], [-2.89, -2.79, 1.23, 0.23, 34.24, 27.94, 0.03, 1.0], [0.2, 25.0, 0.0, 0.0])
(66410542, [2.0, 0.23, 0.0, 1.24, 0.0, 3.6, 0.0, 1.84, 0.0, 0.0], [-2.8, -2.09, 1.26, 0.26, 34.24, 28.12, 0.03, 1.0], [0.2, 25.0, 0.0, 0.0])
(66510626, [2.0, 0.22, 0.0, 1.28, 0.0, 0.92, 0.0, 1.77, 0.0, 0.0], [-2.7, -1.32, 1.31, -0.26, 34.24, 29.03, 0.03, 1.0], [0.2, 25.0, 0.0, 0.0])
(66610508, [2.0, 0.2, 0.0, 1.34, 0.0, 0.92, 0.0, 1.74, 0.0, 0.0], [-2.6, -1.59, 1.38, 0.76, 34.24, 34.92, 0.03, 1.0], [0.2, 25.0, 0.0, 0.0])
(66710435, [2.0, 0.2, 0.0, 1.37, 0.0, 0.92, 0.0, 1.65, 0.0, 0.0], [-2.48, -2.27, 1.44, 2.1, 34.24, 38.05, 0.02, 1.0], [0.2, 25.0, 0.0, 0.0])
(66810563, [2.0, 0.19, 0.0, 1.45, 0.0, 0.93, 0.0, 1.58, 0.0, 0.0], [-2.36, -3.28, 1.49, 2.39, 34.24, 38.38, 0.02, 1.0], [0.2, 25.0, 0.0, 0.0])
(66910551, [2.0, 0.19, 0.0, 1.49, 0.0, 0.94, 0.0, 1.54, 0.0, 0.0], [-2.25, -3.67, 1.52, 2.3, 34.24, 37.53, 0.03, 1.0], [0.2, 25.0, 0.0, 0.0])
(67010700, [2.0, 0.19, 0.0, 1.57, 0.0, 0.93, 0.0, 1.47, 0.0, 0.0], [-2.13, -2.87, 1.53, 1.96, 34.24, 35.22, 0.03, 1.0], [0.2, 25.0, 0.0, 0.0])
(67110627, [2.0, 0.2, 0.0, 1.61, 0.0, 0.93, 0.0, 1.42, 0.0, 0.0], [-2.02, -1.52, 1.52, 1.29, 34.24, 32.05, 0.03, 1.0], [0.2, 25.0, 0.0, 0.0])
(67210698, [2.0, 0.22, 0.0, 1.68, 0.0, 0.93, 0.0, 1.34, 0.0, 0.0], [-1.9, -0.8, 1.48, 0.7, 34.24, 28.74, 0.03, 1.0], [0.2, 25.0, 0.0, 0.0])
(102675945, [2.0, 0.54, 0.0, 0.68, 0.0, 3.6, 0.0, 2.34, 0.0, 0.0], [0.0, 0.17, 0.0, 0.13, 35.46, 35.47, 0.0, 1.0], [0.2, 25.0, 0.0, 0.0])
(102775887, [2.0, 0.54, 0.0, 0.68, 0.0, 3.6, 0.0, 2.33, 0.0, 0.0], [0.0, 0.18, 0.0, 0.13, 35.46, 35.47, 0.0, 1.0], [0.2, 25.0, 0.0, 0.0])
(102876095, [2.0, 0.54, 0.0, 0.68, 0.0, 3.6, 0.0, 2.34, 0.0, 0.0], [0.0, 0.18, 0.0, 0.13, 35.46, 35.47, 0.0, 1.0], [0.2, 25.0, 0.0, 0.0])
(102976093, [2.0, 0.54, 0.0, 0.68, 0.0, 3.6, 0.0, 2.34, 0.0, 0.0], [0.0, 0.18, 0.0, 0.12, 35.46, 35.47, 0.0, 1.0], [0.2, 25.0, 0.0, 0.0])
(103076045, [2.0, 0.54, 0.0, 0.68, 0.0, 3.6, 0.0, 2.33, 0.0, 0.0], [0.0, 0.18, 0.0, 0.13, 35.46, 35.47, 0.0, 1.0], [0.2, 25.0, 0.0, 0.0])
(103176500, [2.0, 0.54, 0.0, 0.68, 0.0, 3.6, 0.0, 2.33, 0.0, 0.0], [0.0, 0.18, 0.0, 0.13, 35.47, 35.47, 0.0, 1.0], [0.2, 25.0, 0.0, 0.0])
(103275897, [2.0, 0.54, 0.0, 0.68, 0.0, 3.6, 0.0, 2.34, 0.0, 0.0], [0.0, 0.18, 0.0, 0.12, 35.47, 35.47, 0.0, 1.0], [0.2, 25.0, 0.0, 0.0])
(103375925, [2.0, 0.54, 0.0, 0.68, 0.0, 3.6, 0.0, 2.34, 0.0, 0.0], [0.0, 0.18, 0.0, 0.13, 35.47, 35.47, 0.0, 1.0], [0.2, 25.0, 0.0, 0.0])
(103475919, [2.0, 0.54, 0.0, 0.68, 0.0, 3.6, 0.0, 2.33, 0.0, 0.0], [0.0, 0.18, 0.0, 0.13, 35.47, 35.48, 0.0, 1.0], [0.2, 25.0, 0.0, 0.0])
(103575880, [2.0, 0.54, 0.0, 0.68, 0.0, 3.6, 0.0, 2.34, 0.0, 0.0], [0.0, 0.17, 0.0, 0.13, 35.48, 35.48, 0.0, 1.0], [0.2, 25.0, 0.0, 0.0])
(103675951, [2.0, 0.54, 0.0, 0.69, 0.0, 3.6, 0.0, 2.33, 0.0, 0.0], [0.0, 0.17, 0.0, 0.13, 35.48, 35.48, 0.0, 1.0], [0.2, 25.0, 0.0, 0.0])
(103775881, [2.0, 0.54, 0.0, 0.68, 0.0, 3.6, 0.0, 2.33, 0.0, 0.0], [0.0, 0.17, 0.0, 0.13, 35.48, 35.49, 0.0, 1.0], [0.2, 25.0, 0.0, 0.0])
(103875921, [2.0, 0.54, 0.0, 0.68, 0.0, 0.7, 0.0, 2.33, 0.0, 0.0], [0.0, 0.17, 0.0, 0.13, 35.48, 35.48, 0.0, 1.0], [0.2, 25.0, 0.0, 0.0])
(103976120, [2.0, 0.54, 0.0, 0.68, 0.0, 0.7, 0.0, 2.35, 0.0, 0.0], [0.0, 0.17, 0.0, 0.13, 35.48, 35.49, 0.0, 1.0], [0.2, 25.0, 0.0, 0.0])
(104075975, [2.0, 0.54, 0.0, 0.68, 0.0, 3.6, 0.0, 2.34, 0.0, 0.0], [0.0, 0.17, 0.0, 0.13, 35.49, 35.49, 0.0, 1.0], [0.2, 25.0, 0.0, 0.0])
(104175953, [2.0, 0.54, 0.0, 0.68, 0.0, 3.6, 0.0, 2.34, 0.0, 0.0], [0.0, 0.16, 0.0, 0.13, 35.49, 35.49, 0.0, 1.0], [0.2, 25.0, 0.0, 0.0])
(104276156, [2.0, 0.54, 0.0, 0.68, 0.0, 3.6, 0.0, 2.34, 0.0, 0.0], [0.0, 0.16, 0.0, 0.13, 35.49, 35.49, 0.0, 1.0], [0.2, 25.0, 0.0, 0.0])
(104376096, [2.0, 0.54, 0.0, 0.68, 0.0, 3.6, 0.0, 2.32, 0.0, 0.0], [0.0, 0.16, 0.0, 0.13, 35.49, 35.5, 0.0, 1.0], [0.2, 25.0, 0.0, 0.0])
(104476104, [2.0, 0.54, 0.0, 0.68, 0.0, 3.6, 0.0, 2.32, 0.0, 0.0], [0.0, 0.16, 0.0, 0.13, 35.49, 35.5, 0.0, 1.0], [0.2, 25.0, 0.0, 0.0])
(104576149, [2.0, 0.54, 0.0, 0.69, 0.0, 3.6, 0.0, 2.32, 0.0, 0.0], [0.0, 0.16, 0.0, 0.13, 35.49, 35.5, 0.0, 1.0], [0.2, 25.0, 0.0, 0.0])
(104676306, [2.0, 0.54, 0.0, 0.68, 0.0, 3.6, 0.0, 2.33, 0.0, 0.0], [0.0, 0.16, 0.0, 0.13, 35.5, 35.5, 0.0, 1.0], [0.2, 25.0, 0.0, 0.0])
(104775966, [2.0, 0.54, 0.0, 0.68, 0.0, 3.6, 0.0, 2.33, 0.0, 0.0], [0.0, 0.16, 0.0, 0.13, 35.5, 35.5, 0.0, 1.0], [0.2, 25.0, 0.0, 0.0])
(104875899, [2.0, 0.54, 0.0, 0.68, 0.0, 3.6, 0.0, 2.34, 0.0, 0.0], [0.0, 0.16, 0.0, 0.13, 35.5, 35.5, 0.0, 1.0], [0.2, 25.0, 0.0, 0.0])
(104976108, [2.0, 0.54, 0.0, 0.68, 0.0, 3.6, 0.0, 2.32, 0.0, 0.0], [0.0, 0.16, 0.0, 0.13, 35.49, 35.5, 0.0, 1.0], [0.2, 25.0, 0.0, 0.0])
(105075959, [2.0, 0.54, 0.0, 0.68, 0.0, 3.6, 0.0, 2.33, 0.0, 0.0], [0.0, 0.16, 0.0, 0.11, 35.5, 35.51, 0.0, 1.0], [0.2, 25.0, 0.0, 0.0])
(105176003, [2.0, 0.54, 0.0, 0.68, 0.0, 3.6, 0.0, 2.33, 0.0, 0.0], [0.0, 0.16, 0.0, 0.1, 35.52, 35.52, 0.0, 1.0], [0.2, 25.0, 0.0, 0.0])
(105276097, [2.0, 0.54, 0.0, 0.68, 0.0, 3.6, 0.0, 2.33, 0.0, 0.0], [0.0, 0.15, 0.0, 0.11, 35.49, 35.49, 0.0, 1.0], [0.2, 25.0, 0.0, 0.0])
(105375961, [2.0, 0.54, 0.0, 0.69, 0.0, 3.6, 0.0, 2.33, 0.0, 0.0], [0.0, 0.15, 0.0, 0.1, 35.51, 35.51, 0.0, 1.0], [0.2, 25.0, 0.0, 0.0])
(105475921, [2.0, 0.54, 0.0, 0.69, 0.0, 3.6, 0.0, 2.34, 0.0, 0.0], [0.0, 0.15, 0.0, 0.1, 35.48, 35.49, 0.0, 1.0], [0.2, 25.0, 0.0, 0.0])
(105576003, [2.0, 0.54, 0.0, 0.69, 0.0, 3.6, 0.0, 2.33, 0.0, 0.0], [0.0, 0.16, 0.0, 0.09, 35.49, 35.5, 0.0, 1.0], [0.2, 25.0, 0.0, 0.0])
(105676099, [2.0, 0.54, 0.0, 0.68, 0.0, 3.6, 0.0, 2.34, 0.0, 0.0], [0.0, 0.17, 0.0, 0.08, 35.52, 35.52, 0.0, 1.0], [0.2, 25.0, 0.0, 0.0])
(105776069, [2.0, 0.54, 0.0, 0.68, 0.0, 3.6, 0.0, 2.34, 0.0, 0.0], [0.0, 0.16, 0.0, 0.07, 35.51, 35.52, 0.0, 1.0], [0.2, 25.0, 0.0, 0.0])
(105876083, [2.0, 0.54, 0.0, 0.69, 0.0, 3.6, 0.0, 2.34, 0.0, 0.0], [0.0, 0.17, 0.0, 0.08, 35.5, 35.5, 0.0, 1.0], [0.2, 25.0, 0.0, 0.0])
(105976184, [2.0, 0.54, 0.0, 0.68, 0.0, 3.6, 0.0, 2.34, 0.0, 0.0], [0.0, 0.17, 0.0, 0.07, 35.5, 35.51, 0.0, 1.0], [0.2, 25.0, 0.0, 0.0])
(106076226, [2.0, 0.54, 0.0, 0.69, 0.0, 3.6, 0.0, 2.33, 0.0, 0.0], [0.0, 0.18, 0.0, 0.07, 35.5, 35.51, 0.0, 1.0], [0.2, 25.0, 0.0, 0.0])
(106176181, [2.0, 0.54, 0.0, 0.68, 0.0, 3.6, 0.0, 2.34, 0.0, 0.0], [0.0, 0.17, 0.0, 0.07, 35.5, 35.5, 0.0, 1.0], [0.2, 25.0, 0.0, 0.0])
(106275948, [2.0, 0.54, 0.0, 0.69, 0.0, 3.6, 0.0, 2.33, 0.0, 0.0], [0.0, 0.17, 0.0, 0.07, 35.5, 35.51, 0.0, 1.0], [0.2, 25.0, 0.0, 0.0])
(106376018, [2.0, 0.54, 0.0, 0.68, 0.0, 3.6, 0.0, 2.32, 0.0, 0.0], [0.0, 0.18, 0.0, 0.07, 35.51, 35.52, 0.0, 1.0], [0.2, 25.0, 0.0, 0.0])
(106475987, [2.0, 0.54, 0.0, 0.69, 0.0, 3.6, 0.0, 2.34, 0.0, 0.0], [0.0, 0.18, 0.0, 0.06, 35.5, 35.51, 0.0, 1.0], [0.2, 25.0, 0.0, 0.0])
(106576032, [2.0, 0.54, 0.0, 0.68, 0.0, 3.6, 0.0, 2.32, 0.0, 0.0], [0.0, 0.18, 0.0, 0.07, 35.52, 35.53, 0.0, 1.0], [0.2, 25.0, 0.0, 0.0])
(106676093, [2.0, 0.53, 0.0, 0.68, 0.0, 3.6, 0.0, 2.34, 0.0, 0.0], [0.0, 0.18, 0.0, 0.07, 35.5, 35.51, 0.0, 1.0], [0.2, 25.0, 0.0, 0.0])
(106776274, [2.0, 0.54, 0.0, 0.69, 0.0, 3.6, 0.0, 2.32, 0.0, 0.0], [0.0, 0.17, 0.0, 0.07, 35.52, 35.52, 0.0, 1.0], [0.2, 25.0, 0.0, 0.0])
(106876272, [2.0, 0.54, 0.0, 0.68, 0.0, 3.6, 0.0, 2.32, 0.0, 0.0], [0.0, 0.18, 0.0, 0.06, 35.52, 35.52, 0.0, 1.0], [0.2, 25.0, 0.0, 0.0])
(106976434, [2.0, 0.54, 0.0, 0.68, 0.0, 3.6, 0.0, 2.33, 0.0, 0.0], [0.0, 0.17, 0.0, 0.07, 35.52, 35.53, 0.0, 1.0], [0.2, 25.0, 0.0, 0.0])
(107076400, [2.0, 0.54, 0.0, 0.68, 0.0, 3.6, 0.0, 2.33, 0.0, 0.0], [0.0, 0.18, 0.0, 0.07, 35.53, 35.53, 0.0, 1.0], [0.2, 25.0, 0.0, 0.0])
(107176320, [2.0, 0.54, 0.0, 0.68, 0.0, 3.6, 0.0, 2.34, 0.0, 0.0], [0.0, 0.18, 0.0, 0.06, 35.53, 35.53, 0.0, 1.0], [0.2, 25.0, 0.0, 0.0])
(107276430, [2.0, 0.54, 0.0, 0.68, 0.0, 3.6, 0.0, 2.32, 0.0, 0.0], [0.0, 0.18, 0.0, 0.06, 35.53, 35.53, 0.0, 1.0], [0.2, 25.0, 0.0, 0.0])
(107376379, [2.0, 0.54, 0.0, 0.68, 0.0, 3.6, 0.0, 2.33, 0.0, 0.0], [0.0, 0.18, 0.0, 0.06, 35.54, 35.54, 0.0, 1.0], [0.2, 25.0, 0.0, 0.0])
(107476378, [2.0, 0.54, 0.0, 0.68, 0.0, 3.6, 0.0, 2.34, 0.0, 0.0], [0.0, 0.18, 0.0, 0.06, 35.53, 35.53, 0.0, 1.0], [0.2, 25.0, 0.0, 0.0])
(107584699, [2.0, 0.54, 0.0, 0.68, 0.0, 3.6, 0.0, 2.33, 0.0, 0.0], [0.0, 0.18, 0.0, 0.06, 35.52, 35.53, 0.0, 1.0], [0.2, 25.0, 0.0, 0.0])
(107684892, [2.0, 0.54, 0.0, 0.69, 0.0, 3.6, 0.0, 2.33, 0.0, 0.0], [0.0, 0.18, 0.0, 0.06, 35.54, 35.55, 0.0, 1.0], [0.2, 25.0, 0.0, 0.0])
(107784720, [2.0, 0.54, 0.0, 0.68, 0.0, 3.6, 0.0, 2.35, 0.0, 0.0], [0.0, 0.19, 0.0, 0.06, 35.53, 35.54, 0.0, 1.0], [0.2, 25.0, 0.0, 0.0])
(107884791, [2.0, 0.54, 0.0, 0.68, 0.0, 3.6, 0.0, 2.34, 0.0, 0.0], [0.0, 0.18, 0.0, 0.06, 35.54, 35.54, 0.0, 1.0], [0.2, 25.0, 0.0, 0.0])
(107984796, [2.0, 0.54, 0.0, 0.68, 0.0, 3.6, 0.0, 2.32, 0.0, 0.0], [0.0, 0.18, 0.0, 0.05, 35.54, 35.54, 0.0, 1.0], [0.2, 25.0, 0.0, 0.0])
(108084773, [2.0, 0.54, 0.0, 0.68, 0.0, 3.6, 0.0, 2.33, 0.0, 0.0], [0.0, 0.18, 0.0, 0.05, 35.54, 35.55, 0.0, 1.0], [0.2, 25.0, 0.0, 0.0])
(108184814, [2.0, 0.54, 0.0, 0.68, 0.0, 3.6, 0.0, 2.34, 0.0, 0.0], [0.0, 0.18, 0.0, 0.05, 35.55, 35.55, 0.0, 1.0], [0.2, 25.0, 0.0, 0.0])
(108284750, [2.0, 0.54, 0.0, 0.68, 0.0, 3.6, 0.0, 2.33, 0.0, 0.0], [0.0, 0.18, 0.0, 0.05, 35.54, 35.54, 0.0, 1.0], [0.2, 25.0, 0.0, 0.0])
(108384733, [2.0, 0.54, 0.0, 0.68, 0.0, 3.6, 0.0, 2.33, 0.0, 0.0], [0.0, 0.18, 0.0, 0.05, 35.56, 35.56, 0.0, 1.0], [0.2, 25.0, 0.0, 0.0])
(108484894, [2.0, 0.54, 0.0, 0.68, 0.0, 3.6, 0.0, 2.33, 0.0, 0.0], [0.0, 0.18, 0.0, 0.05, 35.54, 35.55, 0.0, 1.0], [0.2, 25.0, 0.0, 0.0])
(108584813, [2.0, 0.54, 0.0, 0.69, 0.0, 3.6, 0.0, 2.34, 0.0, 0.0], [0.0, 0.18, 0.0, 0.05, 35.56, 35.56, 0.0, 1.0], [0.2, 25.0, 0.0, 0.0])
(108684798, [2.0, 0.54, 0.0, 0.68, 0.0, 3.6, 0.0, 2.32, 0.0, 0.0], [0.0, 0.19, 0.0, 0.05, 35.55, 35.56, 0.0, 1.0], [0.2, 25.0, 0.0, 0.0])
(108784915, [2.0, 0.54, 0.0, 0.69, 0.0, 3.6, 0.0, 2.33, 0.0, 0.0], [0.0, 0.18, 0.0, 0.05, 35.55, 35.56, 0.0, 1.0], [0.2, 25.0, 0.0, 0.0])
(108884779, [2.0, 0.54, 0.0, 0.68, 0.0, 3.6, 0.0, 2.32, 0.0, 0.0], [0.0, 0.18, 0.0, 0.05, 35.56, 35.56, 0.0, 1.0], [0.2, 25.0, 0.0, 0.0])
(108986292, [2.0, 0.54, 0.0, 0.68, 0.0, 3.6, 0.0, 2.33, 0.0, 0.0], [0.0, 0.18, 0.0, 0.05, 35.55, 35.55, 0.0, 1.0], [0.2, 25.0, 0.0, 0.0])
(109086023, [2.0, 0.54, 0.0, 0.68, 0.0, 3.6, 0.0, 2.33, 0.0, 0.0], [0.0, 0.17, 0.0, 0.04, 35.55, 35.56, 0.0, 1.0], [0.2, 25.0, 0.0, 0.0])
(109186081, [2.0, 0.54, 0.0, 0.68, 0.0, 3.6, 0.0, 2.32, 0.0, 0.0], [0.0, 0.19, 0.0, 0.04, 35.56, 35.56, 0.0, 1.0], [0.2, 25.0, 0.0, 0.0])
(109286404, [2.0, 0.54, 0.0, 0.68, 0.0, 3.6, 0.0, 2.34, 0.0, 0.0], [0.0, 0.18, 0.0, 0.04, 35.55, 35.56, 0.0, 1.0], [0.2, 25.0, 0.0, 0.0])
(109386003, [2.0, 0.54, 0.0, 0.68, 0.0, 3.6, 0.0, 2.33, 0.0, 0.0], [0.0, 0.19, 0.0, 0.05, 35.57, 35.58, 0.0, 1.0], [0.2, 25.0, 0.0, 0.0])
(109486079, [2.0, 0.54, 0.0, 0.68, 0.0, 3.6, 0.0, 2.33, 0.0, 0.0], [0.0, 0.2, 0.0, 0.04, 35.56, 35.56, 0.0, 1.0], [0.2, 25.0, 0.0, 0.0])
(109585997, [2.0, 0.54, 0.0, 0.68, 0.0, 3.6, 0.0, 2.34, 0.0, 0.0], [0.0, 0.19, 0.0, 0.04, 35.58, 35.59, 0.0, 1.0], [0.2, 25.0, 0.0, 0.0])
(111988487, [2.0, 0.54, 0.0, 0.68, 0.0, 3.6, 0.0, 2.33, 0.0, 0.0], [0.0, 0.19, 0.0, 0.06, 35.62, 35.63, 0.0, 1.0], [0.2, 25.0, 0.0, 0.0])
(112088513, [2.0, 0.54, 0.0, 0.68, 0.0, 3.6, 0.0, 2.32, 0.0, 0.0], [0.0, 0.19, 0.0, 0.06, 35.62, 35.63, 0.0, 1.0], [0.2, 25.0, 0.0, 0.0])
(112188555, [2.0, 0.54, 0.0, 0.69, 0.0, 3.6, 0.0, 2.33, 0.0, 0.0], [0.0, 0.19, 0.0, 0.06, 35.63, 35.63, 0.0, 1.0], [0.2, 25.0, 0.0, 0.0])
(112288612, [2.0, 0.54, 0.0, 0.68, 0.0, 3.6, 0.0, 2.32, 0.0, 0.0], [0.0, 0.19, 0.0, 0.06, 35.63, 35.64, 0.0, 1.0], [0.2, 25.0, 0.0, 0.0])
(112388346, [2.0, 0.54, 0.0, 0.68, 0.0, 3.6, 0.0, 2.33, 0.0, 0.0], [0.0, 0.19, 0.0, 0.06, 35.64, 35.64, 0.0, 1.0], [0.2, 25.0, 0.0, 0.0])
(112488803, [2.0, 0.54, 0.0, 0.69, 0.0, 3.6, 0.0, 2.33, 0.0, 0.0], [0.0, 0.19, 0.0, 0.06, 35.64, 35.64, 0.0, 1.0], [0.2, 25.0, 0.0, 0.0])
(112590763, [2.0, 0.54, 0.0, 0.68, 0.0, 3.6, 0.0, 2.33, 0.0, 0.0], [0.0, 0.19, 0.0, 0.06, 35.64, 35.65, 0.0, 1.0], [0.2, 25.0, 0.0, 0.0])
(112692369, [2.0, 0.54, 0.0, 0.68, 0.0, 3.6, 0.0, 2.33, 0.0, 0.0], [0.0, 0.19, 0.0, 0.06, 35.64, 35.64, 0.0, 1.0], [0.2, 25.0, 0.0, 0.0])
(112792565, [2.0, 0.54, 0.0, 0.68, 0.0, 3.6, 0.0, 2.33, 0.0, 0.0], [0.0, 0.19, 0.0, 0.06, 35.64, 35.65, 0.0, 1.0], [0.2, 25.0, 0.0, 0.0])
(112892404, [2.0, 0.55, 0.0, 0.69, 0.0, 3.6, 0.0, 2.33, 0.0, 0.0], [0.0, 0.19, 0.0, 0.06, 35.65, 35.65, 0.0, 1.0], [0.2, 25.0, 0.0, 0.0])
(112992491, [2.0, 0.54, 0.0, 0.68, 0.0, 3.6, 0.0, 2.33, 0.0, 0.0], [0.0, 0.19, 0.0, 0.06, 35.65, 35.66, 0.0, 1.0], [0.2, 25.0, 0.0, 0.0])
(113092500, [2.0, 0.54, 0.0, 0.69, 0.0, 3.6, 0.0, 2.33, 0.0, 0.0], [0.0, 0.19, 0.0, 0.06, 35.65, 35.66, 0.0, 1.0], [0.2, 25.0, 0.0, 0.0])
(113192499, [2.0, 0.54, 0.0, 0.68, 0.0, 3.6, 0.0, 2.34, 0.0, 0.0], [0.0, 0.19, 0.0, 0.07, 35.65, 35.66, 0.0, 1.0], [0.2, 25.0, 0.0, 0.0])
(113292466, [2.0, 0.54, 0.0, 0.68, 0.0, 3.6, 0.0, 2.34, 0.0, 0.0], [0.0, 0.19, 0.0, 0.07, 35.66, 35.66, 0.0, 1.0], [0.2, 25.0, 0.0, 0.0])
(113393068, [2.0, 0.54, 0.0, 0.68, 0.0, 3.6, 0.0, 2.33, 0.0, 0.0], [0.0, 0.18, 0.0, 0.07, 35.66, 35.66, 0.0, 1.0], [0.2, 25.0, 0.0, 0.0])
(113492779, [2.0, 0.54, 0.0, 0.68, 0.0, 3.6, 0.0, 2.33, 0.0, 0.0], [0.0, 0.18, 0.0, 0.07, 35.66, 35.66, 0.0, 1.0], [0.2, 25.0, 0.0, 0.0])
(113593193, [2.0, 0.54, 0.0, 0.68, 0.0, 3.6, 0.0, 2.34, 0.0, 0.0], [0.0, 0.18, 0.0, 0.07, 35.66, 35.67, 0.0, 1.0], [0.2, 25.0, 0.0, 0.0])
(113692480, [2.0, 0.55, 0.0, 0.68, 0.0, 3.6, 0.0, 2.33, 0.0, 0.0], [0.0, 0.19, 0.0, 0.06, 35.66, 35.67, 0.0, 1.0], [0.2, 25.0, 0.0, 0.0])
(113792937, [2.0, 0.54, 0.0, 0.68, 0.0, 3.6, 0.0, 2.33, 0.0, 0.0], [0.0, 0.19, 0.0, 0.06, 35.67, 35.67, 0.0, 1.0], [0.2, 25.0, 0.0, 0.0])
(113892401, [2.0, 0.54, 0.0, 0.69, 0.0, 3.6, 0.0, 2.33, 0.0, 0.0], [0.0, 0.18, 0.0, 0.07, 35.67, 35.67, 0.0, 1.0], [0.2, 25.0, 0.0, 0.0])
(113992961, [2.0, 0.54, 0.0, 0.68, 0.0, 3.6, 0.0, 2.32, 0.0, 0.0], [0.0, 0.18, 0.0, 0.07, 35.67, 35.67, 0.0, 1.0], [0.2, 25.0, 0.0, 0.0])
(114092339, [2.0, 0.54, 0.0, 0.68, 0.0, 3.6, 0.0, 2.33, 0.0, 0.0], [0.0, 0.18, 0.0, 0.06, 35.67, 35.68, 0.0, 1.0], [0.2, 25.0, 0.0, 0.0])
(114192989, [2.0, 0.54, 0.0, 0.69, 0.0, 3.6, 0.0, 2.32, 0.0, 0.0], [0.0, 0.18, 0.0, 0.06, 35.67, 35.68, 0.0, 1.0], [0.2, 25.0, 0.0, 0.0])
(114292391, [2.0, 0.54, 0.0, 0.68, 0.0, 3.6, 0.0, 2.33, 0.0, 0.0], [0.0, 0.18, 0.0, 0.07, 35.68, 35.68, 0.0, 1.0], [0.2, 25.0, 0.0, 0.0])
(114392490, [2.0, 0.54, 0.0, 0.69, 0.0, 3.6, 0.0, 2.34, 0.0, 0.0], [0.0, 0.19, 0.0, 0.07, 35.69, 35.69, 0.0, 1.0], [0.2, 25.0, 0.0, 0.0])
(114492815, [2.0, 0.54, 0.0, 0.68, 0.0, 3.6, 0.0, 2.33, 0.0, 0.0], [0.0, 0.18, 0.0, 0.08, 35.68, 35.69, 0.0, 1.0], [0.2, 25.0, 0.0, 0.0])
(114592526, [2.0, 0.54, 0.0, 0.68, 0.0, 3.6, 0.0, 2.33, 0.0, 0.0], [0.0, 0.18, 0.0, 0.08, 35.63, 35.63, 0.0, 1.0], [0.2, 25.0, 0.0, 0.0])
(114692379, [2.0, 0.54, 0.0, 0.69, 0.0, 3.6, 0.0, 2.34, 0.0, 0.0], [0.0, 0.17, 0.0, 0.09, 35.63, 35.63, 0.0, 1.0], [0.2, 25.0, 0.0, 0.0])
(114792514, [2.0, 0.54, 0.0, 0.69, 0.0, 3.6, 0.0, 2.34, 0.0, 0.0], [0.0, 0.16, 0.0, 0.07, 35.67, 35.68, 0.0, 1.0], [0.2, 25.0, 0.0, 0.0])
(114892471, [2.0, 0.54, 0.0, 0.69, 0.0, 3.6, 0.0, 2.33, 0.0, 0.0], [0.0, 0.18, 0.0, 0.07, 35.66, 35.67, 0.0, 1.0], [0.2, 25.0, 0.0, 0.0])
(114992844, [2.0, 0.54, 0.0, 0.68, 0.0, 3.6, 0.0, 2.33, 0.0, 0.0], [0.0, 0.18, 0.0, 0.08, 35.67, 35.67, 0.0, 1.0], [0.2, 25.0, 0.0, 0.0])
(115092537, [2.0, 0.54, 0.0, 0.68, 0.0, 3.6, 0.0, 2.32, 0.0, 0.0], [0.0, 0.19, 0.0, 0.07, 35.68, 35.69, 0.0, 1.0], [0.2, 25.0, 0.0, 0.0])
(115193014, [2.0, 0.54, 0.0, 0.69, 0.0, 3.6, 0.0, 2.34, 0.0, 0.0], [0.0, 0.19, 0.0, 0.06, 35.66, 35.67, 0.0, 1.0], [0.2, 25.0, 0.0, 0.0])
(115292773, [2.0, 0.54, 0.0, 0.68, 0.0, 3.6, 0.0, 2.33, 0.0, 0.0], [0.0, 0.19, 0.0, 0.06, 35.68, 35.68, 0.0, 1.0], [0.2, 25.0, 0.0, 0.0])
(115392417, [2.0, 0.54, 0.0, 0.68, 0.0, 3.6, 0.0, 2.33, 0.0, 0.0], [0.0, 0.19, 0.0, 0.06, 35.67, 35.68, 0.0, 1.0], [0.2, 25.0, 0.0, 0.0])
(115492413, [2.0, 0.54, 0.0, 0.68, 0.0, 3.6, 0.0, 2.32, 0.0, 0.0], [0.0, 0.19, 0.0, 0.06, 35.66, 35.67, 0.0, 1.0], [0.2, 25.0, 0.0, 0.0])
(115592379, [2.0, 0.54, 0.0, 0.69, 0.0, 3.6, 0.0, 2.33, 0.0, 0.0], [0.0, 0.19, 0.0, 0.05, 35.67, 35.67, 0.0, 1.0], [0.2, 25.0, 0.0, 0.0])
(115692894, [2.0, 0.54, 0.0, 0.69, 0.0, 3.6, 0.0, 2.32, 0.0, 0.0], [0.0, 0.2, 0.0, 0.05, 35.67, 35.67, 0.0, 1.0], [0.2, 25.0, 0.0, 0.0])
(115792347, [2.0, 0.54, 0.0, 0.69, 0.0, 3.6, 0.0, 2.32, 0.0, 0.0], [0.0, 0.19, 0.0, 0.06, 35.67, 35.68, 0.0, 1.0], [0.2, 25.0, 0.0, 0.0])
(115892341, [2.0, 0.54, 0.0, 0.69, 0.0, 3.6, 0.0, 2.34, 0.0, 0.0], [0.0, 0.2, 0.0, 0.05, 35.68, 35.68, 0.0, 1.0], [0.2, 25.0, 0.0, 0.0])
(115992540, [2.0, 0.54, 0.0, 0.68, 0.0, 3.6, 0.0, 2.33, 0.0, 0.0], [0.0, 0.2, 0.0, 0.05, 35.67, 35.68, 0.0, 1.0], [0.2, 25.0, 0.0, 0.0])
(116093044, [2.0, 0.54, 0.0, 0.68, 0.0, 3.6, 0.0, 2.32, 0.0, 0.0], [0.0, 0.2, 0.0, 0.05, 35.69, 35.69, 0.0, 1.0], [0.2, 25.0, 0.0, 0.0])
(116192356, [2.0, 0.54, 0.0, 0.68, 0.0, 3.6, 0.0, 2.34, 0.0, 0.0], [0.0, 0.21, 0.0, 0.05, 35.67, 35.68, 0.0, 1.0], [0.2, 25.0, 0.0, 0.0])
(116292765, [2.0, 0.54, 0.0, 0.68, 0.0, 3.6, 0.0, 2.33, 0.0, 0.0], [0.0, 0.2, 0.0, 0.05, 35.69, 35.7, 0.0, 1.0], [0.2, 25.0, 0.0, 0.0])
(116395264, [2.0, 0.54, 0.0, 0.68, 0.0, 3.6, 0.0, 2.33, 0.0, 0.0], [0.0, 0.2, 0.0, 0.05, 35.68, 35.69, 0.0, 1.0], [0.2, 25.0, 0.0, 0.0])
(116495118, [2.0, 0.54, 0.0, 0.68, 0.0, 3.6, 0.0, 2.34, 0.0, 0.0], [0.0, 0.2, 0.0, 0.05, 35.69, 35.69, 0.0, 1.0], [0.2, 25.0, 0.0, 0.0])
(116595158, [2.0, 0.54, 0.0, 0.69, 0.0, 0.79, 0.0, 2.33, 0.0, 0.0], [0.0, 0.21, 0.0, 0.05, 35.69, 35.7, 0.0, 1.0], [0.2, 25.0, 0.0, 0.0])
(116695221, [2.0, 0.54, 0.0, 0.69, 0.0, 0.79, 0.0, 2.33, 0.0, 0.0], [0.0, 0.21, 0.0, 0.05, 35.69, 35.69, 0.0, 1.0], [0.2, 25.0, 0.0, 0.0])
(116795101, [2.0, 0.54, 0.0, 0.69, 0.0, 3.6, 0.0, 2.32, 0.0, 0.0], [0.0, 0.21, 0.0, 0.05, 35.69, 35.7, 0.0, 1.0], [0.2, 25.0, 0.0, 0.0])
(116894988, [2.0, 0.54, 0.0, 0.68, 0.0, 3.6, 0.0, 2.34, 0.0, 0.0], [0.0, 0.22, 0.0, 0.04, 35.7, 35.7, 0.0, 1.0], [0.2, 25.0, 0.0, 0.0])
(116995335, [2.0, 0.54, 0.0, 0.68, 0.0, 3.6, 0.0, 2.34, 0.0, 0.0], [0.0, 0.21, 0.0, 0.04, 35.69, 35.69, 0.0, 1.0], [0.2, 25.0, 0.0, 0.0])
(117095118, [2.0, 0.54, 0.0, 0.68, 0.0, 3.6, 0.0, 2.31, 0.0, 0.0], [0.0, 0.23, 0.0, 0.04, 35.69, 35.5, 0.0, 1.0], [0.2, 25.0, 0.0, 0.0])
(117195057, [2.0, 0.54, 0.0, 0.68, 0.0, 3.6, 0.0, 2.33, 0.0, 0.0], [0.0, 0.58, 0.0, -0.77, 35.69, 34.95, 0.0, 1.0], [0.2, 25.0, 0.0, 0.0])
(117295040, [2.0, 0.53, 0.0, 0.68, 0.0, 3.6, 0.0, 2.33, 0.0, 0.0], [0.0, 1.64, 0.0, -2.22, 35.69, 34.03, 0.01, 1.0], [0.2, 25.0, 0.0, 0.0])
(117395160, [2.0, 0.52, 0.0, 0.68, 0.0, 3.6, 0.0, 2.33, 0.0, 0.0], [0.0, 2.75, 0.0, -3.89, 35.69, 32.75, 0.01, 1.0], [0.2, 25.0, 0.0, 0.0])
(117495137, [2.0, 0.51, 0.0, 0.67, 0.0, 3.6, 0.0, 2.35, 0.0, 0.0], [0.0, 3.49, 0.0, -4.77, 35.69, 31.21, 0.01, 1.0], [0.2, 25.0, 0.0, 0.0])
(117595263, [2.0, 0.48, 0.0, 0.66, 0.0, 3.6, 0.0, 2.39, 0.0, 0.0], [-1.74, 2.02, 0.03, -4.87, 35.69, 29.69, 0.01, 1.0], [0.2, 25.0, 0.0, 0.0])
(117695047, [2.0, 0.47, 0.0, 0.66, 0.0, 3.6, 0.0, 2.39, 0.0, 0.0], [-2.77, -0.2, 0.07, -4.77, 35.69, 28.56, 0.03, 1.0], [0.2, 25.0, 0.0, 0.0])
(117795506, [2.0, 0.43, 0.0, 0.64, 0.0, 3.6, 0.0, 2.4, 0.0, 0.0], [-3.28, -0.15, 0.15, -4.43, 35.69, 27.95, 0.03, 1.0], [0.2, 25.0, 0.0, 0.0])
(117895925, [2.0, 0.41, 0.0, 0.63, 0.0, 3.6, 0.0, 2.42, 0.0, 0.0], [-3.55, -0.38, 0.28, -4.43, 35.69, 27.76, 0.04, 1.0], [0.2, 25.0, 0.0, 0.0])
(117996899, [2.0, 0.36, 0.0, 0.61, 0.0, 3.6, 0.0, 2.46, 0.0, 0.0], [-3.71, -0.22, 0.41, -4.21, 35.69, 27.95, 0.04, 1.0], [0.2, 25.0, 0.0, 0.0])
(118095766, [2.0, 0.32, 0.0, 0.6, 0.0, 3.6, 0.0, 2.46, 0.0, 0.0], [-3.82, 0.07, 0.61, -3.78, 35.69, 28.64, 0.04, 1.0], [0.2, 25.0, 0.0, 0.0])
(118196436, [2.0, 0.23, 0.0, 0.58, 0.0, 3.6, 0.0, 2.46, 0.0, 0.0], [-3.87, 0.16, 0.86, -3.29, 35.69, 27.32, 0.04, 1.0], [0.2, 25.0, 0.0, 0.0])
(118296469, [2.0, 0.19, 0.0, 0.57, 0.0, 3.6, 0.0, 2.46, 0.0, 0.0], [-3.89, 2.46, 1.16, -3.91, 35.69, 24.93, 0.09, 1.0], [0.2, 25.0, 0.0, 0.0])
(118397655, [2.0, 0.21, 0.0, 0.55, 0.0, 3.6, 0.0, 2.54, 0.0, 0.0], [-3.91, 1.81, 1.33, -4.01, 35.69, 24.85, 0.09, 1.0], [0.2, 25.0, 0.0, 0.0])
(118496098, [2.0, 0.22, 0.0, 0.54, 0.0, 3.6, 0.0, 2.54, 0.0, 0.0], [-3.99, 1.12, 1.37, -4.9, 35.69, 25.56, 0.08, 1.0], [0.2, 25.0, 0.0, 0.0])
(118596154, [2.0, 0.21, 0.0, 0.51, 0.0, 3.6, 0.0, 2.57, 0.0, 0.0], [-4.05, 0.68, 1.39, -4.99, 35.69, 26.49, 0.08, 1.0], [0.2, 25.0, 0.0, 0.0])
(118696352, [2.0, 0.2, 0.0, 0.5, 0.0, 3.6, 0.0, 2.58, 0.0, 0.0], [-4.1, -0.27, 1.43, -4.97, 35.69, 27.68, 0.08, 1.0], [0.2, 25.0, 0.0, 0.0])
(118796335, [2.0, 0.19, 0.0, 0.47, 0.0, 3.6, 0.0, 2.57, 0.0, 0.0], [-4.13, -0.27, 1.49, -4.46, 35.69, 28.39, 0.08, 1.0], [0.2, 25.0, 0.0, 0.0])
(118896125, [2.0, 0.19, 0.0, 0.46, 0.0, 3.6, 0.0, 2.57, 0.0, 0.0], [-4.13, -0.6, 1.52, -3.72, 35.69, 28.35, 0.09, 1.0], [0.2, 25.0, 0.0, 0.0])
(118996178, [2.0, 0.19, 0.0, 0.46, 0.0, 3.6, 0.0, 2.62, 0.0, 0.0], [-4.15, -0.74, 1.53, -2.97, 35.69, 28.62, 0.09, 1.0], [0.2, 25.0, 0.0, 0.0])
(119096118, [2.0, 0.19, 0.0, 0.45, 0.0, 3.6, 0.0, 2.6, 0.0, 0.0], [-4.18, -1.39, 1.54, -2.15, 35.69, 29.53, 0.07, 1.0], [0.2, 25.0, 0.0, 0.0])
(119196426, [2.0, 0.19, 0.0, 0.45, 0.0, 3.6, 0.0, 2.59, 0.0, 0.0], [-4.17, -1.75, 1.54, -1.19, 35.69, 30.84, 0.07, 1.0], [0.2, 25.0, 0.0, 0.0])
(119296900, [2.0, 0.2, 0.0, 0.44, 0.0, 3.6, 0.0, 2.59, 0.0, 0.0], [-4.17, -2.76, 1.56, -0.55, 35.69, 31.62, 0.06, 1.0], [0.2, 25.0, 0.0, 0.0])
(119396387, [2.0, 0.19, 0.0, 0.45, 0.0, 3.6, 0.0, 2.58, 0.0, 0.0], [-4.17, -2.89, 1.54, -0.3, 35.69, 31.72, 0.06, 1.0], [0.2, 25.0, 0.0, 0.0])
(119496591, [2.0, 0.19, 0.0, 0.46, 0.0, 3.6, 0.0, 2.56, 0.0, 0.0], [-4.15, -2.4, 1.52, 0.08, 35.69, 32.29, 0.05, 1.0], [0.2, 25.0, 0.0, 0.0])
(119597258, [2.0, 0.2, 0.0, 0.46, 0.0, 3.6, 0.0, 2.55, 0.0, 0.0], [-4.14, -2.29, 1.52, 0.26, 35.69, 32.16, 0.05, 1.0], [0.2, 25.0, 0.0, 0.0])
(119698393, [2.0, 0.19, 0.0, 0.47, 0.0, 3.6, 0.0, 2.55, 0.0, 0.0], [-4.12, -2.21, 1.53, -0.07, 35.69, 31.53, 0.05, 1.0], [0.2, 25.0, 0.0, 0.0])
(119797342, [2.0, 0.2, 0.0, 0.48, 0.0, 3.6, 0.0, 2.55, 0.0, 0.0], [-4.11, -2.13, 1.52, -0.42, 35.69, 30.58, 0.05, 1.0], [0.2, 25.0, 0.0, 0.0])
(119900981, [2.0, 0.2, 0.0, 0.49, 0.0, 3.6, 0.0, 2.53, 0.0, 0.0], [-4.1, -1.72, 1.51, -0.71, 35.69, 29.47, 0.05, 1.0], [0.2, 25.0, 0.0, 0.0])
(120001038, [2.0, 0.2, 0.0, 0.5, 0.0, 3.6, 0.0, 2.53, 0.0, 0.0], [-4.08, -1.9, 1.5, -0.45, 35.69, 28.81, 0.05, 1.0], [0.2, 25.0, 0.0, 0.0])
(120101403, [2.0, 0.2, 0.0, 0.52, 0.0, 3.6, 0.0, 2.52, 0.0, 0.0], [-4.07, -1.3, 1.5, -0.6, 35.69, 27.27, 0.05, 1.0], [0.2, 25.0, 0.0, 0.0])
(120200727, [2.0, 0.21, 0.0, 0.53, 0.0, 3.6, 0.0, 2.52, 0.0, 0.0], [-4.05, -1.18, 1.48, -1.56, 35.69, 26.2, 0.05, 1.0], [0.2, 25.0, 0.0, 0.0])
(120301046, [2.0, 0.21, 0.0, 0.55, 0.0, 3.6, 0.0, 3.6, 0.0, 0.0], [-4.08, -1.86, 1.46, -1.3, 35.69, 25.63, 0.05, 1.0], [0.2, 25.0, 0.0, 0.0])
(120400675, [2.0, 0.21, 0.0, 0.56, 0.0, 3.6, 0.0, 3.6, 0.0, 0.0], [-5.12, -3.5, 1.45, -0.32, 35.69, 24.21, 0.05, 1.0], [0.2, 25.0, 0.0, 0.0])
(120529469, [2.0, 0.21, 0.0, 0.57, 0.0, 3.6, 0.0, 3.6, 0.0, 0.0], [-5.67, -4.51, 1.45, -0.42, 35.69, 22.92, 0.04, 1.0], [0.2, 25.0, 0.0, 0.0])
(120629617, [2.0, 0.21, 0.0, 0.59, 0.0, 3.6, 0.0, 2.46, 0.0, 0.0], [-5.06, -4.86, 1.45, -1.02, 35.69, 22.69, 0.04, 1.0], [0.2, 25.0, 0.0, 0.0])
(120729619, [2.0, 0.22, 0.0, 0.6, 0.0, 3.6, 0.0, 2.44, 0.0, 0.0], [-4.47, -3.89, 1.43, -1.0, 35.69, 22.93, 0.05, 1.0], [0.2, 25.0, 0.0, 0.0])
(120829774, [2.0, 0.21, 0.0, 0.62, 0.0, 3.6, 0.0, 2.47, 0.0, 0.0], [-4.17, -3.72, 1.43, -0.68, 35.69, 23.59, 0.05, 1.0], [0.2, 25.0, 0.0, 0.0])
(120933846, [2.0, 0.21, 0.0, 0.64, 0.0, 3.6, 0.0, 2.44, 0.0, 0.0], [-4.04, -3.9, 1.44, 0.05, 35.69, 25.27, 0.05, 1.0], [0.2, 25.0, 0.0, 0.0])
(121033855, [2.0, 0.2, 0.0, 0.67, 0.0, 3.6, 0.0, 2.4, 0.0, 0.0], [-3.95, -4.18, 1.45, 0.79, 35.69, 25.86, 0.05, 1.0], [0.2, 25.0, 0.0, 0.0])
(121133765, [2.0, 0.18, 0.0, 0.7, 0.0, 3.6, 0.0, 2.37, 0.0, 0.0], [-3.85, -3.9, 1.51, 1.23, 35.69, 26.71, 0.05, 1.0], [0.2, 25.0, 0.0, 0.0])
(121236161, [2.0, 0.19, 0.0, 0.72, 0.0, 3.6, 0.0, 2.33, 0.0, 0.0], [-3.79, -3.41, 1.54, 1.77, 35.69, 27.84, 0.05, 1.0], [0.2, 25.0, 0.0, 0.0])
(121338132, [2.0, 0.19, 0.0, 0.76, 0.0, 3.6, 0.0, 2.28, 0.0, 0.0], [-3.69, -1.84, 1.54, 1.88, 35.69, 31.86, 0.06, 1.0], [0.2, 25.0, 0.0, 0.0])
(121444581, [2.0, 0.18, 0.0, 0.78, 0.0, 3.6, 0.0, 2.23, 0.0, 0.0], [-3.61, 2.01, 1.56, -1.74, 35.69, 40.15, 0.06, 1.0], [0.2, 25.0, 0.0, 0.0])
(121546444, [2.0, 0.2, 0.0, 0.81, 0.0, 3.6, 0.0, 2.2, 0.0, 0.0], [-3.52, 0.62, 1.53, -1.25, 35.69, 43.18, 0.07, 1.0], [0.2, 25.0, 0.0, 0.0])
(121646144, [2.0, 0.21, 0.0, 0.83, 0.0, 3.6, 0.0, 2.17, 0.0, 0.0], [-3.44, -2.26, 1.5, 0.64, 35.69, 43.27, 0.07, 1.0], [0.2, 25.0, 0.0, 0.0])
(121745758, [2.0, 0.22, 0.0, 0.85, 0.0, 3.6, 0.0, 2.15, 0.0, 0.0], [-3.39, -3.78, 1.47, 1.92, 35.69, 41.66, 0.06, 1.0], [0.2, 25.0, 0.0, 0.0])
(121847558, [2.0, 0.23, 0.0, 0.87, 0.0, 3.6, 0.0, 2.15, 0.0, 0.0], [-3.34, -4.15, 1.42, 2.1, 35.69, 38.91, 0.06, 1.0], [0.21, 25.0, 0.0, 0.0])
(121947489, [2.0, 0.24, 0.0, 0.9, 0.0, 3.6, 0.0, 2.1, 0.0, 0.0], [-3.3, -3.73, 1.37, 1.17, 35.69, 35.67, 0.06, 1.0], [0.24, 25.0, 0.0, 0.0])
(122047502, [2.0, 0.24, 0.0, 0.92, 0.0, 3.6, 0.0, 2.09, 0.0, 0.0], [-3.24, -3.22, 1.33, 0.37, 35.69, 32.62, 0.06, 1.0], [0.27, 25.0, 0.0, 0.0])
(122147608, [2.0, 0.26, 0.0, 0.97, 0.0, 3.6, 0.0, 2.05, 0.0, 0.0], [-3.19, -3.03, 1.28, 0.19, 35.69, 30.08, 0.05, 1.0], [0.3, 25.0, 0.0, 0.0])
(122247468, [2.0, 0.27, 0.0, 0.99, 0.0, 3.6, 0.0, 2.03, 0.0, 0.0], [-3.13, -3.12, 1.22, 0.0, 35.69, 28.37, 0.05, 1.0], [0.32, 25.0, 0.0, 0.0])
(122347998, [2.0, 0.28, 0.0, 1.05, 0.0, 3.6, 0.0, 1.99, 0.0, 0.0], [-3.07, -2.7, 1.17, -0.6, 35.69, 27.41, 0.05, 1.0], [0.34, 25.0, 0.0, 0.0])
(122447736, [2.0, 0.29, 0.0, 1.11, 0.0, 3.6, 0.0, 1.96, 0.0, 0.0], [-3.01, -2.44, 1.12, -0.82, 35.69, 27.11, 0.05, 1.0], [0.36, 25.0, 0.0, 0.0])
(122547252, [2.0, 0.29, 0.0, 1.14, 0.0, 3.6, 0.0, 1.9, 0.0, 0.0], [-2.93, -2.7, 1.08, -0.97, 35.69, 27.28, 0.05, 1.0], [0.37, 25.0, 0.0, 0.0])
(122647619, [2.0, 0.3, 0.0, 1.21, 0.0, 3.6, 0.0, 1.86, 0.0, 0.0], [-2.84, -2.57, 1.04, -1.05, 35.69, 27.78, 0.05, 1.0], [0.38, 25.0, 0.0, 0.0])
(122747209, [2.0, 0.29, 0.0, 1.24, 0.0, 3.6, 0.0, 1.79, 0.0, 0.0], [-2.74, -2.84, 1.03, -1.36, 35.69, 28.43, 0.04, 1.0], [0.39, 25.0, 0.0, 0.0])
(122847868, [2.0, 0.29, 0.0, 1.31, 0.0, 0.88, 0.0, 1.75, 0.0, 0.0], [-2.63, -3.07, 1.04, -1.27, 35.69, 28.95, 0.04, 1.0], [0.39, 25.0, 0.0, 0.0])
(122947287, [2.0, 0.29, 0.0, 1.35, 0.0, 0.88, 0.0, 1.67, 0.0, 0.0], [-2.51, -2.73, 1.04, -0.79, 35.69, 29.61, 0.04, 1.0], [0.39, 25.0, 0.0, 0.0])
(123047790, [2.0, 0.29, 0.0, 1.43, 0.0, 0.89, 0.0, 1.63, 0.0, 0.0], [-2.4, -2.22, 1.04, -0.17, 35.69, 30.1, 0.04, 1.0], [0.4, 25.0, 0.0, 0.0])
(123147949, [2.0, 0.29, 0.0, 1.47, 0.0, 0.9, 0.0, 1.48, 0.0, 0.0], [-2.25, -1.13, 1.04, 0.67, 35.69, 30.68, 0.04, 1.0], [0.4, 25.0, 0.0, 0.0])
(123248462, [2.0, 0.28, 0.0, 1.55, 0.0, 0.91, 0.0, 1.38, 0.0, 0.0], [-2.08, 0.13, 1.07, 1.28, 35.69, 31.1, 0.04, 1.0], [0.4, 25.0, 0.0, 0.0])
(123348638, [2.0, 0.27, 0.0, 1.6, 0.0, 0.91, 0.0, 1.34, 0.0, 0.0], [-1.91, 0.63, 1.09, 1.27, 35.69, 31.06, 0.03, 1.0], [0.4, 25.0, 0.0, 0.0])
(123448451, [2.0, 0.27, 0.0, 1.68, 0.0, 0.92, 0.0, 1.26, 0.0, 0.0], [-1.76, 1.69, 1.1, 2.08, 35.69, 30.81, 0.03, 1.0], [0.39, 25.0, 0.0, 0.0])
(123548320, [2.0, 0.27, 0.0, 1.71, 0.0, 0.92, 0.0, 1.22, 0.0, 0.0], [-1.63, 2.16, 1.12, 2.68, 35.69, 30.42, 0.04, 1.0], [0.39, 25.0, 0.0, 0.0])
(123648235, [2.0, 0.27, 0.0, 1.77, 0.0, 0.94, 0.0, 1.15, 0.0, 0.0], [-1.5, 1.7, 1.13, 2.3, 35.69, 29.68, 0.04, 1.0], [0.39, 25.0, 0.0, 0.0])
(123748220, [2.0, 0.27, 0.0, 1.78, 0.0, 0.95, 0.0, 1.12, 0.0, 0.0], [-1.38, 1.02, 1.14, 1.21, 35.69, 28.95, 0.04, 1.0], [0.38, 25.0, 0.0, 0.0])
(123849128, [2.0, 1.52, 0.0, 1.79, 0.0, 0.94, 0.0, 1.06, 0.0, 0.0], [-1.28, 1.03, 1.19, 0.23, 35.69, 28.51, 0.04, 1.0], [0.37, 25.0, 0.0, 0.0])
(123948267, [2.0, 1.53, 0.0, 1.79, 0.0, 0.94, 0.0, 1.04, 0.0, 0.0], [-1.19, 1.11, 1.7, -0.2, 35.69, 28.33, 0.04, 1.0], [0.36, 25.0, 0.0, 0.0])
(124048501, [2.0, 1.54, 0.0, 1.83, 0.0, 0.95, 0.0, 0.99, 0.0, 0.0], [-1.11, 1.31, 1.97, -0.42, 35.69, 28.45, 0.04, 1.0], [0.34, 25.0, 0.0, 0.0])
(124148607, [2.0, 1.53, 0.0, 1.83, 0.0, 0.95, 0.0, 0.97, 0.0, 0.0], [-1.03, 1.01, 2.11, -0.46, 35.69, 28.78, 0.04, 1.0], [0.33, 25.0, 0.0, 0.0])
(124248889, [2.0, 1.52, 0.0, 1.87, 0.0, 0.95, 0.0, 0.92, 0.0, 0.0], [-0.95, 0.77, 2.18, -0.24, 35.69, 29.29, 0.04, 1.0], [0.32, 25.0, 0.0, 0.0])
(124349477, [2.0, 1.51, 0.0, 1.89, 0.0, 0.95, 0.0, 0.91, 0.0, 0.0], [-0.89, 0.7, 2.21, 0.14, 35.69, 29.82, 0.03, 1.0], [0.31, 25.0, 0.0, 0.0])
(124448949, [2.0, 1.51, 0.0, 1.91, 0.0, 0.96, 0.0, 0.87, 0.0, 0.0], [-0.82, 0.62, 2.25, 1.26, 35.69, 30.45, 0.03, 1.0], [0.3, 25.0, 0.0, 0.0])
(124549607, [2.0, 1.49, 0.0, 1.97, 0.0, 0.96, 0.0, 0.85, 0.0, 0.0], [-0.77, 0.14, 2.27, 2.43, 35.69, 31.0, 0.03, 1.0], [0.29, 25.0, 0.0, 0.0])
(124649480, [2.0, 1.49, 0.0, 2.03, 0.0, 0.96, 0.0, 0.82, 0.0, 0.0], [-0.72, -0.56, 2.3, 3.36, 35.69, 31.29, 0.03, 1.0], [0.28, 25.0, 0.0, 0.0])
(124749718, [2.0, 1.48, 0.0, 2.06, 0.0, 0.96, 0.0, 0.81, 0.0, 0.0], [-0.67, -1.21, 2.3, 3.64, 35.69, 31.28, 0.03, 1.0], [0.27, 25.0, 0.0, 0.0])
(124849801, [2.0, 1.49, 0.0, 2.08, 0.0, 0.95, 0.0, 0.78, 0.0, 0.0], [-0.63, -1.61, 2.29, 3.88, 35.69, 30.95, 0.03, 1.0], [0.27, 25.0, 0.0, 0.0])
(124949485, [2.0, 1.51, 0.0, 2.13, 0.0, 0.93, 0.0, 0.75, 0.0, 0.0], [-0.59, -2.06, 2.27, 3.99, 35.69, 30.46, 0.04, 1.0], [0.26, 25.0, 0.0, 0.0])
(125049137, [2.0, 1.52, 0.0, 2.14, 0.0, 0.92, 0.0, 0.74, 0.0, 0.0], [-0.54, -1.74, 2.2, 3.22, 35.69, 30.0, 0.04, 1.0], [0.25, 25.0, 0.0, 0.0])
(125149455, [2.0, 1.54, 0.0, 2.16, 0.0, 0.9, 0.0, 0.7, 0.0, 0.0], [-0.49, -1.22, 2.13, 1.98, 35.69, 29.77, 0.04, 1.0], [0.24, 25.0, 0.0, 0.0])
(125248919, [2.0, 1.57, 0.0, 2.22, 0.0, 0.88, 0.0, 0.69, 0.0, 0.0], [-0.44, -0.62, 2.04, 1.13, 35.69, 29.87, 0.04, 1.0], [0.23, 25.0, 0.0, 0.0])
(125349509, [2.0, 1.6, 0.0, 2.28, 0.0, 0.84, 0.0, 0.65, 0.0, 0.0], [-0.39, 0.0, 1.93, 1.16, 35.69, 30.03, 0.03, 1.0], [0.22, 25.0, 0.0, 0.0])
(125448969, [2.0, 1.62, 0.0, 2.31, 0.0, 0.82, 0.0, 0.63, 0.0, 0.0], [-0.34, 0.11, 1.79, 1.42, 35.69, 29.91, 0.03, 1.0], [0.22, 25.0, 0.0, 0.0])
(125549145, [2.0, 1.67, 0.0, 2.35, 0.0, 0.77, 0.0, 0.6, 0.0, 0.0], [-0.28, -0.84, 1.65, 1.78, 35.69, 29.54, 0.03, 1.0], [0.21, 25.0, 0.0, 0.0])
(125648927, [2.0, 1.69, 0.0, 2.39, 0.0, 0.75, 0.0, 0.58, 0.0, 0.0], [-0.23, -1.67, 2.13, 1.8, 35.69, 29.17, 0.03, 1.0], [0.2, 25.0, 0.0, 0.0])
(125749622, [2.0, 1.74, 0.0, 2.44, 0.0, 0.69, 0.0, 0.55, 0.0, 0.0], [-0.18, -1.73, 4.11, 3.85, 35.69, 28.86, 0.03, 1.0], [0.2, 25.0, 0.0, 0.0])
(125849585, [2.0, 1.77, 0.0, 2.46, 0.0, 0.67, 0.0, 0.53, 0.0, 0.0], [-0.13, -2.07, 5.21, 5.73, 35.69, 28.62, 0.03, 1.0], [0.2, 25.0, 0.0, 0.0])
(125949037, [2.0, 1.83, 0.0, 2.52, 0.0, 0.61, 0.0, 0.5, 0.0, 0.0], [-0.09, -2.12, 5.85, 6.2, 35.69, 28.35, 0.03, 1.0], [0.2, 25.0, 0.0, 0.0])
(126049192, [2.0, 1.87, 0.0, 2.55, 0.0, 0.58, 0.0, 0.48, 0.0, 0.0], [-0.03, -1.27, 6.31, 6.62, 35.69, 28.12, 0.03, 1.0], [0.2, 25.0, 0.0, 0.0])
(126149025, [2.0, 1.95, 0.0, 2.55, 0.0, 0.45, 0.0, 0.44, 0.0, 0.0], [0.01, 0.0, 6.71, 6.64, 35.69, 28.1, 0.04, 1.0], [0.2, 25.0, 0.0, 0.0])
(126249166, [2.0, 2.04, 0.0, 2.62, 0.0, 0.4, 0.0, 0.41, 0.0, 0.0], [0.08, 0.87, 7.02, 7.02, 35.69, 28.56, 0.04, 1.0], [0.2, 25.0, 0.0, 0.0])
(126349499, [2.0, 2.09, 0.0, 2.66, 0.0, 0.28, 0.0, 0.38, 0.0, 0.0], [0.14, 0.91, 7.38, 7.47, 35.69, 29.53, 0.05, 1.0], [0.2, 25.0, 0.0, 0.0])
(126449226, [2.0, 2.22, 0.0, 2.67, 0.0, 0.21, 0.0, 0.36, 0.0, 0.0], [0.2, 0.97, 7.74, 8.07, 35.69, 36.16, 0.05, 1.0], [0.2, 25.0, 0.0, 0.0])
(126549441, [2.0, 2.26, 0.0, 2.67, 0.0, 0.19, 0.0, 0.35, 0.0, 0.0], [0.24, -0.91, 8.19, 10.0, 35.69, 36.37, 0.1, 1.0], [0.2, 25.0, 0.0, 0.0])
(126649115, [2.0, 2.27, 0.0, 2.66, 0.0, 0.19, 0.0, 0.35, 0.0, 0.0], [0.27, -1.71, 8.53, 10.87, 35.69, 36.73, 0.1, 1.0], [0.2, 25.0, 0.0, 0.0])
(126749227, [2.0, 2.25, 0.0, 2.66, 0.0, 0.18, 0.0, 0.34, 0.0, 0.0], [0.29, -2.24, 8.67, 11.82, 35.69, 36.49, 0.15, 1.0], [0.2, 25.0, 0.0, 0.0])
(126849925, [2.0, 2.24, 0.0, 2.7, 0.0, 0.19, 0.0, 0.34, 0.0, 0.0], [0.3, -2.95, 8.72, 12.96, 35.69, 37.37, 0.15, 1.0], [0.2, 25.0, 0.0, 0.0])
(126948868, [2.0, 2.22, 0.0, 2.7, 0.0, 0.19, 0.0, 0.32, 0.0, 0.0], [0.32, -2.71, 8.69, 12.74, 35.69, 37.41, 0.13, 1.0], [0.2, 25.0, 0.0, 0.0])
(127053995, [2.0, 2.22, 0.0, 2.71, 0.0, 0.19, 0.0, 0.3, 0.0, 0.0], [0.34, -2.42, 8.68, 12.54, 35.69, 37.45, 0.13, 1.0], [0.2, 25.0, 0.0, 0.0])
(127153871, [2.0, 2.2, 0.0, 2.7, 0.0, 0.19, 0.0, 0.3, 0.0, 0.0], [0.37, -2.3, 8.61, 12.45, 35.69, 36.71, 0.14, 1.0], [0.2, 25.0, 0.0, 0.0])
(127253856, [2.0, 2.22, 0.0, 2.7, 0.0, 0.18, 0.0, 0.3, 0.0, 0.0], [0.38, -2.29, 8.59, 12.49, 35.69, 36.46, 0.14, 1.0], [0.2, 25.0, 0.0, 0.0])
(127354042, [2.0, 2.22, 0.0, 3.6, 0.0, 0.19, 0.0, 0.28, 0.0, 0.0], [0.4, -1.91, 8.59, 12.03, 35.69, 36.62, 0.12, 1.0], [0.2, 25.0, 0.0, 0.0])
(127454038, [2.0, 2.24, 0.0, 3.6, 0.0, 0.19, 0.0, 0.28, 0.0, 0.0], [0.42, -2.01, 8.62, 12.19, 35.69, 36.55, 0.12, 1.0], [0.2, 25.0, 0.0, 0.0])
