(32716053, [2.0, 0.62, 0.0, 0.63, 0.0, 3.6, 0.0, 2.39, 0.0, 0.0], [0.0, 0.17, 0.0, -0.04, 344.28, 344.29, 0.0, 1.0], [0.2, 25.0, 0.0, 0.0])
(32816370, [2.0, 0.62, 0.0, 0.63, 0.0, 3.6, 0.0, 2.4, 0.0, 0.0], [0.0, 0.17, 0.0, -0.04, 344.17, 344.19, 0.0, 1.0], [0.2, 25.0, 0.0, 0.0])
(32916451, [2.0, 0.62, 0.0, 0.63, 0.0, 3.6, 0.0, 2.37, 0.0, 0.0], [0.0, 0.17, 0.0, -0.05, 344.07, 344.08, 0.0, 1.0], [0.2, 25.0, 0.0, 0.0])
(33016108, [2.0, 0.62, 0.0, 0.63, 0.0, 3.6, 0.0, 2.39, 0.0, 0.0], [0.0, 0.17, 0.0, -0.05, 343.97, 343.98, 0.0, 1.0], [0.2, 25.0, 0.0, 0.0])
(33115901, [2.0, 0.62, 0.0, 0.63, 0.0, 3.6, 0.0, 2.39, 0.0, 0.0], [0.0, 0.17, 0.0, -0.05, 343.86, 343.88, 0.0, 1.0], [0.2, 25.0, 0.0, 0.0])
(33217480, [2.0, 0.62, 0.0, 0.63, 0.0, 3.6, 0.0, 2.39, 0.0, 0.0], [0.0, 0.17, 0.0, -0.05, 343.76, 343.77, 0.0, 1.0], [0.55, 25.0, 0.0, 0.0])
(33315899, [2.0, 0.61, 0.0, 0.63, 0.0, 3.6, 0.0, 2.39, 0.0, 0.0], [0.0, 0.17, 0.0, -0.05, 343.66, 343.67, 0.0, 1.0], [0.2, 25.0, 0.0, 0.0])
(33416116, [2.0, 0.61, 0.0, 0.63, 0.0, 3.6, 0.0, 2.4, 0.0, 0.0], [0.0, 0.17, 0.0, -0.05, 343.55, 343.57, 0.0, 1.0], [0.2, 25.0, 0.0, 0.0])
(33516490, [2.0, 0.62, 0.0, 0.63, 0.0, 3.6, 0.0, 2.38, 0.0, 0.0], [0.0, 0.17, 0.0, -0.05, 343.45, 343.46, 0.0, 1.0], [0.2, 25.0, 0.0, 0.0])
(33616705, [2.0, 0.62, 0.0, 0.63, 0.0, 3.6, 0.0, 2.4, 0.0, 0.0], [0.0, 0.17, 0.0, -0.06, 343.35, 343.36, 0.0, 1.0], [0.2, 25.0, 0.0, 0.0])
(33715905, [2.0, 0.62, 0.0, 0.63, 0.0, 3.6, 0.0, 2.39, 0.0, 0.0], [0.0, 0.17, 0.0, -0.06, 343.24, 343.25, 0.0, 1.0], [0.2, 25.0, 0.0, 0.0])
(33816877, [2.0, 0.62, 0.0, 0.63, 0.0, 3.6, 0.0, 2.4, 0.0, 0.0], [0.0, 0.17, 0.0, -0.06, 343.14, 343.15, 0.0, 1.0], [0.2, 25.0, 0.0, 0.0])
(33916034, [2.0, 0.62, 0.0, 0.63, 0.0, 3.6, 0.0, 2.39, 0.0, 0.0], [0.0, 0.17, 0.0, -0.06, 343.03, 343.05, 0.0, 1.0], [0.2, 25.0, 0.0, 0.0])
(34016116, [2.0, 0.62, 0.0, 0.63, 0.0, 3.6, 0.0, 2.4, 0.0, 0.0], [0.0, 0.17, 0.0, -0.06, 342.93, 342.94, 0.0, 1.0], [0.2, 25.0, 0.0, 0.0])
(34115949, [2.0, 0.62, 0.0, 0.63, 0.0, 3.6, 0.0, 2.38, 0.0, 0.0], [0.0, 0.17, 0.0, -0.06, 342.82, 342.84, 0.0, 1.0], [0.2, 25.0, 0.0, 0.0])
(34215906, [2.0, 0.62, 0.0, 0.63, 0.0, 3.6, 0.0, 2.4, 0.0, 0.0], [0.0, 0.17, 0.0, -0.05, 342.72, 342.74, 0.0, 1.0], [0.2, 25.0, 0.0, 0.0])
(34315990, [2.0, 0.62, 0.0, 0.63, 0.0, 3.6, 0.0, 2.4, 0.0, 0.0], [0.0, 0.17, 0.0, -0.06, 342.62, 342.63, 0.0, 1.0], [0.2, 25.0, 0.0, 0.0])
(34415908, [2.0, 0.62, 0.0, 0.63, 0.0, 3.6, 0.0, 2.39, 0.0, 0.0], [0.0, 0.16, 0.0, -0.06, 342.52, 342.53, 0.0, 1.0], [0.2, 25.0, 0.0, 0.0])
(34516011, [2.0, 0.62, 0.0, 0.63, 0.0, 3.6, 0.0, 2.38, 0.0, 0.0], [0.0, 0.16, 0.0, -0.06, 342.41, 342.43, 0.0, 1.0], [0.2, 25.0, 0.0, 0.0])
(34616217, [2.0, 0.62, 0.0, 0.63, 0.0, 3.6, 0.0, 2.39, 0.0, 0.0], [0.0, 0.16, 0.0, -0.06, 342.31, 342.32, 0.0, 1.0], [0.2, 25.0, 0.0, 0.0])
(34716026, [2.0, 0.62, 0.0, 0.63, 0.0, 3.6, 0.0, 2.4, 0.0, 0.0], [0.0, 0.16, 0.0, -0.05, 342.21, 342.22, 0.0, 1.0], [0.2, 25.0, 0.0, 0.0])
(34816034, [2.0, 0.62, 0.0, 0.63, 0.0, 0.65, 0.0, 2.39, 0.0, 0.0], [0.0, 0.16, 0.0, -0.05, 342.11, 342.12, 0.0, 1.0], [0.2, 25.0, 0.0, 0.0])
(34916341, [2.0, 0.62, 0.0, 0.63, 0.0, 0.65, 0.0, 2.4, 0.0, 0.0], [0.0, 0.16, 0.0, -0.05, 342.02, 342.03, 0.0, 1.0], [0.2, 25.0, 0.0, 0.0])
(35015933, [2.0, 0.62, 0.0, 0.63, 0.0, 3.6, 0.0, 2.38, 0.0, 0.0], [0.0, 0.16, 0.0, -0.04, 341.89, 341.9, 0.0, 1.0], [0.2, 25.0, 0.0, 0.0])
(35116385, [2.0, 0.62, 0.0, 0.63, 0.0, 3.6, 0.0, 2.39, 0.0, 0.0], [0.0, 0.16, 0.0, -0.03, 341.8, 341.82, 0.0, 1.0], [0.2, 25.0, 0.0, 0.0])
(35216098, [2.0, 0.62, 0.0, 0.63, 0.0, 3.6, 0.0, 2.4, 0.0, 0.0], [0.0, 0.17, 0.0, -0.04, 341.66, 341.68, 0.0, 1.0], [0.2, 25.0, 0.0, 0.0])
(35316869, [2.0, 0.62, 0.0, 0.63, 0.0, 3.6, 0.0, 2.4, 0.0, 0.0], [0.0, 0.17, 0.0, -0.04, 341.57, 341.59, 0.0, 1.0], [0.2, 25.0, 0.0, 0.0])
(35416035, [2.0, 0.62, 0.0, 0.63, 0.0, 3.6, 0.0, 2.38, 0.0, 0.0], [0.0, 0.17, 0.0, -0.04, 341.46, 341.48, 0.0, 1.0], [0.2, 25.0, 0.0, 0.0])
(35516120, [2.0, 0.62, 0.0, 0.63, 0.0, 3.6, 0.0, 2.4, 0.0, 0.0], [0.0, 0.16, 0.0, -0.05, 341.37, 341.39, 0.0, 1.0], [0.2, 25.0, 0.0, 0.0])
(35615916, [2.0, 0.62, 0.0, 0.63, 0.0, 3.6, 0.0, 2.39, 0.0, 0.0], [0.0, 0.17, 0.0, -0.05, 341.26, 341.28, 0.0, 1.0], [0.2, 25.0, 0.0, 0.0])
(35716625, [2.0, 0.62, 0.0, 0.63, 0.0, 0.64, 0.0, 2.38, 0.0, 0.0], [0.0, 0.17, 0.0, -0.06, 341.14, 341.16, 0.0, 1.0], [0.2, 25.0, 0.0, 0.0])
(35815924, [2.0, 0.62, 0.0, 0.63, 0.0, 0.64, 0.0, 2.39, 0.0, 0.0], [0.0, 0.17, 0.0, -0.06, 341.06, 341.07, 0.0, 1.0], [0.2, 25.0, 0.0, 0.0])
(35915953, [2.0, 0.62, 0.0, 0.63, 0.0, 3.6, 0.0, 2.39, 0.0, 0.0], [0.0, 0.18, 0.0, -0.05, 340.94, 340.95, 0.0, 1.0], [0.2, 25.0, 0.0, 0.0])
(36015921, [2.0, 0.62, 0.0, 0.63, 0.0, 3.6, 0.0, 2.38, 0.0, 0.0], [0.0, 0.17, 0.0, -0.05, 340.84, 340.85, 0.0, 1.0], [0.2, 25.0, 0.0, 0.0])
(36115950, [2.0, 0.62, 0.0, 0.63, 0.0, 3.6, 0.0, 2.39, 0.0, 0.0], [0.0, 0.17, 0.0, -0.06, 340.73, 340.74, 0.0, 1.0], [0.2, 25.0, 0.0, 0.0])
(36215942, [2.0, 0.61, 0.0, 0.63, 0.0, 0.63, 0.0, 2.38, 0.0, 0.0], [0.0, 0.18, 0.0, -0.06, 340.62, 340.64, 0.0, 1.0], [0.2, 25.0, 0.0, 0.0])
(36315992, [2.0, 0.61, 0.0, 0.63, 0.0, 0.64, 0.0, 2.39, 0.0, 0.0], [0.0, 0.18, 0.0, -0.07, 340.53, 340.54, 0.0, 1.0], [0.2, 25.0, 0.0, 0.0])
(36415990, [2.0, 0.62, 0.0, 0.63, 0.0, 0.64, 0.0, 2.39, 0.0, 0.0], [0.0, 0.18, 0.0, -0.06, 340.41, 340.43, 0.0, 1.0], [0.2, 25.0, 0.0, 0.0])
(36516409, [2.0, 0.61, 0.0, 0.63, 0.0, 3.6, 0.0, 2.39, 0.0, 0.0], [0.0, 0.17, 0.0, -0.06, 340.32, 340.33, 0.0, 1.0], [0.2, 25.0, 0.0, 0.0])
(36616385, [2.0, 0.61, 0.0, 0.63, 0.0, 3.6, 0.0, 2.39, 0.0, 0.0], [0.0, 0.18, 0.0, -0.06, 340.2, 340.22, 0.0, 1.0], [0.2, 25.0, 0.0, 0.0])
(36716277, [2.0, 0.62, 0.0, 0.63, 0.0, 3.6, 0.0, 2.37, 0.0, 0.0], [0.0, 0.17, 0.0, -0.06, 340.11, 340.12, 0.0, 1.0], [0.2, 25.0, 0.0, 0.0])
(36816153, [2.0, 0.62, 0.0, 0.63, 0.0, 3.6, 0.0, 2.38, 0.0, 0.0], [0.0, 0.17, 0.0, -0.06, 340.0, 340.01, 0.0, 1.0], [0.2, 25.0, 0.0, 0.0])
(36916003, [2.0, 0.62, 0.0, 0.63, 0.0, 3.6, 0.0, 2.39, 0.0, 0.0], [0.0, 0.17, 0.0, -0.06, 339.9, 339.91, 0.0, 1.0], [0.2, 25.0, 0.0, 0.0])
(37016076, [2.0, 0.62, 0.0, 0.63, 0.0, 3.6, 0.0, 2.39, 0.0, 0.0], [0.0, 0.18, 0.0, -0.06, 339.79, 339.8, 0.0, 1.0], [0.2, 25.0, 0.0, 0.0])
(37115904, [2.0, 0.62, 0.0, 0.63, 0.0, 3.6, 0.0, 2.39, 0.0, 0.0], [0.0, 0.18, 0.0, -0.06, 339.68, 339.7, 0.0, 1.0], [0.2, 25.0, 0.0, 0.0])
(37216769, [2.0, 0.61, 0.0, 0.63, 0.0, 3.6, 0.0, 2.38, 0.0, 0.0], [0.0, 0.17, 0.0, -0.06, 339.58, 339.6, 0.0, 1.0], [0.2, 25.0, 0.0, 0.0])
(37315922, [2.0, 0.62, 0.0, 0.62, 0.0, 3.6, 0.0, 2.39, 0.0, 0.0], [0.0, 0.18, 0.0, -0.06, 339.48, 339.49, 0.0, 1.0], [0.2, 25.0, 0.0, 0.0])
(37416180, [2.0, 0.62, 0.0, 0.63, 0.0, 3.6, 0.0, 2.39, 0.0, 0.0], [0.0, 0.17, 0.0, -0.06, 339.37, 339.39, 0.0, 1.0], [0.2, 25.0, 0.0, 0.0])
(37516335, [2.0, 0.62, 0.0, 0.63, 0.0, 3.6, 0.0, 2.37, 0.0, 0.0], [0.0, 0.18, 0.0, -0.07, 339.27, 339.28, 0.0, 1.0], [0.2, 25.0, 0.0, 0.0])
(37616910, [2.0, 0.61, 0.0, 0.63, 0.0, 3.6, 0.0, 2.4, 0.0, 0.0], [0.0, 0.19, 0.0, 0.01, 339.27, 338.91, 0.0, 1.0], [0.2, 25.0, 0.0, 0.0])
(37715946, [2.0, 0.61, 0.0, 0.63, 0.0, 3.6, 0.0, 2.39, 0.0, 0.0], [0.0, 0.66, 0.0, -0.92, 339.27, 338.08, 0.0, 1.0], [0.2, 25.0, 0.0, 0.0])
(37816656, [2.0, 0.61, 0.0, 0.63, 0.0, 3.6, 0.0, 2.39, 0.0, 0.0], [0.0, 2.05, 0.0, -2.4, 339.27, 336.87, 0.01, 1.0], [0.2, 25.0, 0.0, 0.0])
(37916107, [2.0, 0.6, 0.0, 0.62, 0.0, 3.6, 0.0, 2.4, 0.0, 0.0], [0.0, 3.14, 0.0, -3.62, 339.27, 335.37, 0.01, 1.0], [0.2, 25.0, 0.0, 0.0])
(38017058, [2.0, 0.59, 0.0, 0.61, 0.0, 3.6, 0.0, 2.43, 0.0, 0.0], [0.0, 3.4, 0.0, -4.96, 339.27, 333.65, 0.02, 1.0], [0.2, 25.0, 0.0, 0.0])
(38116102, [2.0, 0.58, 0.0, 0.61, 0.0, 3.6, 0.0, 2.43, 0.0, 0.0], [-1.84, 2.39, 0.21, -5.31, 339.27, 332.0, 0.02, 1.0], [0.2, 25.0, 0.0, 0.0])
(38216236, [2.0, 0.55, 0.0, 0.59, 0.0, 3.6, 0.0, 2.45, 0.0, 0.0], [-2.87, 0.58, 0.28, -4.97, 339.27, 330.89, 0.03, 1.0], [0.2, 25.0, 0.0, 0.0])
(38315992, [2.0, 0.54, 0.0, 0.58, 0.0, 3.6, 0.0, 2.47, 0.0, 0.0], [-3.4, 0.6, 0.25, -5.01, 339.27, 330.33, 0.03, 1.0], [0.2, 25.0, 0.0, 0.0])
(38416003, [2.0, 0.48, 0.0, 0.55, 0.0, 3.6, 0.0, 2.49, 0.0, 0.0], [-3.68, 0.16, 0.15, -4.59, 339.27, 330.4, 0.04, 1.0], [0.2, 25.0, 0.0, 0.0])
(38516107, [2.0, 0.45, 0.0, 0.54, 0.0, 3.6, 0.0, 2.52, 0.0, 0.0], [-3.84, -0.67, -0.01, -4.08, 339.27, 330.91, 0.04, 1.0], [0.2, 25.0, 0.0, 0.0])
(38616259, [2.0, 0.37, 0.0, 0.51, 0.0, 3.6, 0.0, 2.53, 0.0, 0.0], [-3.94, -1.21, -0.24, -3.4, 339.27, 331.61, 0.04, 1.0], [0.2, 25.0, 0.0, 0.0])
(38716083, [2.0, 0.28, 0.0, 0.49, 0.0, 3.6, 0.0, 2.57, 0.0, 0.0], [-4.01, -1.16, -0.51, -3.7, 339.27, 332.46, 0.04, 1.0], [0.2, 25.0, 0.0, 0.0])
(38816064, [2.0, 0.23, 0.0, 0.46, 0.0, 3.6, 0.0, 2.58, 0.0, 0.0], [-4.07, -0.88, -0.83, -3.99, 339.27, 333.3, 0.05, 1.0], [0.2, 25.0, 0.0, 0.0])
(38916107, [2.0, 0.19, 0.0, 0.45, 0.0, 3.6, 0.0, 2.57, 0.0, 0.0], [-4.11, 0.7, -1.15, -7.07, 339.27, 332.63, 0.05, 1.0], [0.2, 25.0, 0.0, 0.0])
(39016266, [2.0, 0.19, 0.0, 0.42, 0.0, 3.6, 0.0, 2.6, 0.0, 0.0], [-4.14, 0.47, -1.35, -7.76, 339.27, 331.37, 0.12, 1.0], [0.2, 25.0, 0.0, 0.0])
(39116064, [2.0, 0.2, 0.0, 0.41, 0.0, 3.6, 0.0, 2.61, 0.0, 0.0], [-4.17, 0.47, -1.43, -9.1, 339.27, 330.85, 0.12, 1.0], [0.2, 25.0, 0.0, 0.0])
(39216072, [2.0, 0.19, 0.0, 0.4, 0.0, 1.46, 0.0, 2.62, 0.0, 0.0], [-4.2, -0.1, -1.47, -8.07, 339.27, 330.36, 0.13, 1.0], [0.2, 25.0, 0.0, 0.0])
(39316268, [2.0, 0.17, 0.0, 0.38, 0.0, 1.54, 0.0, 2.66, 0.0, 0.0], [-4.24, 0.96, -1.53, -7.77, 339.27, 330.83, 0.13, 1.0], [0.2, 25.0, 0.0, 0.0])
(39416244, [2.0, 0.19, 0.0, 0.37, 0.0, 1.54, 0.0, 2.65, 0.0, 0.0], [-4.28, 0.96, -1.57, -6.41, 339.27, 330.79, 0.13, 1.0], [0.2, 25.0, 0.0, 0.0])
(39516371, [2.0, 0.18, 0.0, 0.35, 0.0, 3.6, 0.0, 2.67, 0.0, 0.0], [-4.3, 0.4, -1.57, -5.61, 339.27, 330.57, 0.13, 1.0], [0.2, 25.0, 0.0, 0.0])
(39616121, [2.0, 0.19, 0.0, 0.34, 0.0, 1.57, 0.0, 2.67, 0.0, 0.0], [-4.32, -0.22, -1.57, -5.48, 339.27, 330.02, 0.1, 1.0], [0.2, 25.0, 0.0, 0.0])
(39716208, [2.0, 0.19, 0.0, 0.33, 0.0, 1.55, 0.0, 2.68, 0.0, 0.0], [-4.33, -0.24, -1.58, -4.89, 339.27, 330.0, 0.1, 1.0], [0.2, 25.0, 0.0, 0.0])
(39816156, [2.0, 0.18, 0.0, 0.33, 0.0, 1.55, 0.0, 2.69, 0.0, 0.0], [-4.36, -0.29, -1.57, -5.06, 339.27, 329.67, 0.09, 1.0], [0.2, 25.0, 0.0, 0.0])
(39916454, [2.0, 0.18, 0.0, 0.32, 0.0, 1.61, 0.0, 2.69, 0.0, 0.0], [-4.37, -0.54, -1.57, -5.0, 339.27, 329.81, 0.09, 1.0], [0.41, 25.0, 0.0, 0.0])
(40016185, [2.0, 0.19, 0.0, 0.32, 0.0, 1.61, 0.0, 2.72, 0.0, 0.0], [-4.38, -1.03, -1.57, -4.26, 339.27, 329.96, 0.07, 1.0], [0.2, 25.0, 0.0, 0.0])
(40116138, [2.0, 0.19, 0.0, 0.32, 0.0, 1.67, 0.0, 2.72, 0.0, 0.0], [-4.39, -0.86, -1.57, -4.21, 339.27, 329.96, 0.07, 1.0], [0.2, 25.0, 0.0, 0.0])
(40215991, [2.0, 0.18, 0.0, 0.32, 0.0, 1.67, 0.0, 2.72, 0.0, 0.0], [-4.41, -1.19, -1.57, -3.92, 339.27, 329.46, 0.07, 1.0], [0.2, 25.0, 0.0, 0.0])
(40315996, [2.0, 0.18, 0.0, 0.32, 0.0, 1.6, 0.0, 2.71, 0.0, 0.0], [-4.42, -0.8, -1.57, -3.7, 339.27, 329.3, 0.07, 1.0], [0.2, 25.0, 0.0, 0.0])
(40416423, [2.0, 0.19, 0.0, 0.32, 0.0, 1.62, 0.0, 2.71, 0.0, 0.0], [-4.42, -1.13, -1.57, -3.67, 339.27, 329.22, 0.06, 1.0], [0.2, 25.0, 0.0, 0.0])
(40516013, [2.0, 0.18, 0.0, 0.32, 0.0, 1.55, 0.0, 2.7, 0.0, 0.0], [-4.42, -1.33, -1.58, -3.47, 339.27, 329.11, 0.06, 1.0], [0.2, 25.0, 0.0, 0.0])
(40615977, [2.0, 0.18, 0.0, 0.32, 0.0, 1.57, 0.0, 2.7, 0.0, 0.0], [-4.41, -1.62, -1.59, -3.09, 339.27, 328.95, 0.05, 1.0], [0.2, 25.0, 0.0, 0.0])
(40716154, [2.0, 0.18, 0.0, 0.33, 0.0, 1.57, 0.0, 2.69, 0.0, 0.0], [-4.4, -2.02, -1.58, -2.94, 339.27, 328.99, 0.05, 1.0], [0.2, 25.0, 0.0, 0.0])
(40816240, [2.0, 0.19, 0.0, 0.33, 0.0, 1.62, 0.0, 2.69, 0.0, 0.0], [-4.39, -1.88, -1.57, -2.94, 339.27, 328.87, 0.04, 1.0], [0.2, 25.0, 0.0, 0.0])
(40916180, [2.0, 0.19, 0.0, 0.33, 0.0, 1.6, 0.0, 2.71, 0.0, 0.0], [-4.39, -1.49, -1.57, -2.81, 339.27, 328.66, 0.04, 1.0], [0.2, 25.0, 0.0, 0.0])
(41016920, [2.0, 0.19, 0.0, 0.33, 0.0, 1.6, 0.0, 2.7, 0.0, 0.0], [-4.4, -1.8, -1.57, -3.17, 339.27, 328.65, 0.03, 1.0], [0.2, 25.0, 0.0, 0.0])
(41115966, [2.0, 0.18, 0.0, 0.34, 0.0, 3.6, 0.0, 2.69, 0.0, 0.0], [-4.41, -2.07, -1.57, -3.23, 339.27, 328.62, 0.03, 1.0], [0.2, 25.0, 0.0, 0.0])
(41216093, [2.0, 0.18, 0.0, 0.34, 0.0, 1.57, 0.0, 2.69, 0.0, 0.0], [-4.39, -1.96, -1.56, -3.25, 339.27, 328.5, 0.04, 1.0], [0.2, 25.0, 0.0, 0.0])
(41315959, [2.0, 0.18, 0.0, 0.34, 0.0, 1.57, 0.0, 3.6, 0.0, 0.0], [-4.51, -2.19, -1.58, -2.83, 339.27, 328.47, 0.04, 1.0], [0.2, 25.0, 0.0, 0.0])
(41416124, [2.0, 0.18, 0.0, 0.35, 0.0, 1.57, 0.0, 2.68, 0.0, 0.0], [-4.82, -2.96, -1.59, -2.97, 339.27, 328.41, 0.04, 1.0], [0.2, 25.0, 0.0, 0.0])
(41516019, [2.0, 0.18, 0.0, 0.36, 0.0, 1.54, 0.0, 2.67, 0.0, 0.0], [-4.58, -2.66, -1.59, -3.13, 339.27, 328.52, 0.04, 1.0], [0.2, 25.0, 0.0, 0.0])
(41616391, [2.0, 0.18, 0.0, 0.36, 0.0, 3.6, 0.0, 2.68, 0.0, 0.0], [-4.46, -2.79, -1.59, -3.09, 339.27, 328.5, 0.04, 1.0], [0.2, 25.0, 0.0, 0.0])
(41716210, [2.0, 0.18, 0.0, 0.37, 0.0, 3.6, 0.0, 2.67, 0.0, 0.0], [-4.41, -2.49, -1.59, -3.02, 339.27, 328.4, 0.04, 1.0], [0.2, 25.0, 0.0, 0.0])
(41816631, [2.0, 0.18, 0.0, 0.39, 0.0, 1.47, 0.0, 2.65, 0.0, 0.0], [-4.37, -1.96, -1.59, -3.26, 339.27, 328.44, 0.03, 1.0], [0.2, 25.0, 0.0, 0.0])
(41917274, [2.0, 0.18, 0.0, 0.39, 0.0, 1.47, 0.0, 2.62, 0.0, 0.0], [-4.33, -2.14, -1.59, -2.96, 339.27, 328.5, 0.03, 1.0], [0.2, 25.0, 0.0, 0.0])
(42018265, [2.0, 0.18, 0.0, 0.4, 0.0, 3.6, 0.0, 2.62, 0.0, 0.0], [-4.28, -2.22, -1.59, -2.62, 339.27, 328.68, 0.02, 1.0], [0.2, 25.0, 0.0, 0.0])
(42117398, [2.0, 0.18, 0.0, 0.41, 0.0, 3.6, 0.0, 2.62, 0.0, 0.0], [-4.26, -2.3, -1.59, -2.53, 339.27, 328.49, 0.02, 1.0], [0.2, 25.0, 0.0, 0.0])
(42217424, [2.0, 0.19, 0.0, 0.42, 0.0, 3.6, 0.0, 2.58, 0.0, 0.0], [-4.22, -2.83, -1.59, -2.54, 339.27, 328.48, 0.02, 1.0], [0.2, 25.0, 0.0, 0.0])
(42317714, [2.0, 0.19, 0.0, 0.43, 0.0, 3.6, 0.0, 2.57, 0.0, 0.0], [-4.19, -2.39, -1.57, -2.69, 339.27, 328.6, 0.02, 1.0], [0.2, 25.0, 0.0, 0.0])
(42417489, [2.0, 0.18, 0.0, 0.44, 0.0, 1.49, 0.0, 2.58, 0.0, 0.0], [-4.17, -2.97, -1.56, -2.57, 339.27, 328.62, 0.02, 1.0], [0.2, 25.0, 0.0, 0.0])
(42517465, [2.0, 0.19, 0.0, 0.45, 0.0, 1.49, 0.0, 2.57, 0.0, 0.0], [-4.16, -3.78, -1.57, -2.83, 339.27, 328.57, 0.02, 1.0], [0.2, 25.0, 0.0, 0.0])
(42617477, [2.0, 0.18, 0.0, 0.46, 0.0, 3.6, 0.0, 2.54, 0.0, 0.0], [-4.12, -3.58, -1.58, -3.24, 339.27, 328.73, 0.03, 1.0], [0.2, 25.0, 0.0, 0.0])
(42717516, [2.0, 0.19, 0.0, 0.48, 0.0, 3.6, 0.0, 2.54, 0.0, 0.0], [-4.1, -3.14, -1.57, -3.03, 339.27, 329.51, 0.03, 1.0], [0.2, 25.0, 0.0, 0.0])
(42817737, [2.0, 0.2, 0.0, 0.5, 0.0, 3.6, 0.0, 2.51, 0.0, 0.0], [-4.07, -3.41, -1.57, -3.18, 339.27, 332.8, 0.04, 1.0], [0.2, 25.0, 0.0, 0.0])
(42917398, [2.0, 0.19, 0.0, 0.51, 0.0, 3.6, 0.0, 2.5, 0.0, 0.0], [-4.04, -3.65, -1.55, -3.01, 339.27, 335.86, 0.04, 1.0], [0.2, 25.0, 0.0, 0.0])
(43017531, [2.0, 0.21, 0.0, 0.52, 0.0, 3.6, 0.0, 2.45, 0.0, 0.0], [-4.0, -3.94, -1.52, -2.57, 339.27, 339.27, 0.03, 1.0], [0.2, 25.0, 0.0, 0.0])
(43122282, [2.0, 0.21, 0.0, 0.52, 0.0, 3.6, 0.0, 2.39, 0.0, 0.0], [-3.92, -4.53, -1.48, -2.14, 339.27, 341.71, 0.03, 1.0], [0.2, 25.0, 0.0, 0.0])
(43222292, [2.0, 0.22, 0.0, 0.54, 0.0, 3.6, 0.0, 2.39, 0.0, 0.0], [-3.85, -5.13, -1.44, -1.3, 339.27, 343.74, 0.03, 1.0], [0.2, 25.0, 0.0, 0.0])
(43322386, [2.0, 0.23, 0.0, 0.55, 0.0, 3.6, 0.0, 3.6, 0.0, 0.0], [-4.48, -5.26, -1.42, -0.98, 339.27, 345.86, 0.03, 1.0], [0.2, 25.0, 0.0, 0.0])
(43422774, [2.0, 0.23, 0.0, 0.57, 0.0, 3.6, 0.0, 3.6, 0.0, 0.0], [-5.35, -6.39, -1.38, -0.74, 339.27, 348.49, 0.03, 1.0], [0.2, 25.0, 0.0, 0.0])
(43522826, [2.0, 0.24, 0.0, 0.6, 0.0, 3.6, 0.0, 3.6, 0.0, 0.0], [-5.78, -7.51, -1.34, 0.43, 339.27, 351.38, 0.03, 1.0], [0.2, 25.0, 0.0, 0.0])
(43622378, [2.0, 0.25, 0.0, 0.62, 0.0, 3.6, 0.0, 0.59, 0.0, 0.0], [-3.5, -7.1, -1.28, 1.05, 339.27, 355.39, 0.03, 1.0], [0.2, 25.0, 0.0, 0.0])
(43722506, [2.0, 0.27, 0.0, 0.65, 0.0, 3.6, 0.0, 0.53, 0.0, 0.0], [-1.6, -7.43, -1.24, 0.53, 339.27, 359.36, 0.03, 1.0], [0.2, 25.0, 0.0, 0.0])
(43822671, [2.0, 0.28, 0.0, 0.68, 0.0, 3.6, 0.0, 0.41, 0.0, 0.0], [-0.62, -7.6, -1.18, 0.05, 339.27, 3.86, 0.03, 1.0], [0.2, 25.0, 0.0, 0.0])
(43922429, [2.0, 0.31, 0.0, 0.74, 0.0, 1.12, 0.0, 0.38, 0.0, 0.0], [-0.15, -7.6, -1.1, -0.31, 341.91, 8.42, 0.03, 1.0], [0.2, 25.0, 0.0, 0.0])
(44022447, [2.0, 0.33, 0.0, 0.79, 0.0, 1.16, 0.0, 0.33, 0.0, 0.0], [0.12, -7.38, -1.0, -0.6, 346.61, 13.21, 0.03, 1.0], [0.2, 25.0, 0.0, 0.0])
(44122335, [2.0, 0.37, 0.0, 0.9, 0.0, 1.23, 0.0, 0.31, 0.0, 0.0], [0.32, -6.91, -0.91, -0.95, 351.46, 18.04, 0.03, 1.0], [0.2, 25.0, 0.0, 0.0])
(44222287, [2.0, 0.39, 0.0, 0.94, 0.0, 1.31, 0.0, 0.27, 0.0, 0.0], [0.53, -6.73, -0.78, -0.62, 356.33, 22.9, 0.02, 1.0], [0.2, 25.0, 0.0, 0.0])
(44322412, [2.0, 0.45, 0.0, 1.05, 0.0, 1.45, 0.0, 0.24, 0.0, 0.0], [0.71, -6.42, -0.62, -0.21, 0.5, 27.01, 0.02, 1.0], [0.2, 25.0, 0.0, 0.0])
(44422268, [2.0, 0.5, 0.0, 1.13, 0.0, 1.45, 0.0, 0.23, 0.0, 0.0], [0.92, -5.64, -0.4, 0.1, 4.07, 30.7, 0.02, 1.0], [0.2, 25.0, 0.0, 0.0])
(44522303, [2.0, 0.63, 0.0, 1.13, 0.0, 3.6, 0.0, 0.21, 0.0, 0.0], [1.08, -4.15, -0.06, 0.74, 7.16, 33.75, 0.02, 1.0], [0.2, 25.0, 0.0, 0.0])
(44622296, [2.0, 0.67, 0.0, 3.6, 0.0, 3.6, 0.0, 0.21, 0.0, 0.0], [2.41, -2.97, 0.29, 1.71, 10.18, 36.81, 0.02, 1.0], [0.2, 25.0, 0.0, 0.0])
(44722333, [2.0, 0.74, 0.0, 3.6, 0.0, 3.6, 0.0, 0.2, 0.0, 0.0], [4.34, -0.11, 0.53, 2.8, 13.19, 39.98, 0.02, 1.0], [0.2, 25.0, 0.0, 0.0])
(44822383, [2.0, 0.76, 0.0, 3.6, 0.0, 3.6, 0.0, 0.2, 0.0, 0.0], [5.3, 1.19, 0.71, 2.7, 16.21, 43.15, 0.03, 1.0], [0.2, 25.0, 0.0, 0.0])
(44922286, [2.0, 0.76, 0.0, 3.6, 0.0, 3.6, 0.0, 0.19, 0.0, 0.0], [5.78, 1.98, 0.82, 2.14, 18.82, 45.76, 0.03, 1.0], [0.2, 25.0, 0.0, 0.0])
(45022288, [2.0, 0.77, 0.0, 3.6, 0.0, 2.35, 0.0, 0.19, 0.0, 0.0], [6.02, 1.97, 0.9, 0.87, 21.22, 48.02, 0.02, 1.0], [7.65, 25.0, 0.0, 0.0])
(45122388, [2.0, 0.77, 0.0, 1.32, 0.0, 2.33, 0.0, 0.2, 0.0, 0.0], [4.13, 1.27, 1.03, 0.36, 22.74, 49.45, 0.02, 1.0], [0.2, 25.0, 0.0, 0.0])
(45222385, [2.0, 0.77, 0.0, 1.32, 0.0, 2.3, 0.0, 0.2, 0.0, 0.0], [2.87, 0.0, 1.16, 0.29, 23.35, 49.99, 0.03, 1.0], [0.2, 25.0, 0.0, 0.0])
(45322392, [2.0, 0.77, 0.0, 3.6, 0.0, 2.31, 0.0, 0.2, 0.0, 0.0], [4.23, 1.02, 1.26, 1.29, 23.35, 49.78, 0.03, 1.0], [0.2, 25.0, 0.0, 0.0])
(45422519, [2.0, 0.77, 0.0, 3.6, 0.0, 2.31, 0.0, 0.2, 0.0, 0.0], [5.23, 2.92, 1.29, 1.86, 23.35, 49.22, 0.03, 1.0], [0.2, 25.0, 0.0, 0.0])
(45522425, [2.0, 0.77, 0.0, 3.6, 0.0, 2.31, 0.0, 0.22, 0.0, 0.0], [5.72, 3.38, 1.31, 1.6, 23.35, 47.53, 0.03, 1.0], [0.2, 25.0, 0.0, 0.0])
(45622300, [2.0, 0.77, 0.0, 3.6, 0.0, 2.32, 0.0, 0.21, 0.0, 0.0], [5.96, 3.65, 1.31, 1.51, 23.35, 43.18, 0.03, 1.0], [0.2, 25.0, 0.0, 0.0])
(45722301, [2.0, 0.78, 0.0, 3.6, 0.0, 2.34, 0.0, 0.24, 0.0, 0.0], [6.08, 5.16, 1.34, 1.46, 23.35, 37.08, 0.03, 1.0], [0.2, 25.0, 0.0, 0.0])
(45822404, [2.0, 0.78, 0.0, 1.41, 0.0, 2.34, 0.0, 0.27, 0.0, 0.0], [4.87, 5.81, 1.38, 1.61, 23.35, 30.13, 0.04, 1.0], [0.2, 25.0, 0.0, 0.0])
(45922290, [2.0, 0.72, 0.0, 1.18, 0.0, 3.6, 0.0, 0.33, 0.0, 0.0], [3.25, 3.69, 1.33, 0.37, 23.35, 22.94, 0.04, 1.0], [0.2, 25.0, 0.0, 0.0])
(46022517, [2.0, 0.61, 0.0, 1.18, 0.0, 3.6, 0.0, 0.38, 0.0, 0.0], [2.29, 3.04, 1.05, -0.58, 23.35, 16.99, 0.04, 1.0], [0.2, 25.0, 0.0, 0.0])
(46122307, [2.0, 0.59, 0.0, 1.0, 0.0, 3.6, 0.0, 0.49, 0.0, 0.0], [1.73, 2.91, 0.77, -1.38, 23.35, 12.33, 0.04, 1.0], [0.2, 25.0, 0.0, 0.0])
(46222347, [2.0, 0.61, 0.0, 0.89, 0.0, 0.96, 0.0, 0.63, 0.0, 0.0], [1.32, 2.52, 0.63, -1.86, 23.35, 9.23, 0.04, 1.0], [0.2, 25.0, 0.0, 0.0])
(46322280, [2.0, 0.64, 0.0, 0.86, 0.0, 0.94, 0.0, 0.7, 0.0, 0.0], [1.03, 2.43, 0.62, -1.92, 23.35, 7.38, 0.05, 1.0], [0.2, 25.0, 0.0, 0.0])
(46422429, [2.0, 0.71, 0.0, 0.79, 0.0, 0.87, 0.0, 0.76, 0.0, 0.0], [0.84, 2.24, 0.73, -1.82, 23.35, 6.62, 0.05, 1.0], [0.2, 25.0, 0.0, 0.0])
(46522280, [2.0, 0.76, 0.0, 0.72, 0.0, 0.87, 0.0, 0.86, 0.0, 0.0], [0.68, 2.02, 0.96, -1.25, 23.35, 6.74, 0.05, 1.0], [0.2, 25.0, 0.0, 0.0])
(46622435, [2.0, 0.82, 0.0, 0.65, 0.0, 3.6, 0.0, 0.93, 0.0, 0.0], [0.53, 2.03, 1.22, -0.64, 23.35, 7.62, 0.05, 1.0], [0.2, 25.0, 0.0, 0.0])
(46722426, [2.0, 0.8, 0.0, 0.62, 0.0, 3.6, 0.0, 0.96, 0.0, 0.0], [0.4, 2.02, 1.38, -0.3, 23.35, 9.09, 0.05, 1.0], [0.2, 25.0, 0.0, 0.0])
(46822423, [2.0, 0.68, 0.0, 0.56, 0.0, 3.6, 0.0, 0.98, 0.0, 0.0], [0.29, 1.81, 0.37, -0.65, 23.35, 10.96, 0.05, 1.0], [0.2, 25.0, 0.0, 0.0])
(46922421, [2.0, 0.61, 0.0, 0.52, 0.0, 3.6, 0.0, 0.98, 0.0, 0.0], [0.18, 1.59, -0.17, -1.82, 23.35, 13.04, 0.05, 1.0], [0.2, 25.0, 0.0, 0.0])
(47022686, [2.0, 0.46, 0.0, 0.44, 0.0, 3.6, 0.0, 0.98, 0.0, 0.0], [0.09, 1.45, -0.09, -2.21, 23.35, 15.03, 0.05, 1.0], [0.2, 25.0, 0.0, 0.0])
(104342078, [2.0, 0.65, 0.0, 1.02, 0.0, 3.6, 0.0, 2.01, 0.0, 0.0], [-0.34, -0.45, 0.05, 0.06, 273.7, 273.7, 0.0, 1.0], [0.2, 25.0, 0.0, 0.0])
(104442488, [2.0, 0.65, 0.0, 1.02, 0.0, 3.6, 0.0, 2.0, 0.0, 0.0], [-0.17, -0.46, 0.02, 0.05, 273.6, 273.59, 0.0, 1.0], [0.2, 25.0, 0.0, 0.0])
(104544603, [2.0, 0.65, 0.0, 1.02, 0.0, 3.6, 0.0, 2.01, 0.0, 0.0], [-0.08, -0.47, 0.01, 0.04, 273.49, 273.49, 0.0, 1.0], [0.2, 25.0, 0.0, 0.0])
(104644198, [2.0, 0.65, 0.0, 1.01, 0.0, 3.6, 0.0, 2.01, 0.0, 0.0], [-0.04, -0.47, 0.0, 0.03, 273.39, 273.39, 0.0, 1.0], [0.2, 25.0, 0.0, 0.0])
(104745500, [2.0, 0.65, 0.0, 1.01, 0.0, 0.52, 0.0, 2.01, 0.0, 0.0], [-0.02, -0.47, 0.0, 0.02, 273.3, 273.29, 0.0, 1.0], [0.2, 25.0, 0.0, 0.0])
(104849902, [2.0, 0.65, 0.0, 1.01, 0.0, 0.52, 0.0, 2.01, 0.0, 0.0], [-0.01, -0.48, 0.0, 0.02, 273.19, 273.18, 0.0, 1.0], [0.2, 25.0, 0.0, 0.0])
(104948183, [2.0, 0.65, 0.0, 1.01, 0.0, 3.6, 0.0, 2.01, 0.0, 0.0], [0.0, -0.48, 0.0, 0.02, 273.09, 273.08, 0.0, 1.0], [0.2, 25.0, 0.0, 0.0])
(105048195, [2.0, 0.65, 0.0, 1.02, 0.0, 3.6, 0.0, 2.0, 0.0, 0.0], [0.0, -0.48, 0.0, 0.02, 272.99, 272.99, 0.0, 1.0], [0.2, 25.0, 0.0, 0.0])
(105160439, [2.0, 0.65, 0.0, 1.01, 0.0, 3.6, 0.0, 2.01, 0.0, 0.0], [0.0, -0.48, 0.0, 0.02, 272.88, 272.87, 0.0, 1.0], [0.2, 25.0, 0.0, 0.0])
(105260205, [2.0, 0.65, 0.0, 1.02, 0.0, 3.6, 0.0, 2.02, 0.0, 0.0], [0.0, -0.48, 0.0, 0.02, 272.79, 272.78, 0.0, 1.0], [0.2, 25.0, 0.0, 0.0])
(105360424, [2.0, 0.65, 0.0, 1.02, 0.0, 3.6, 0.0, 2.01, 0.0, 0.0], [0.0, -0.47, 0.0, 0.02, 272.69, 272.69, 0.0, 1.0], [0.2, 25.0, 0.0, 0.0])
(105467202, [2.0, 0.65, 0.0, 1.02, 0.0, 3.6, 0.0, 2.01, 0.0, 0.0], [0.0, -0.48, 0.0, 0.02, 272.59, 272.59, 0.0, 1.0], [0.2, 25.0, 0.0, 0.0])
(105568030, [2.0, 0.65, 0.0, 1.02, 0.0, 3.6, 0.0, 2.01, 0.0, 0.0], [0.0, -0.48, 0.0, 0.02, 272.49, 272.49, 0.0, 1.0], [0.2, 25.0, 0.0, 0.0])
(105668422, [2.0, 0.65, 0.0, 1.01, 0.0, 3.6, 0.0, 2.02, 0.0, 0.0], [0.0, -0.48, 0.0, 0.02, 272.4, 272.39, 0.0, 1.0], [0.2, 25.0, 0.0, 0.0])
(105769086, [2.0, 0.65, 0.0, 1.01, 0.0, 3.6, 0.0, 2.01, 0.0, 0.0], [0.0, -0.48, 0.0, 0.02, 272.3, 272.29, 0.0, 1.0], [0.2, 25.0, 0.0, 0.0])
(105872785, [2.0, 0.65, 0.0, 1.02, 0.0, 3.6, 0.0, 2.0, 0.0, 0.0], [0.0, -0.48, 0.0, 0.02, 272.2, 272.19, 0.0, 1.0], [0.2, 25.0, 0.0, 0.0])
(105971600, [2.0, 0.65, 0.0, 1.02, 0.0, 3.6, 0.0, 2.01, 0.0, 0.0], [0.0, -0.48, 0.0, 0.02, 272.1, 272.09, 0.0, 1.0], [0.2, 25.0, 0.0, 0.0])
(106071806, [2.0, 0.65, 0.0, 1.01, 0.0, 3.6, 0.0, 2.0, 0.0, 0.0], [0.0, -0.49, 0.0, 0.02, 272.0, 271.99, 0.0, 1.0], [0.2, 25.0, 0.0, 0.0])
(106181045, [2.0, 0.65, 0.0, 1.02, 0.0, 3.6, 0.0, 2.01, 0.0, 0.0], [0.0, -0.49, 0.0, 0.02, 271.9, 271.89, 0.0, 1.0], [0.2, 25.0, 0.0, 0.0])
(106288225, [2.0, 0.65, 0.0, 1.02, 0.0, 3.6, 0.0, 2.0, 0.0, 0.0], [0.0, -0.49, 0.0, 0.01, 271.79, 271.79, 0.0, 1.0], [0.2, 25.0, 0.0, 0.0])
(106390703, [2.0, 0.65, 0.0, 1.01, 0.0, 3.6, 0.0, 2.0, 0.0, 0.0], [0.0, -0.5, 0.0, 0.02, 271.69, 271.69, 0.0, 1.0], [0.2, 25.0, 0.0, 0.0])
(106497517, [2.0, 0.65, 0.0, 1.01, 0.0, 3.6, 0.0, 2.01, 0.0, 0.0], [0.0, -0.5, 0.0, 0.01, 271.59, 271.58, 0.0, 1.0], [0.2, 25.0, 0.0, 0.0])
(106596230, [2.0, 0.65, 0.0, 1.02, 0.0, 3.6, 0.0, 2.01, 0.0, 0.0], [0.0, -0.5, 0.0, 0.01, 271.49, 271.49, 0.0, 1.0], [0.2, 25.0, 0.0, 0.0])
(106698959, [2.0, 0.66, 0.0, 1.01, 0.0, 3.6, 0.0, 2.02, 0.0, 0.0], [0.0, -0.5, 0.0, 0.01, 271.39, 271.39, 0.0, 1.0], [0.2, 25.0, 0.0, 0.0])
(106799077, [2.0, 0.65, 0.0, 1.01, 0.0, 3.6, 0.0, 2.01, 0.0, 0.0], [0.0, -0.51, 0.0, 0.01, 271.3, 271.3, 0.0, 1.0], [0.2, 25.0, 0.0, 0.0])
(106899087, [2.0, 0.66, 0.0, 1.02, 0.0, 3.6, 0.0, 2.01, 0.0, 0.0], [0.0, -0.5, 0.0, 0.02, 271.2, 271.19, 0.0, 1.0], [0.2, 25.0, 0.0, 0.0])
(106999618, [2.0, 0.65, 0.0, 1.02, 0.0, 3.6, 0.0, 2.01, 0.0, 0.0], [0.0, -0.5, 0.0, 0.02, 271.08, 271.07, 0.0, 1.0], [0.2, 25.0, 0.0, 0.0])
(107100305, [2.0, 0.65, 0.0, 1.02, 0.0, 3.6, 0.0, 2.01, 0.0, 0.0], [0.0, -0.5, 0.0, 0.01, 270.98, 270.98, 0.0, 1.0], [0.2, 25.0, 0.0, 0.0])
(107199640, [2.0, 0.65, 0.0, 1.01, 0.0, 3.6, 0.0, 2.01, 0.0, 0.0], [0.0, -0.49, 0.0, 0.01, 270.9, 270.9, 0.0, 1.0], [0.2, 25.0, 0.0, 0.0])
(107305900, [2.0, 0.66, 0.0, 1.01, 0.0, 0.5, 0.0, 2.0, 0.0, 0.0], [0.0, -0.49, 0.0, 0.01, 270.77, 270.77, 0.0, 1.0], [0.2, 25.0, 0.0, 0.0])
(107405314, [2.0, 0.65, 0.0, 1.02, 0.0, 0.5, 0.0, 2.01, 0.0, 0.0], [0.0, -0.49, 0.0, 0.0, 270.67, 270.67, 0.0, 1.0], [0.2, 25.0, 0.0, 0.0])
(107505523, [2.0, 0.65, 0.0, 1.02, 0.0, 3.6, 0.0, 2.01, 0.0, 0.0], [0.0, -0.49, 0.0, 0.0, 270.56, 270.55, 0.0, 1.0], [0.2, 25.0, 0.0, 0.0])
(107605504, [2.0, 0.66, 0.0, 1.01, 0.0, 3.6, 0.0, 2.01, 0.0, 0.0], [0.0, -0.49, 0.0, 0.0, 270.47, 270.47, 0.0, 1.0], [0.2, 25.0, 0.0, 0.0])
(107708114, [2.0, 0.65, 0.0, 1.01, 0.0, 3.6, 0.0, 2.01, 0.0, 0.0], [0.0, -0.49, 0.0, 0.0, 270.36, 270.36, 0.0, 1.0], [0.2, 25.0, 0.0, 0.0])
(107808238, [2.0, 0.65, 0.0, 1.02, 0.0, 3.6, 0.0, 2.01, 0.0, 0.0], [0.0, -0.5, 0.0, 0.0, 270.27, 270.26, 0.0, 1.0], [0.2, 25.0, 0.0, 0.0])
(107910666, [2.0, 0.65, 0.0, 1.01, 0.0, 3.6, 0.0, 2.0, 0.0, 0.0], [0.0, -0.5, 0.0, 0.0, 270.17, 270.16, 0.0, 1.0], [0.2, 25.0, 0.0, 0.0])
(108010170, [2.0, 0.65, 0.0, 1.01, 0.0, 3.6, 0.0, 2.0, 0.0, 0.0], [0.0, -0.5, 0.0, 0.0, 270.06, 270.06, 0.0, 1.0], [0.2, 25.0, 0.0, 0.0])
(108110998, [2.0, 0.65, 0.0, 1.01, 0.0, 3.6, 0.0, 2.01, 0.0, 0.0], [0.0, -0.5, 0.0, -0.01, 269.96, 269.96, 0.0, 1.0], [0.2, 25.0, 0.0, 0.0])
(108211009, [2.0, 0.65, 0.0, 1.02, 0.0, 3.6, 0.0, 2.0, 0.0, 0.0], [0.0, -0.5, 0.0, -0.01, 269.86, 269.86, 0.0, 1.0], [0.2, 25.0, 0.0, 0.0])
(108310963, [2.0, 0.65, 0.0, 1.01, 0.0, 3.6, 0.0, 1.99, 0.0, 0.0], [0.0, -0.51, 0.0, -0.01, 269.76, 269.76, 0.0, 1.0], [0.2, 25.0, 0.0, 0.0])
(108410908, [2.0, 0.65, 0.0, 1.01, 0.0, 3.6, 0.0, 2.01, 0.0, 0.0], [0.0, -0.5, 0.0, 0.0, 269.66, 269.66, 0.0, 1.0], [0.2, 25.0, 0.0, 0.0])
(108512254, [2.0, 0.65, 0.0, 1.02, 0.0, 3.6, 0.0, 2.01, 0.0, 0.0], [0.0, -0.51, 0.0, -0.02, 269.57, 269.57, 0.0, 1.0], [0.2, 25.0, 0.0, 0.0])
(108610923, [2.0, 0.65, 0.0, 1.02, 0.0, 3.6, 0.0, 2.01, 0.0, 0.0], [0.0, -0.5, 0.0, -0.01, 269.46, 269.45, 0.0, 1.0], [0.2, 25.0, 0.0, 0.0])
(108710880, [2.0, 0.65, 0.0, 1.01, 0.0, 3.6, 0.0, 2.01, 0.0, 0.0], [0.0, -0.5, 0.0, -0.02, 269.38, 269.37, 0.0, 1.0], [0.2, 25.0, 0.0, 0.0])
(108810859, [2.0, 0.65, 0.0, 1.02, 0.0, 3.6, 0.0, 2.02, 0.0, 0.0], [0.0, -0.5, 0.0, -0.02, 269.26, 269.26, 0.0, 1.0], [0.2, 25.0, 0.0, 0.0])
(108910900, [2.0, 0.66, 0.0, 1.01, 0.0, 3.6, 0.0, 2.0, 0.0, 0.0], [0.0, -0.5, 0.0, -0.02, 269.17, 269.16, 0.0, 1.0], [0.2, 25.0, 0.0, 0.0])
(109010886, [2.0, 0.65, 0.0, 1.01, 0.0, 3.6, 0.0, 2.01, 0.0, 0.0], [0.0, -0.5, 0.0, -0.03, 269.06, 269.06, 0.0, 1.0], [0.2, 25.0, 0.0, 0.0])
(109141740, [2.0, 0.65, 0.0, 1.02, 0.0, 3.6, 0.0, 2.01, 0.0, 0.0], [0.0, -0.49, 0.0, -0.03, 268.93, 268.93, 0.0, 1.0], [0.2, 25.0, 0.0, 0.0])
(109241577, [2.0, 0.65, 0.0, 1.02, 0.0, 3.6, 0.0, 2.0, 0.0, 0.0], [0.0, -0.5, 0.0, -0.04, 268.84, 268.84, 0.0, 1.0], [0.2, 25.0, 0.0, 0.0])
(109341686, [2.0, 0.65, 0.0, 1.01, 0.0, 3.6, 0.0, 2.01, 0.0, 0.0], [0.0, -0.49, 0.0, -0.04, 268.75, 268.75, 0.0, 1.0], [0.2, 25.0, 0.0, 0.0])
(109441608, [2.0, 0.65, 0.0, 1.01, 0.0, 3.6, 0.0, 2.02, 0.0, 0.0], [0.0, -0.5, 0.0, -0.05, 268.65, 268.64, 0.0, 1.0], [0.2, 25.0, 0.0, 0.0])
(109541582, [2.0, 0.65, 0.0, 1.02, 0.0, 3.6, 0.0, 2.0, 0.0, 0.0], [0.0, -0.49, 0.0, -0.05, 268.56, 268.55, 0.0, 1.0], [0.2, 25.0, 0.0, 0.0])
(109641620, [2.0, 0.65, 0.0, 1.02, 0.0, 3.6, 0.0, 2.0, 0.0, 0.0], [0.0, -0.5, 0.0, -0.05, 268.46, 268.46, 0.0, 1.0], [0.2, 25.0, 0.0, 0.0])
(109741591, [2.0, 0.65, 0.0, 1.01, 0.0, 3.6, 0.0, 1.99, 0.0, 0.0], [0.0, -0.49, 0.0, -0.06, 268.35, 268.35, 0.0, 1.0], [0.2, 25.0, 0.0, 0.0])
(109842714, [2.0, 0.65, 0.0, 1.01, 0.0, 3.6, 0.0, 2.01, 0.0, 0.0], [0.0, -0.5, 0.0, -0.06, 268.27, 268.27, 0.0, 1.0], [0.2, 25.0, 0.0, 0.0])
(109941510, [2.0, 0.65, 0.0, 1.02, 0.0, 3.6, 0.0, 2.01, 0.0, 0.0], [0.0, -0.49, 0.0, -0.06, 268.16, 268.16, 0.0, 1.0], [0.2, 25.0, 0.0, 0.0])
(110041515, [2.0, 0.65, 0.0, 1.01, 0.0, 3.6, 0.0, 2.0, 0.0, 0.0], [0.0, -0.49, 0.0, -0.06, 268.07, 268.07, 0.0, 1.0], [0.2, 25.0, 0.0, 0.0])
(110141529, [2.0, 0.65, 0.0, 1.02, 0.0, 3.6, 0.0, 2.0, 0.0, 0.0], [0.0, -0.49, 0.0, -0.08, 267.96, 267.96, 0.0, 1.0], [0.2, 25.0, 0.0, 0.0])
(110241451, [2.0, 0.65, 0.0, 1.02, 0.0, 3.6, 0.0, 2.0, 0.0, 0.0], [0.0, -0.49, 0.0, -0.07, 267.86, 267.86, 0.0, 1.0], [0.2, 25.0, 0.0, 0.0])
(110341516, [2.0, 0.65, 0.0, 1.02, 0.0, 3.6, 0.0, 2.01, 0.0, 0.0], [0.0, -0.49, 0.0, -0.08, 267.77, 267.76, 0.0, 1.0], [0.2, 25.0, 0.0, 0.0])
(110441453, [2.0, 0.65, 0.0, 1.02, 0.0, 3.6, 0.0, 2.0, 0.0, 0.0], [0.0, -0.48, 0.0, -0.09, 267.67, 267.66, 0.0, 1.0], [0.2, 25.0, 0.0, 0.0])
(110541462, [2.0, 0.65, 0.0, 1.02, 0.0, 0.5, 0.0, 2.01, 0.0, 0.0], [0.0, -0.49, 0.0, -0.08, 267.57, 267.56, 0.0, 1.0], [0.2, 25.0, 0.0, 0.0])
(110641465, [2.0, 0.65, 0.0, 1.02, 0.0, 0.5, 0.0, 2.01, 0.0, 0.0], [0.0, -0.49, 0.0, -0.08, 267.46, 267.46, 0.0, 1.0], [0.2, 25.0, 0.0, 0.0])
(110741457, [2.0, 0.65, 0.0, 1.01, 0.0, 3.6, 0.0, 2.01, 0.0, 0.0], [0.0, -0.5, 0.0, -0.09, 267.37, 267.37, 0.0, 1.0], [0.2, 25.0, 0.0, 0.0])
(110841571, [2.0, 0.65, 0.0, 1.01, 0.0, 3.6, 0.0, 2.02, 0.0, 0.0], [0.0, -0.49, 0.0, -0.09, 267.25, 267.25, 0.0, 1.0], [0.2, 25.0, 0.0, 0.0])
(110941696, [2.0, 0.65, 0.0, 1.02, 0.0, 3.6, 0.0, 2.0, 0.0, 0.0], [0.0, -0.5, 0.0, -0.08, 267.17, 267.17, 0.0, 1.0], [0.2, 25.0, 0.0, 0.0])
(111041579, [2.0, 0.65, 0.0, 1.01, 0.0, 3.6, 0.0, 2.01, 0.0, 0.0], [0.0, -0.5, 0.0, -0.1, 267.06, 267.06, 0.0, 1.0], [0.2, 25.0, 0.0, 0.0])
(111141857, [2.0, 0.65, 0.0, 1.02, 0.0, 3.6, 0.0, 2.01, 0.0, 0.0], [0.0, -0.49, 0.0, -0.1, 266.95, 266.95, 0.0, 1.0], [0.2, 25.0, 0.0, 0.0])
(111241476, [2.0, 0.65, 0.0, 1.02, 0.0, 3.6, 0.0, 2.01, 0.0, 0.0], [0.0, -0.5, 0.0, -0.1, 266.87, 266.87, 0.0, 1.0], [0.2, 25.0, 0.0, 0.0])
(113241461, [2.0, 0.65, 0.0, 1.01, 0.0, 3.6, 0.0, 2.0, 0.0, 0.0], [0.0, -0.45, 0.0, -0.09, 264.88, 264.87, 0.0, 1.0], [0.2, 25.0, 0.0, 0.0])
(113341592, [2.0, 0.66, 0.0, 1.01, 0.0, 3.6, 0.0, 2.01, 0.0, 0.0], [0.0, -0.45, 0.0, -0.08, 264.78, 264.78, 0.0, 1.0], [0.2, 25.0, 0.0, 0.0])
(113441412, [2.0, 0.65, 0.0, 1.02, 0.0, 3.6, 0.0, 2.01, 0.0, 0.0], [0.0, -0.44, 0.0, -0.08, 264.68, 264.68, 0.0, 1.0], [0.2, 25.0, 0.0, 0.0])
(113541572, [2.0, 0.65, 0.0, 1.01, 0.0, 3.6, 0.0, 2.02, 0.0, 0.0], [0.0, -0.44, 0.0, -0.07, 264.58, 264.58, 0.0, 1.0], [0.2, 25.0, 0.0, 0.0])
(113641393, [2.0, 0.65, 0.0, 1.01, 0.0, 3.6, 0.0, 2.0, 0.0, 0.0], [0.0, -0.44, 0.0, -0.07, 264.48, 264.48, 0.0, 1.0], [0.2, 25.0, 0.0, 0.0])
(113741772, [2.0, 0.65, 0.0, 1.01, 0.0, 3.6, 0.0, 2.01, 0.0, 0.0], [0.0, -0.43, 0.0, -0.07, 264.39, 264.38, 0.0, 1.0], [0.2, 25.0, 0.0, 0.0])
(113841464, [2.0, 0.66, 0.0, 1.01, 0.0, 3.6, 0.0, 2.02, 0.0, 0.0], [0.0, -0.43, 0.0, -0.06, 264.29, 264.28, 0.0, 1.0], [0.2, 25.0, 0.0, 0.0])
(113942095, [2.0, 0.65, 0.0, 1.01, 0.0, 3.6, 0.0, 2.01, 0.0, 0.0], [0.0, -0.43, 0.0, -0.07, 264.19, 264.18, 0.0, 1.0], [0.2, 25.0, 0.0, 0.0])
(114041485, [2.0, 0.65, 0.0, 1.02, 0.0, 3.6, 0.0, 2.0, 0.0, 0.0], [0.0, -0.43, 0.0, -0.06, 264.09, 264.08, 0.0, 1.0], [0.2, 25.0, 0.0, 0.0])
(114141756, [2.0, 0.65, 0.0, 1.02, 0.0, 3.6, 0.0, 2.01, 0.0, 0.0], [0.0, -0.43, 0.0, -0.07, 263.99, 263.98, 0.0, 1.0], [0.2, 25.0, 0.0, 0.0])
(114241977, [2.0, 0.65, 0.0, 1.01, 0.0, 3.6, 0.0, 2.01, 0.0, 0.0], [0.0, -0.43, 0.0, -0.06, 263.89, 263.89, 0.0, 1.0], [0.2, 25.0, 0.0, 0.0])
(114341550, [2.0, 0.65, 0.0, 1.02, 0.0, 3.6, 0.0, 2.01, 0.0, 0.0], [0.0, -0.43, 0.0, -0.07, 263.79, 263.78, 0.0, 1.0], [0.2, 25.0, 0.0, 0.0])
(114441518, [2.0, 0.65, 0.0, 1.01, 0.0, 3.6, 0.0, 2.01, 0.0, 0.0], [0.0, -0.42, 0.0, -0.07, 263.69, 263.69, 0.0, 1.0], [0.2, 25.0, 0.0, 0.0])
(114541507, [2.0, 0.66, 0.0, 1.01, 0.0, 3.6, 0.0, 2.0, 0.0, 0.0], [0.0, -0.42, 0.0, -0.08, 263.59, 263.59, 0.0, 1.0], [0.2, 25.0, 0.0, 0.0])
(114642326, [2.0, 0.65, 0.0, 1.02, 0.0, 3.6, 0.0, 2.01, 0.0, 0.0], [0.0, -0.43, 0.0, -0.08, 263.49, 263.49, 0.0, 1.0], [0.2, 25.0, 0.0, 0.0])
(114741686, [2.0, 0.65, 0.0, 1.01, 0.0, 3.6, 0.0, 2.0, 0.0, 0.0], [0.0, -0.42, 0.0, -0.08, 263.39, 263.38, 0.0, 1.0], [0.2, 25.0, 0.0, 0.0])
(114841587, [2.0, 0.66, 0.0, 1.01, 0.0, 3.6, 0.0, 2.01, 0.0, 0.0], [0.0, -0.43, 0.0, -0.08, 263.29, 263.29, 0.0, 1.0], [0.2, 25.0, 0.0, 0.0])
(114942025, [2.0, 0.65, 0.0, 1.02, 0.0, 3.6, 0.0, 2.01, 0.0, 0.0], [0.0, -0.43, 0.0, -0.08, 263.19, 263.19, 0.0, 1.0], [0.2, 25.0, 0.0, 0.0])
(115041454, [2.0, 0.65, 0.0, 1.02, 0.0, 3.6, 0.0, 2.01, 0.0, 0.0], [0.0, -0.43, 0.0, -0.08, 263.09, 263.08, 0.0, 1.0], [0.2, 25.0, 0.0, 0.0])
(115141911, [2.0, 0.65, 0.0, 1.02, 0.0, 3.6, 0.0, 2.01, 0.0, 0.0], [0.0, -0.43, 0.0, -0.08, 262.99, 262.98, 0.0, 1.0], [0.2, 25.0, 0.0, 0.0])
(115241806, [2.0, 0.65, 0.0, 1.01, 0.0, 3.6, 0.0, 2.01, 0.0, 0.0], [0.0, -0.43, 0.0, -0.08, 262.88, 262.88, 0.0, 1.0], [0.2, 25.0, 0.0, 0.0])
(115342438, [2.0, 0.65, 0.0, 1.01, 0.0, 3.6, 0.0, 2.0, 0.0, 0.0], [0.0, -0.43, 0.0, -0.08, 262.78, 262.78, 0.0, 1.0], [0.2, 25.0, 0.0, 0.0])
(115442528, [2.0, 0.65, 0.0, 1.01, 0.0, 3.6, 0.0, 2.0, 0.0, 0.0], [0.0, -0.43, 0.0, -0.08, 262.68, 262.68, 0.0, 1.0], [0.2, 25.0, 0.0, 0.0])
(115542506, [2.0, 0.65, 0.0, 1.01, 0.0, 3.6, 0.0, 2.0, 0.0, 0.0], [0.0, -0.43, 0.0, -0.08, 262.59, 262.58, 0.0, 1.0], [0.2, 25.0, 0.0, 0.0])
(115642602, [2.0, 0.65, 0.0, 1.01, 0.0, 3.6, 0.0, 2.01, 0.0, 0.0], [0.0, -0.43, 0.0, -0.08, 262.47, 262.46, 0.0, 1.0], [0.2, 25.0, 0.0, 0.0])
(115742699, [2.0, 0.65, 0.0, 1.02, 0.0, 3.6, 0.0, 2.01, 0.0, 0.0], [0.0, -0.43, 0.0, -0.08, 262.35, 262.35, 0.0, 1.0], [0.2, 25.0, 0.0, 0.0])
(115842754, [2.0, 0.65, 0.0, 1.02, 0.0, 3.6, 0.0, 2.01, 0.0, 0.0], [0.0, -0.43, 0.0, -0.07, 262.28, 262.28, 0.0, 1.0], [0.2, 25.0, 0.0, 0.0])
(115942266, [2.0, 0.65, 0.0, 1.01, 0.0, 3.6, 0.0, 2.0, 0.0, 0.0], [0.0, -0.44, 0.0, -0.05, 262.18, 262.18, 0.0, 1.0], [0.2, 25.0, 0.0, 0.0])
(116042793, [2.0, 0.65, 0.0, 1.01, 0.0, 3.6, 0.0, 2.01, 0.0, 0.0], [0.0, -0.43, 0.0, -0.04, 262.08, 262.08, 0.0, 1.0], [0.2, 25.0, 0.0, 0.0])
(116142290, [2.0, 0.65, 0.0, 1.02, 0.0, 3.6, 0.0, 2.01, 0.0, 0.0], [0.0, -0.42, 0.0, -0.05, 261.96, 261.96, 0.0, 1.0], [0.2, 25.0, 0.0, 0.0])
(116242712, [2.0, 0.65, 0.0, 1.02, 0.0, 3.6, 0.0, 2.0, 0.0, 0.0], [0.0, -0.42, 0.0, -0.06, 261.84, 261.84, 0.0, 1.0], [0.2, 25.0, 0.0, 0.0])
(116342292, [2.0, 0.65, 0.0, 1.01, 0.0, 0.51, 0.0, 2.0, 0.0, 0.0], [0.0, -0.41, 0.0, -0.07, 261.76, 261.75, 0.0, 1.0], [0.2, 25.0, 0.0, 0.0])
(116442493, [2.0, 0.65, 0.0, 1.02, 0.0, 0.51, 0.0, 2.02, 0.0, 0.0], [0.0, -0.41, 0.0, -0.06, 261.65, 261.65, 0.0, 1.0], [0.2, 25.0, 0.0, 0.0])
(116542301, [2.0, 0.65, 0.0, 1.01, 0.0, 3.6, 0.0, 2.01, 0.0, 0.0], [0.0, -0.41, 0.0, -0.07, 261.57, 261.57, 0.0, 1.0], [0.2, 25.0, 0.0, 0.0])
(116642864, [2.0, 0.65, 0.0, 1.02, 0.0, 3.6, 0.0, 2.01, 0.0, 0.0], [0.0, -0.41, 0.0, -0.07, 261.45, 261.45, 0.0, 1.0], [0.2, 25.0, 0.0, 0.0])
(116742389, [2.0, 0.65, 0.0, 1.01, 0.0, 3.6, 0.0, 2.01, 0.0, 0.0], [0.0, -0.41, 0.0, -0.06, 261.36, 261.36, 0.0, 1.0], [0.2, 25.0, 0.0, 0.0])
(116842541, [2.0, 0.65, 0.0, 1.02, 0.0, 3.6, 0.0, 2.01, 0.0, 0.0], [0.0, -0.4, 0.0, -0.07, 261.26, 261.26, 0.0, 1.0], [0.2, 25.0, 0.0, 0.0])
(116943321, [2.0, 0.65, 0.0, 1.02, 0.0, 3.6, 0.0, 2.0, 0.0, 0.0], [0.0, -0.4, 0.0, -0.07, 261.16, 261.16, 0.0, 1.0], [0.2, 25.0, 0.0, 0.0])
(117042430, [2.0, 0.65, 0.0, 1.01, 0.0, 3.6, 0.0, 2.01, 0.0, 0.0], [0.0, -0.4, 0.0, -0.08, 261.05, 261.05, 0.0, 1.0], [0.2, 25.0, 0.0, 0.0])
(117142388, [2.0, 0.65, 0.0, 1.02, 0.0, 3.6, 0.0, 2.0, 0.0, 0.0], [0.0, -0.4, 0.0, -0.07, 260.97, 260.97, 0.0, 1.0], [0.2, 25.0, 0.0, 0.0])
(117242281, [2.0, 0.65, 0.0, 1.02, 0.0, 3.6, 0.0, 2.0, 0.0, 0.0], [0.0, -0.4, 0.0, -0.08, 260.85, 260.85, 0.0, 1.0], [0.2, 25.0, 0.0, 0.0])
(117342828, [2.0, 0.65, 0.0, 1.01, 0.0, 3.6, 0.0, 2.02, 0.0, 0.0], [0.0, -0.39, 0.0, -0.07, 260.76, 260.76, 0.0, 1.0], [0.2, 25.0, 0.0, 0.0])
(117442242, [2.0, 0.65, 0.0, 1.02, 0.0, 3.6, 0.0, 2.02, 0.0, 0.0], [0.0, -0.4, 0.0, -0.08, 260.66, 260.66, 0.0, 1.0], [0.2, 25.0, 0.0, 0.0])
(117542387, [2.0, 0.65, 0.0, 1.02, 0.0, 3.6, 0.0, 2.01, 0.0, 0.0], [0.0, -0.4, 0.0, -0.07, 260.55, 260.55, 0.0, 1.0], [0.2, 25.0, 0.0, 0.0])
(117642459, [2.0, 0.65, 0.0, 1.01, 0.0, 3.6, 0.0, 2.0, 0.0, 0.0], [0.0, -0.4, 0.0, -0.07, 260.46, 260.46, 0.0, 1.0], [0.2, 25.0, 0.0, 0.0])
(117742434, [2.0, 0.65, 0.0, 1.02, 0.0, 3.6, 0.0, 2.0, 0.0, 0.0], [0.0, -0.39, 0.0, -0.07, 260.36, 260.36, 0.0, 1.0], [0.2, 25.0, 0.0, 0.0])
(117842221, [2.0, 0.65, 0.0, 1.02, 0.0, 3.6, 0.0, 2.02, 0.0, 0.0], [0.0, -0.4, 0.0, -0.07, 260.26, 260.26, 0.0, 1.0], [0.2, 25.0, 0.0, 0.0])
(117942273, [2.0, 0.65, 0.0, 1.02, 0.0, 3.6, 0.0, 2.01, 0.0, 0.0], [0.0, -0.39, 0.0, -0.06, 260.17, 260.17, 0.0, 1.0], [0.2, 25.0, 0.0, 0.0])
(118042419, [2.0, 0.65, 0.0, 1.02, 0.0, 3.6, 0.0, 2.01, 0.0, 0.0], [0.0, -0.4, 0.0, -0.06, 260.06, 260.06, 0.0, 1.0], [0.2, 25.0, 0.0, 0.0])
(118142519, [2.0, 0.65, 0.0, 1.02, 0.0, 3.6, 0.0, 2.0, 0.0, 0.0], [0.0, -0.39, 0.0, -0.06, 259.95, 259.95, 0.0, 1.0], [0.2, 25.0, 0.0, 0.0])
(118242420, [2.0, 0.65, 0.0, 1.01, 0.0, 3.6, 0.0, 1.99, 0.0, 0.0], [0.0, -0.4, 0.0, -0.06, 259.86, 259.86, 0.0, 1.0], [0.2, 25.0, 0.0, 0.0])
(118342487, [2.0, 0.65, 0.0, 1.01, 0.0, 3.6, 0.0, 2.02, 0.0, 0.0], [0.0, -0.35, 0.0, -0.05, 259.82, 259.6, 0.0, 1.0], [0.2, 25.0, 0.0, 0.0])
(118442360, [2.0, 0.65, 0.0, 1.01, 0.0, 3.6, 0.0, 2.01, 0.0, 0.0], [0.0, -0.22, 0.0, -0.7, 259.82, 258.87, 0.0, 1.0], [0.2, 25.0, 0.0, 0.0])
(118542445, [2.0, 0.65, 0.0, 1.01, 0.0, 3.6, 0.0, 2.01, 0.0, 0.0], [0.0, 0.38, 0.0, -2.04, 259.82, 257.53, 0.0, 1.0], [0.2, 25.0, 0.0, 0.0])
(118642827, [2.0, 0.65, 0.0, 1.01, 0.0, 3.6, 0.0, 2.02, 0.0, 0.0], [0.0, 1.4, 0.0, -3.23, 259.82, 256.17, 0.0, 1.0], [0.2, 25.0, 0.0, 0.0])
(118742477, [2.0, 0.64, 0.0, 1.0, 0.0, 3.6, 0.0, 2.04, 0.0, 0.0], [0.0, 2.51, 0.0, -4.15, 259.82, 254.67, 0.01, 1.0], [0.2, 25.0, 0.0, 0.0])
(118842348, [2.0, 0.64, 0.0, 1.0, 0.0, 3.6, 0.0, 2.03, 0.0, 0.0], [-1.23, 2.91, 0.26, -4.82, 259.82, 253.22, 0.01, 1.0], [0.2, 25.0, 0.0, 0.0])
(118945772, [2.0, 0.61, 0.0, 0.99, 0.0, 3.6, 0.0, 2.06, 0.0, 0.0], [-2.15, 1.44, 0.44, -4.47, 259.82, 252.09, 0.02, 1.0], [0.2, 25.0, 0.0, 0.0])
(119051576, [2.0, 0.59, 0.0, 0.99, 0.0, 3.6, 0.0, 2.07, 0.0, 0.0], [-2.64, -0.1, 0.47, -3.97, 259.82, 251.36, 0.02, 1.0], [0.2, 25.0, 0.0, 0.0])
(119151591, [2.0, 0.55, 0.0, 0.98, 0.0, 3.6, 0.0, 2.08, 0.0, 0.0], [-2.89, -0.51, 0.4, -3.74, 259.82, 251.25, 0.04, 1.0], [0.2, 25.0, 0.0, 0.0])
(119251161, [2.0, 0.52, 0.0, 0.97, 0.0, 3.6, 0.0, 2.09, 0.0, 0.0], [-3.03, -0.44, 0.28, -3.5, 259.82, 251.51, 0.04, 1.0], [0.2, 25.0, 0.0, 0.0])
(119351169, [2.0, 0.45, 0.0, 0.95, 0.0, 3.6, 0.0, 2.1, 0.0, 0.0], [-3.11, -0.7, 0.09, -3.29, 259.82, 252.01, 0.04, 1.0], [0.2, 25.0, 0.0, 0.0])
(119451149, [2.0, 0.41, 0.0, 0.94, 0.0, 3.6, 0.0, 2.1, 0.0, 0.0], [-3.15, -0.51, -0.14, -3.71, 259.82, 252.68, 0.04, 1.0], [0.2, 25.0, 0.0, 0.0])
(119551801, [2.0, 0.32, 0.0, 0.92, 0.0, 3.6, 0.0, 2.1, 0.0, 0.0], [-3.17, -0.64, -0.43, -3.94, 259.82, 253.27, 0.04, 1.0], [0.2, 25.0, 0.0, 0.0])
(119651475, [2.0, 0.28, 0.0, 0.92, 0.0, 3.6, 0.0, 2.1, 0.0, 0.0], [-3.18, -0.72, -0.73, -4.44, 259.82, 253.8, 0.04, 1.0], [0.2, 25.0, 0.0, 0.0])
(119752120, [2.0, 0.19, 0.0, 0.9, 0.0, 3.6, 0.0, 2.11, 0.0, 0.0], [-3.2, 0.11, -1.06, -5.62, 259.82, 257.52, 0.09, 1.0], [0.2, 25.0, 0.0, 0.0])
(119852511, [2.0, 0.19, 0.0, 0.91, 0.0, 3.6, 0.0, 2.1, 0.0, 0.0], [-3.2, -0.74, -1.31, -5.47, 259.82, 260.24, 0.09, 1.0], [0.2, 25.0, 0.0, 0.0])
(119952073, [2.0, 0.19, 0.0, 0.92, 0.0, 3.6, 0.0, 2.09, 0.0, 0.0], [-3.19, -0.19, -1.43, -5.32, 259.82, 261.34, 0.11, 1.0], [0.2, 25.0, 0.0, 0.0])
(120052354, [2.0, 0.21, 0.0, 0.93, 0.0, 3.6, 0.0, 2.08, 0.0, 0.0], [-3.18, -0.7, -1.47, -4.64, 259.82, 260.63, 0.11, 1.0], [0.2, 25.0, 0.0, 0.0])
(120152174, [2.0, 0.19, 0.0, 0.94, 0.0, 3.6, 0.0, 2.08, 0.0, 0.0], [-3.16, -0.73, -1.48, -4.27, 259.82, 258.76, 0.11, 1.0], [0.2, 25.0, 0.0, 0.0])
(120252253, [2.0, 0.2, 0.0, 0.95, 0.0, 3.6, 0.0, 2.06, 0.0, 0.0], [-3.15, -1.03, -1.49, -4.43, 259.82, 257.05, 0.11, 1.0], [0.2, 25.0, 0.0, 0.0])
(120352104, [2.0, 0.19, 0.0, 0.96, 0.0, 3.6, 0.0, 2.05, 0.0, 0.0], [-3.13, -0.81, -1.51, -4.23, 259.82, 258.18, 0.1, 1.0], [0.2, 25.0, 0.0, 0.0])
(120452469, [2.0, 0.19, 0.0, 0.97, 0.0, 3.6, 0.0, 2.05, 0.0, 0.0], [-3.11, -0.75, -1.51, -4.13, 259.82, 261.0, 0.1, 1.0], [0.2, 25.0, 0.0, 0.0])
(120552261, [2.0, 0.19, 0.0, 0.98, 0.0, 3.6, 0.0, 2.03, 0.0, 0.0], [-3.1, -1.29, -1.53, -3.73, 259.82, 260.8, 0.1, 1.0], [0.2, 25.0, 0.0, 0.0])
(120652283, [2.0, 0.19, 0.0, 1.0, 0.0, 3.6, 0.0, 2.02, 0.0, 0.0], [-3.08, -1.13, -1.54, -3.42, 259.82, 260.78, 0.1, 1.0], [0.2, 25.0, 0.0, 0.0])
(120752052, [2.0, 0.19, 0.0, 1.01, 0.0, 3.6, 0.0, 2.02, 0.0, 0.0], [-3.06, -0.85, -1.54, -3.23, 259.82, 260.98, 0.08, 1.0], [0.2, 25.0, 0.0, 0.0])
(120852287, [2.0, 0.19, 0.0, 1.02, 0.0, 3.6, 0.0, 2.0, 0.0, 0.0], [-3.04, -0.73, -1.54, -2.8, 259.82, 260.64, 0.08, 1.0], [0.2, 25.0, 0.0, 0.0])
(120952474, [2.0, 0.19, 0.0, 1.02, 0.0, 3.6, 0.0, 2.0, 0.0, 0.0], [-3.02, -0.98, -1.54, -2.44, 259.82, 260.54, 0.07, 1.0], [0.2, 25.0, 0.0, 0.0])
(121053069, [2.0, 0.19, 0.0, 1.03, 0.0, 1.0, 0.0, 1.98, 0.0, 0.0], [-3.0, -1.31, -1.54, -2.19, 259.82, 260.31, 0.07, 1.0], [0.2, 25.0, 0.0, 0.0])
(121152321, [2.0, 0.19, 0.0, 1.04, 0.0, 0.98, 0.0, 1.98, 0.0, 0.0], [-2.98, -1.32, -1.54, -1.97, 259.82, 260.4, 0.05, 1.0], [0.2, 25.0, 0.0, 0.0])
(121253572, [2.0, 0.2, 0.0, 1.05, 0.0, 0.96, 0.0, 1.97, 0.0, 0.0], [-2.96, -1.14, -1.54, -2.33, 259.82, 260.16, 0.05, 1.0], [0.2, 25.0, 0.0, 0.0])
(121355528, [2.0, 0.19, 0.0, 1.05, 0.0, 0.96, 0.0, 1.96, 0.0, 0.0], [-2.94, -0.78, -1.53, -2.52, 259.82, 259.96, 0.04, 1.0], [0.2, 25.0, 0.0, 0.0])
(121455343, [2.0, 0.2, 0.0, 1.06, 0.0, 0.96, 0.0, 1.94, 0.0, 0.0], [-2.92, -1.49, -1.53, -2.62, 259.82, 259.78, 0.04, 1.0], [0.2, 25.0, 0.0, 0.0])
(121555356, [2.0, 0.19, 0.0, 1.07, 0.0, 0.96, 0.0, 1.94, 0.0, 0.0], [-2.9, -1.58, -1.53, -2.54, 259.82, 259.93, 0.04, 1.0], [0.2, 25.0, 0.0, 0.0])
(121655686, [2.0, 0.19, 0.0, 1.08, 0.0, 0.93, 0.0, 1.94, 0.0, 0.0], [-2.89, -1.84, -1.54, -2.49, 259.82, 260.04, 0.04, 1.0], [0.2, 25.0, 0.0, 0.0])
(121755147, [2.0, 0.19, 0.0, 1.08, 0.0, 0.95, 0.0, 1.93, 0.0, 0.0], [-2.88, -1.91, -1.54, -2.3, 259.82, 259.81, 0.03, 1.0], [0.2, 25.0, 0.0, 0.0])
(121855342, [2.0, 0.2, 0.0, 1.09, 0.0, 0.95, 0.0, 1.92, 0.0, 0.0], [-2.87, -2.46, -1.54, -2.19, 259.82, 259.58, 0.03, 1.0], [0.2, 25.0, 0.0, 0.0])
(121956130, [2.0, 0.19, 0.0, 1.1, 0.0, 0.94, 0.0, 1.91, 0.0, 0.0], [-2.84, -2.28, -1.52, -2.35, 259.82, 259.5, 0.04, 1.0], [0.2, 25.0, 0.0, 0.0])
(122056418, [2.0, 0.2, 0.0, 1.11, 0.0, 0.94, 0.0, 1.9, 0.0, 0.0], [-2.83, -2.09, -1.52, -2.21, 259.82, 259.43, 0.04, 1.0], [0.2, 25.0, 0.0, 0.0])
(122156158, [2.0, 0.19, 0.0, 1.13, 0.0, 0.93, 0.0, 1.89, 0.0, 0.0], [-2.8, -2.02, -1.52, -2.12, 259.82, 259.47, 0.03, 1.0], [0.2, 25.0, 0.0, 0.0])
(122256318, [2.0, 0.19, 0.0, 1.14, 0.0, 0.93, 0.0, 1.87, 0.0, 0.0], [-2.78, -1.76, -1.53, -2.12, 259.82, 259.32, 0.03, 1.0], [0.2, 25.0, 0.0, 0.0])
(122356209, [2.0, 0.2, 0.0, 1.16, 0.0, 0.93, 0.0, 1.86, 0.0, 0.0], [-2.76, -1.37, -1.54, -2.17, 259.82, 259.46, 0.03, 1.0], [0.2, 25.0, 0.0, 0.0])
(122457277, [2.0, 0.19, 0.0, 1.17, 0.0, 0.93, 0.0, 1.86, 0.0, 0.0], [-2.74, -1.38, -1.53, -2.37, 259.82, 259.28, 0.03, 1.0], [0.2, 25.0, 0.0, 0.0])
(122556263, [2.0, 0.19, 0.0, 1.19, 0.0, 0.93, 0.0, 1.83, 0.0, 0.0], [-2.71, -1.53, -1.52, -2.43, 259.82, 259.19, 0.03, 1.0], [0.2, 25.0, 0.0, 0.0])
(122656670, [2.0, 0.19, 0.0, 1.2, 0.0, 0.92, 0.0, 1.82, 0.0, 0.0], [-2.68, -1.3, -1.53, -2.64, 259.82, 259.06, 0.03, 1.0], [0.2, 25.0, 0.0, 0.0])
(122756724, [2.0, 0.19, 0.0, 1.22, 0.0, 0.93, 0.0, 1.81, 0.0, 0.0], [-2.66, -2.05, -1.54, -2.35, 259.82, 259.01, 0.03, 1.0], [0.2, 25.0, 0.0, 0.0])
(122856638, [2.0, 0.2, 0.0, 1.23, 0.0, 0.93, 0.0, 1.79, 0.0, 0.0], [-2.63, -2.01, -1.53, -2.16, 259.82, 258.76, 0.02, 1.0], [0.2, 25.0, 0.0, 0.0])
(122956667, [2.0, 0.19, 0.0, 1.25, 0.0, 0.93, 0.0, 1.77, 0.0, 0.0], [-2.6, -1.96, -1.53, -2.07, 259.82, 258.67, 0.02, 1.0], [0.2, 25.0, 0.0, 0.0])
(123058092, [2.0, 0.2, 0.0, 1.26, 0.0, 0.93, 0.0, 1.76, 0.0, 0.0], [-2.56, -2.08, -1.52, -2.51, 259.82, 258.55, 0.02, 1.0], [0.2, 25.0, 0.0, 0.0])
(123156514, [2.0, 0.19, 0.0, 1.28, 0.0, 0.94, 0.0, 1.73, 0.0, 0.0], [-2.54, -2.1, -1.51, -2.71, 259.82, 258.5, 0.02, 1.0], [0.2, 25.0, 0.0, 0.0])
(123256628, [2.0, 0.19, 0.0, 1.29, 0.0, 0.94, 0.0, 1.72, 0.0, 0.0], [-2.49, -1.98, -1.53, -2.68, 259.82, 258.37, 0.02, 1.0], [0.2, 25.0, 0.0, 0.0])
(123356484, [2.0, 0.19, 0.0, 1.32, 0.0, 0.94, 0.0, 1.7, 0.0, 0.0], [-2.45, -1.9, -1.52, -2.82, 259.82, 258.34, 0.02, 1.0], [0.2, 25.0, 0.0, 0.0])
(123456589, [2.0, 0.2, 0.0, 1.33, 0.0, 0.94, 0.0, 1.69, 0.0, 0.0], [-2.42, -1.65, -1.53, -2.81, 259.82, 258.3, 0.02, 1.0], [0.2, 25.0, 0.0, 0.0])
(123556564, [2.0, 0.19, 0.0, 1.36, 0.0, 0.94, 0.0, 1.66, 0.0, 0.0], [-2.39, -1.31, -1.52, -2.61, 259.82, 258.23, 0.02, 1.0], [0.2, 25.0, 0.0, 0.0])
(123656496, [2.0, 0.19, 0.0, 1.37, 0.0, 0.94, 0.0, 1.66, 0.0, 0.0], [-2.35, -1.19, -1.52, -2.78, 259.82, 258.17, 0.03, 1.0], [0.2, 25.0, 0.0, 0.0])
(123756446, [2.0, 0.19, 0.0, 1.4, 0.0, 0.94, 0.0, 1.63, 0.0, 0.0], [-2.31, -1.36, -1.53, -2.52, 259.82, 258.15, 0.03, 1.0], [0.2, 25.0, 0.0, 0.0])
(123856518, [2.0, 0.19, 0.0, 1.42, 0.0, 0.94, 0.0, 1.61, 0.0, 0.0], [-2.27, -1.87, -1.52, -1.82, 259.82, 258.11, 0.02, 1.0], [0.2, 25.0, 0.0, 0.0])
(123956619, [2.0, 0.19, 0.0, 1.44, 0.0, 0.94, 0.0, 1.58, 0.0, 0.0], [-2.23, -1.66, -1.53, -1.86, 259.82, 258.08, 0.02, 1.0], [0.2, 25.0, 0.0, 0.0])
(124056620, [2.0, 0.19, 0.0, 1.46, 0.0, 0.94, 0.0, 1.57, 0.0, 0.0], [-2.19, -1.07, -1.54, -1.91, 259.82, 258.08, 0.02, 1.0], [0.2, 25.0, 0.0, 0.0])
(124156563, [2.0, 0.19, 0.0, 1.47, 0.0, 0.94, 0.0, 1.55, 0.0, 0.0], [-2.15, -1.29, -1.54, -1.39, 259.82, 258.06, 0.02, 1.0], [0.2, 25.0, 0.0, 0.0])
(124256690, [2.0, 0.2, 0.0, 1.5, 0.0, 0.94, 0.0, 1.53, 0.0, 0.0], [-2.11, -1.48, -1.53, -1.58, 259.82, 257.88, 0.02, 1.0], [0.2, 25.0, 0.0, 0.0])
(124356613, [2.0, 0.2, 0.0, 1.51, 0.0, 0.94, 0.0, 1.51, 0.0, 0.0], [-2.07, -1.22, -1.51, -1.97, 259.82, 258.07, 0.02, 1.0], [0.2, 25.0, 0.0, 0.0])
(124456523, [2.0, 0.19, 0.0, 1.54, 0.0, 0.95, 0.0, 1.49, 0.0, 0.0], [-2.03, -1.16, -1.5, -1.96, 259.82, 257.85, 0.02, 1.0], [0.2, 25.0, 0.0, 0.0])
(124556628, [2.0, 0.19, 0.0, 1.55, 0.0, 0.95, 0.0, 1.47, 0.0, 0.0], [-1.99, -1.0, -1.52, -1.7, 259.82, 257.9, 0.02, 1.0], [0.2, 25.0, 0.0, 0.0])
(124656541, [2.0, 0.2, 0.0, 1.58, 0.0, 0.95, 0.0, 1.45, 0.0, 0.0], [-1.96, -1.28, -1.51, -0.87, 259.82, 258.13, 0.01, 1.0], [0.2, 25.0, 0.0, 0.0])
(124756621, [2.0, 0.19, 0.0, 1.59, 0.0, 0.94, 0.0, 1.43, 0.0, 0.0], [-1.92, -2.45, -1.52, -0.88, 259.82, 257.46, 0.01, 1.0], [0.2, 25.0, 0.0, 0.0])
(124856530, [2.0, 0.2, 0.0, 1.62, 0.0, 0.94, 0.0, 1.41, 0.0, 0.0], [-1.88, -2.41, -1.51, -0.94, 259.82, 257.14, 0.01, 1.0], [0.2, 25.0, 0.0, 0.0])
(124956510, [2.0, 0.19, 0.0, 1.64, 0.0, 0.95, 0.0, 1.4, 0.0, 0.0], [-1.84, -2.28, -1.52, -1.11, 259.82, 257.52, 0.01, 1.0], [0.2, 25.0, 0.0, 0.0])
(125056572, [2.0, 0.2, 0.0, 1.67, 0.0, 0.95, 0.0, 1.36, 0.0, 0.0], [-1.8, -1.94, -1.53, -1.56, 259.82, 257.25, 0.01, 1.0], [0.2, 25.0, 0.0, 0.0])
(125156528, [2.0, 0.19, 0.0, 1.68, 0.0, 0.96, 0.0, 1.35, 0.0, 0.0], [-1.76, -1.99, -1.52, -0.96, 259.82, 257.12, 0.01, 1.0], [0.2, 25.0, 0.0, 0.0])
(125256535, [2.0, 0.2, 0.0, 1.71, 0.0, 0.95, 0.0, 1.31, 0.0, 0.0], [-1.71, -1.45, -1.53, -0.81, 259.82, 256.83, 0.01, 1.0], [0.2, 25.0, 0.0, 0.0])
(125356591, [2.0, 0.2, 0.0, 1.73, 0.0, 0.96, 0.0, 1.29, 0.0, 0.0], [-1.65, -0.79, -1.51, -0.87, 259.82, 256.85, 0.01, 1.0], [0.2, 25.0, 0.0, 0.0])
(125456564, [2.0, 0.19, 0.0, 1.75, 0.0, 0.96, 0.0, 1.26, 0.0, 0.0], [-1.6, -0.78, -1.51, -0.83, 259.82, 256.14, 0.01, 1.0], [0.2, 25.0, 0.0, 0.0])
(125556656, [2.0, 0.2, 0.0, 1.78, 0.0, 0.96, 0.0, 1.24, 0.0, 0.0], [-1.55, -0.26, -1.51, -0.49, 259.82, 255.72, 0.01, 1.0], [0.2, 25.0, 0.0, 0.0])
(125656728, [2.0, 0.19, 0.0, 1.8, 0.0, 0.96, 0.0, 1.2, 0.0, 0.0], [-1.5, 0.12, -1.51, -0.13, 259.82, 255.97, 0.02, 1.0], [0.2, 25.0, 0.0, 0.0])
(125756524, [2.0, 0.19, 0.0, 1.84, 0.0, 0.96, 0.0, 1.19, 0.0, 0.0], [-1.44, -0.3, -1.51, 0.07, 259.82, 256.01, 0.02, 1.0], [0.2, 25.0, 0.0, 0.0])
(125856988, [2.0, 0.2, 0.0, 1.88, 0.0, 0.96, 0.0, 1.15, 0.0, 0.0], [-1.39, -0.13, -1.52, 0.06, 259.82, 256.01, 0.01, 1.0], [0.2, 25.0, 0.0, 0.0])
(125957108, [2.0, 0.19, 0.0, 1.92, 0.0, 0.97, 0.0, 1.13, 0.0, 0.0], [-1.33, -0.1, -1.52, 0.07, 259.82, 255.63, 0.01, 1.0], [0.2, 25.0, 0.0, 0.0])
(126056994, [2.0, 0.2, 0.0, 1.93, 0.0, 0.97, 0.0, 1.1, 0.0, 0.0], [-1.27, -0.41, -1.53, -0.43, 259.82, 255.62, 0.02, 1.0], [0.2, 25.0, 0.0, 0.0])
(126156981, [2.0, 0.22, 0.0, 1.96, 0.0, 0.97, 0.0, 1.08, 0.0, 0.0], [-1.22, -0.17, -1.47, -0.93, 259.82, 255.56, 0.02, 1.0], [0.2, 25.0, 0.0, 0.0])
(126257004, [2.0, 1.49, 0.0, 1.98, 0.0, 0.98, 0.0, 1.04, 0.0, 0.0], [-1.17, -0.24, -1.63, -1.22, 259.82, 256.82, 0.01, 1.0], [0.2, 25.0, 0.0, 0.0])
(126356975, [2.0, 1.49, 0.0, 2.01, 0.0, 0.99, 0.0, 1.03, 0.0, 0.0], [-1.12, -0.24, -2.02, -1.48, 259.82, 258.21, 0.01, 1.0], [0.2, 25.0, 0.0, 0.0])
(126456992, [2.0, 1.49, 0.0, 2.03, 0.0, 0.99, 0.0, 1.0, 0.0, 0.0], [-1.06, 0.04, -2.23, -1.77, 259.82, 259.91, 0.01, 1.0], [0.2, 25.0, 0.0, 0.0])
(126557011, [2.0, 1.48, 0.0, 2.07, 0.0, 1.0, 0.0, 0.98, 0.0, 0.0], [-1.02, 0.16, -2.34, -1.38, 259.82, 261.84, 0.01, 1.0], [0.2, 25.0, 0.0, 0.0])
(126657013, [2.0, 1.5, 0.0, 2.09, 0.0, 1.0, 0.0, 0.97, 0.0, 0.0], [-0.99, -0.76, -2.42, -0.94, 259.82, 262.98, 0.01, 1.0], [0.2, 25.0, 0.0, 0.0])
(126756992, [2.0, 1.49, 0.0, 2.14, 0.0, 1.02, 0.0, 0.94, 0.0, 0.0], [-0.95, -1.71, -2.49, -0.65, 259.82, 263.34, 0.01, 1.0], [0.2, 25.0, 0.0, 0.0])
(126857115, [2.0, 1.49, 0.0, 2.15, 0.0, 1.03, 0.0, 0.93, 0.0, 0.0], [-0.91, -1.6, -2.55, -1.09, 259.82, 262.16, 0.01, 1.0], [0.2, 25.0, 0.0, 0.0])
(126957068, [2.0, 1.46, 0.0, 2.16, 0.0, 1.03, 0.0, 0.9, 0.0, 0.0], [-0.87, -1.69, -2.6, -2.06, 259.82, 259.94, 0.01, 1.0], [0.2, 25.0, 0.0, 0.0])
(127057073, [2.0, 1.44, 0.0, 2.18, 0.0, 1.03, 0.0, 0.87, 0.0, 0.0], [-0.82, -1.51, -2.62, -3.01, 259.82, 257.36, 0.02, 1.0], [0.2, 25.0, 0.0, 0.0])
(127157115, [2.0, 1.4, 0.0, 2.17, 0.0, 1.05, 0.0, 0.84, 0.0, 0.0], [-0.77, -0.98, -2.66, -3.81, 259.82, 254.79, 0.02, 1.0], [0.2, 25.0, 0.0, 0.0])
(127257081, [2.0, 1.38, 0.0, 2.16, 0.0, 1.06, 0.0, 0.83, 0.0, 0.0], [-0.72, -1.17, -2.71, -4.72, 259.82, 252.75, 0.02, 1.0], [0.2, 25.0, 0.0, 0.0])
(127356967, [2.0, 1.33, 0.0, 2.11, 0.0, 1.09, 0.0, 0.8, 0.0, 0.0], [-0.67, -1.36, -2.78, -5.22, 259.82, 251.42, 0.02, 1.0], [0.2, 25.0, 0.0, 0.0])
(127456980, [2.0, 1.3, 0.0, 2.11, 0.0, 1.11, 0.0, 0.79, 0.0, 0.0], [-0.63, -0.94, -2.89, -5.2, 259.82, 250.78, 0.03, 1.0], [0.2, 25.0, 0.0, 0.0])
(127557033, [2.0, 1.25, 0.0, 3.6, 0.0, 1.16, 0.0, 0.75, 0.0, 0.0], [-0.58, -1.07, -3.04, -5.2, 259.82, 250.77, 0.03, 1.0], [0.2, 25.0, 0.0, 0.0])
(127657022, [2.0, 1.18, 0.0, 0.34, 0.0, 1.19, 0.0, 0.74, 0.0, 0.0], [-0.53, -1.49, -3.21, -4.8, 259.82, 251.04, 0.04, 1.0], [0.2, 25.0, 0.0, 0.0])
(127758978, [2.0, 1.15, 0.0, 0.39, 0.0, 1.26, 0.0, 0.72, 0.0, 0.0], [-0.49, -1.89, -0.39, -2.94, 259.82, 251.34, 0.04, 1.0], [0.2, 25.0, 0.0, 0.0])
(127858911, [2.0, 1.07, 0.0, 0.39, 0.0, 1.32, 0.0, 0.7, 0.0, 0.0], [-0.45, -1.65, 1.37, 0.15, 259.82, 251.72, 0.04, 1.0], [0.2, 25.0, 0.0, 0.0])
(127960036, [2.0, 1.03, 0.0, 2.27, 0.0, 1.39, 0.0, 0.67, 0.0, 0.0], [-0.41, -2.28, 2.09, 1.28, 259.82, 252.2, 0.04, 1.0], [0.2, 25.0, 0.0, 0.0])
(128060043, [2.0, 0.94, 0.0, 2.34, 0.0, 1.44, 0.0, 0.66, 0.0, 0.0], [-0.37, -2.31, 2.29, 2.11, 259.82, 252.8, 0.04, 1.0], [0.2, 25.0, 0.0, 0.0])
(128160379, [2.0, 0.9, 0.0, 2.37, 0.0, 1.5, 0.0, 0.62, 0.0, 0.0], [-0.32, -1.65, 2.21, 2.46, 259.82, 253.3, 0.04, 1.0], [0.2, 25.0, 0.0, 0.0])
(128261389, [2.0, 0.83, 0.0, 2.41, 0.0, 1.58, 0.0, 0.6, 0.0, 0.0], [-0.26, -0.83, 2.03, 2.1, 259.82, 253.53, 0.05, 1.0], [0.2, 25.0, 0.0, 0.0])
(128360138, [2.0, 0.79, 0.0, 2.46, 0.0, 1.61, 0.0, 0.55, 0.0, 0.0], [-0.14, -0.35, 1.14, 1.75, 259.82, 253.45, 0.05, 1.0], [0.2, 25.0, 0.0, 0.0])
(128460150, [2.0, 0.72, 0.0, 2.51, 0.0, 1.69, 0.0, 0.52, 0.0, 0.0], [-0.07, 0.24, 0.56, 0.65, 259.82, 253.23, 0.05, 1.0], [0.2, 25.0, 0.0, 0.0])
(128560203, [2.0, 0.68, 0.0, 2.55, 0.0, 1.72, 0.0, 0.47, 0.0, 0.0], [-0.03, 0.34, 0.27, -0.19, 259.82, 253.05, 0.05, 1.0], [0.2, 25.0, 0.0, 0.0])
(128660959, [2.0, 0.61, 0.0, 2.58, 0.0, 1.79, 0.0, 0.45, 0.0, 0.0], [-0.01, 0.51, 0.13, -0.21, 259.82, 252.93, 0.05, 1.0], [0.2, 25.0, 0.0, 0.0])
(128760003, [2.0, 0.58, 0.0, 2.66, 0.0, 1.82, 0.0, 0.4, 0.0, 0.0], [0.0, -0.16, 0.06, -0.49, 259.82, 253.02, 0.05, 1.0], [0.2, 25.0, 0.0, 0.0])
(128860073, [2.0, 0.51, 0.0, 2.67, 0.0, 1.86, 0.0, 0.36, 0.0, 0.0], [0.0, -0.79, 0.03, -1.39, 259.82, 253.4, 0.04, 1.0], [0.2, 25.0, 0.0, 0.0])
(128960106, [2.0, 0.47, 0.0, 2.73, 0.0, 1.88, 0.0, 0.34, 0.0, 0.0], [0.0, 0.56, 0.01, 0.08, 259.82, 253.79, 0.04, 1.0], [0.2, 25.0, 0.0, 0.0])
(129060047, [2.0, 0.41, 0.0, 2.73, 0.0, 1.91, 0.0, 0.3, 0.0, 0.0], [0.0, 0.37, 0.0, -0.06, 259.82, 254.24, 0.05, 1.0], [0.2, 25.0, 0.0, 0.0])
(129160122, [2.0, 0.38, 0.0, 3.6, 0.0, 1.9, 0.0, 0.27, 0.0, 0.0], [0.0, 0.15, 0.0, 0.09, 259.82, 254.88, 0.05, 1.0], [0.2, 25.0, 0.0, 0.0])
(129260011, [2.0, 0.33, 0.0, 3.6, 0.0, 1.89, 0.0, 0.25, 0.0, 0.0], [0.0, 0.07, 0.0, -0.08, 259.82, 255.06, 0.05, 1.0], [0.2, 25.0, 0.0, 0.0])
(129360255, [2.0, 0.31, 0.0, 3.6, 0.0, 1.89, 0.0, 0.23, 0.0, 0.0], [0.0, 0.06, 0.0, 0.1, 259.82, 254.75, 0.05, 1.0], [0.2, 25.0, 0.0, 0.0])
(129460000, [2.0, 0.28, 0.0, 2.88, 0.0, 3.6, 0.0, 0.22, 0.0, 0.0], [0.0, 0.02, 0.0, 0.02, 259.82, 254.3, 0.06, 1.0], [0.2, 25.0, 0.0, 0.0])
(129560017, [2.0, 0.27, 0.0, 2.88, 0.0, 3.6, 0.0, 0.21, 0.0, 0.0], [0.0, 0.3, 0.0, -0.14, 259.82, 252.47, 0.06, 1.0], [0.2, 25.0, 0.0, 0.0])
(129659999, [2.0, 0.25, 0.0, 2.88, 0.0, 1.15, 0.0, 0.2, 0.0, 0.0], [0.0, 0.22, 0.0, 0.09, 259.82, 251.48, 0.06, 1.0], [0.2, 25.0, 0.0, 0.0])
(129760294, [2.0, 0.25, 0.0, 2.92, 0.0, 1.88, 0.0, 0.2, 0.0, 0.0], [0.0, 0.37, 0.0, 0.52, 259.82, 250.76, 0.06, 1.0], [0.2, 25.0, 0.0, 0.0])
(129860160, [2.0, 0.25, 0.0, 2.9, 0.0, 1.96, 0.0, 0.2, 0.0, 0.0], [0.0, 0.37, 0.0, 0.31, 259.82, 250.55, 0.06, 1.0], [0.2, 25.0, 0.0, 0.0])
(129960313, [2.0, 0.24, 0.0, 2.9, 0.0, 1.96, 0.0, 0.2, 0.0, 0.0], [0.0, 0.35, 0.0, 0.39, 259.82, 250.49, 0.06, 1.0], [0.2, 25.0, 0.0, 0.0])
(130060226, [2.0, 0.24, 0.0, 2.88, 0.0, 1.99, 0.0, 0.2, 0.0, 0.0], [0.0, 0.36, 0.0, 0.39, 259.82, 250.39, 0.05, 1.0], [0.2, 25.0, 0.0, 0.0])
(130160057, [2.0, 0.25, 0.0, 2.89, 0.0, 1.98, 0.0, 0.2, 0.0, 0.0], [0.0, 0.35, 0.0, 0.4, 259.82, 250.3, 0.05, 1.0], [0.2, 25.0, 0.0, 0.0])
(130260091, [2.0, 0.25, 0.0, 2.92, 0.0, 1.99, 0.0, 0.2, 0.0, 0.0], [0.0, 0.33, 0.0, 0.43, 259.82, 250.24, 0.04, 1.0], [0.2, 25.0, 0.0, 0.0])
(130360130, [2.0, 0.25, 0.0, 2.9, 0.0, 1.96, 0.0, 0.2, 0.0, 0.0], [0.0, 0.32, 0.0, 0.45, 259.82, 250.13, 0.04, 1.0], [0.2, 25.0, 0.0, 0.0])
(130460079, [2.0, 0.24, 0.0, 2.9, 0.0, 1.98, 0.0, 0.2, 0.0, 0.0], [0.0, 0.33, 0.0, 0.44, 259.82, 250.07, 0.03, 1.0], [0.2, 25.0, 0.0, 0.0])
(130560135, [2.0, 0.25, 0.0, 2.91, 0.0, 1.97, 0.0, 0.2, 0.0, 0.0], [0.0, 0.33, 0.0, 0.42, 259.82, 249.99, 0.03, 1.0], [0.2, 25.0, 0.0, 0.0])
(130660156, [2.0, 0.24, 0.0, 2.91, 0.0, 1.98, 0.0, 0.2, 0.0, 0.0], [0.0, 0.32, 0.0, 0.41, 259.82, 249.88, 0.03, 1.0], [0.2, 25.0, 0.0, 0.0])
(130760897, [2.0, 0.24, 0.0, 2.91, 0.0, 1.96, 0.0, 0.2, 0.0, 0.0], [0.0, 0.33, 0.0, 0.42, 259.82, 249.8, 0.03, 1.0], [0.2, 25.0, 0.0, 0.0])
(130860049, [2.0, 0.25, 0.0, 2.89, 0.0, 1.96, 0.0, 0.2, 0.0, 0.0], [0.0, 0.3, 0.0, 0.44, 259.82, 249.72, 0.02, 1.0], [0.2, 25.0, 0.0, 0.0])
(130960225, [2.0, 0.24, 0.0, 2.91, 0.0, 1.99, 0.0, 0.2, 0.0, 0.0], [0.0, 0.3, 0.0, 0.43, 259.82, 249.65, 0.02, 1.0], [0.2, 25.0, 0.0, 0.0])
(131060053, [2.0, 0.24, 0.0, 2.91, 0.0, 1.99, 0.0, 0.2, 0.0, 0.0], [0.0, 0.29, 0.0, 0.44, 259.82, 249.58, 0.02, 1.0], [0.2, 25.0, 0.0, 0.0])
(131160128, [2.0, 0.25, 0.0, 2.91, 0.0, 1.97, 0.0, 0.19, 0.0, 0.0], [0.0, 0.28, 0.0, 0.46, 259.82, 249.51, 0.02, 1.0], [0.2, 25.0, 0.0, 0.0])
(131260211, [2.0, 0.25, 0.0, 2.91, 0.0, 1.97, 0.0, 0.2, 0.0, 0.0], [0.0, 0.28, 0.0, 0.44, 259.82, 249.43, 0.01, 1.0], [0.2, 25.0, 0.0, 0.0])
(131360234, [2.0, 0.24, 0.0, 2.91, 0.0, 1.97, 0.0, 0.2, 0.0, 0.0], [0.0, 0.28, 0.0, 0.47, 259.82, 249.34, 0.01, 1.0], [0.2, 25.0, 0.0, 0.0])
(131460237, [2.0, 0.24, 0.0, 2.91, 0.0, 1.97, 0.0, 0.2, 0.0, 0.0], [0.0, 0.26, 0.0, 0.48, 259.82, 249.26, 0.01, 1.0], [0.2, 25.0, 0.0, 0.0])
(131560186, [2.0, 0.25, 0.0, 3.6, 0.0, 1.97, 0.0, 0.2, 0.0, 0.0], [0.0, 0.26, 0.0, 0.46, 259.82, 249.14, 0.01, 1.0], [0.2, 25.0, 0.0, 0.0])
(131660426, [2.0, 0.24, 0.0, 3.6, 0.0, 1.95, 0.0, 0.2, 0.0, 0.0], [0.0, 0.26, 0.0, 0.46, 259.82, 249.08, 0.01, 1.0], [0.2, 25.0, 0.0, 0.0])
(131760128, [2.0, 0.25, 0.0, 2.91, 0.0, 1.93, 0.0, 0.2, 0.0, 0.0], [0.0, 0.26, 0.0, 0.46, 259.82, 248.99, 0.01, 1.0], [0.2, 25.0, 0.0, 0.0])
(131860143, [2.0, 0.25, 0.0, 2.91, 0.0, 1.94, 0.0, 0.2, 0.0, 0.0], [0.0, 0.24, 0.0, 0.46, 259.82, 248.89, 0.01, 1.0], [0.2, 25.0, 0.0, 0.0])
(131960033, [2.0, 0.25, 0.0, 2.9, 0.0, 1.92, 0.0, 0.2, 0.0, 0.0], [0.0, 0.24, 0.0, 0.47, 259.82, 248.79, 0.01, 1.0], [0.2, 25.0, 0.0, 0.0])
(132060093, [2.0, 0.25, 0.0, 2.9, 0.0, 1.96, 0.0, 0.2, 0.0, 0.0], [0.0, 0.23, 0.0, 0.49, 259.82, 248.69, 0.01, 1.0], [0.2, 25.0, 0.0, 0.0])
(132160058, [2.0, 0.24, 0.0, 2.9, 0.0, 1.96, 0.0, 0.2, 0.0, 0.0], [0.0, 0.23, 0.0, 0.47, 259.82, 248.61, 0.01, 1.0], [0.2, 25.0, 0.0, 0.0])
(132260072, [2.0, 0.25, 0.0, 2.9, 0.0, 1.97, 0.0, 0.2, 0.0, 0.0], [0.0, 0.23, 0.0, 0.48, 259.82, 248.53, 0.01, 1.0], [0.2, 25.0, 0.0, 0.0])
(132360031, [2.0, 0.25, 0.0, 2.91, 0.0, 1.96, 0.0, 0.2, 0.0, 0.0], [0.0, 0.23, 0.0, 0.47, 259.82, 248.4, 0.01, 1.0], [0.2, 25.0, 0.0, 0.0])
(132460123, [2.0, 0.25, 0.0, 2.9, 0.0, 1.95, 0.0, 0.2, 0.0, 0.0], [0.0, 0.22, 0.0, 0.47, 259.82, 248.31, 0.0, 1.0], [0.2, 25.0, 0.0, 0.0])
(132560021, [2.0, 0.25, 0.0, 2.9, 0.0, 1.95, 0.0, 0.2, 0.0, 0.0], [0.0, 0.22, 0.0, 0.47, 259.82, 248.21, 0.0, 1.0], [0.2, 25.0, 0.0, 0.0])
(132660183, [2.0, 0.25, 0.0, 3.6, 0.0, 3.6, 0.0, 0.2, 0.0, 0.0], [0.0, 0.19, 0.0, 0.47, 259.82, 248.09, 0.0, 1.0], [0.2, 25.0, 0.0, 0.0])
(132760188, [2.0, 0.25, 0.0, 2.89, 0.0, 1.93, 0.0, 0.2, 0.0, 0.0], [0.0, 0.2, 0.0, 0.45, 259.82, 247.99, 0.0, 1.0], [0.2, 25.0, 0.0, 0.0])
(132860183, [2.0, 0.25, 0.0, 2.91, 0.0, 1.96, 0.0, 0.2, 0.0, 0.0], [0.0, 0.19, 0.0, 0.46, 259.82, 247.9, 0.0, 1.0], [0.2, 25.0, 0.0, 0.0])
(132960143, [2.0, 0.25, 0.0, 2.9, 0.0, 1.96, 0.0, 0.2, 0.0, 0.0], [0.0, 0.2, 0.0, 0.46, 259.82, 247.8, 0.0, 1.0], [0.2, 25.0, 0.0, 0.0])
(133060082, [2.0, 0.25, 0.0, 2.91, 0.0, 1.96, 0.0, 0.2, 0.0, 0.0], [0.0, 0.18, 0.0, 0.47, 259.82, 247.7, 0.0, 1.0], [0.2, 25.0, 0.0, 0.0])
(133160061, [2.0, 0.24, 0.0, 2.91, 0.0, 1.98, 0.0, 0.2, 0.0, 0.0], [0.0, 0.18, 0.0, 0.47, 259.82, 247.6, 0.0, 1.0], [0.2, 25.0, 0.0, 0.0])
(133261248, [2.0, 0.25, 0.0, 2.9, 0.0, 1.97, 0.0, 0.2, 0.0, 0.0], [0.0, 0.17, 0.0, 0.46, 259.82, 247.49, 0.0, 1.0], [0.2, 25.0, 0.0, 0.0])
(133361369, [2.0, 0.24, 0.0, 2.91, 0.0, 1.94, 0.0, 0.2, 0.0, 0.0], [0.0, 0.16, 0.0, 0.46, 259.82, 247.38, 0.0, 1.0], [0.2, 25.0, 0.0, 0.0])
(133461232, [2.0, 0.25, 0.0, 2.91, 0.0, 1.97, 0.0, 0.2, 0.0, 0.0], [0.0, 0.13, 0.0, 0.47, 259.82, 247.29, 0.0, 1.0], [0.2, 25.0, 0.0, 0.0])
(133561514, [2.0, 0.24, 0.0, 2.91, 0.0, 1.91, 0.0, 0.2, 0.0, 0.0], [0.0, 0.15, 0.0, 0.47, 259.82, 247.19, 0.0, 1.0], [0.2, 25.0, 0.0, 0.0])
(133661344, [2.0, 0.24, 0.0, 2.91, 0.0, 1.95, 0.0, 0.2, 0.0, 0.0], [0.0, 0.13, 0.0, 0.48, 259.82, 247.09, 0.0, 1.0], [0.2, 25.0, 0.0, 0.0])
(133761687, [2.0, 0.24, 0.0, 2.89, 0.0, 1.99, 0.0, 0.2, 0.0, 0.0], [0.0, 0.13, 0.0, 0.48, 259.82, 246.99, 0.0, 1.0], [0.2, 25.0, 0.0, 0.0])
(133861257, [2.0, 0.25, 0.0, 2.9, 0.0, 1.98, 0.0, 0.2, 0.0, 0.0], [0.0, 0.12, 0.0, 0.47, 259.82, 246.89, 0.0, 1.0], [0.2, 25.0, 0.0, 0.0])
(133961260, [2.0, 0.25, 0.0, 2.9, 0.0, 1.97, 0.0, 0.2, 0.0, 0.0], [0.0, 0.11, 0.0, 0.47, 259.82, 246.77, 0.0, 1.0], [0.2, 25.0, 0.0, 0.0])
