(30209861, [2.0, 0.63, 0.0, 0.66, 0.0, 3.6, 0.0, 2.36, 0.0, 0.0], [0.0, 0.28, 0.0, -0.03, 359.77, 359.78, 0.0, 1.0], [0.2, 25.0, 0.0, 0.0])
(30309772, [2.0, 0.63, 0.0, 0.66, 0.0, 3.6, 0.0, 2.37, 0.0, 0.0], [0.0, 0.29, 0.0, -0.03, 359.76, 359.78, 0.0, 1.0], [0.2, 25.0, 0.0, 0.0])
(30409874, [2.0, 0.63, 0.0, 0.66, 0.0, 3.6, 0.0, 2.36, 0.0, 0.0], [0.0, 0.29, 0.0, -0.03, 359.76, 359.78, 0.0, 1.0], [0.2, 25.0, 0.0, 0.0])
(30509892, [2.0, 0.63, 0.0, 0.66, 0.0, 3.6, 0.0, 2.35, 0.0, 0.0], [0.0, 0.29, 0.0, -0.03, 359.76, 359.78, 0.0, 1.0], [0.2, 25.0, 0.0, 0.0])
(30610025, [2.0, 0.63, 0.0, 0.66, 0.0, 3.6, 0.0, 2.37, 0.0, 0.0], [0.0, 0.29, 0.0, -0.03, 359.76, 359.78, 0.0, 1.0], [0.2, 25.0, 0.0, 0.0])
(30709957, [2.0, 0.63, 0.0, 0.66, 0.0, 3.6, 0.0, 2.36, 0.0, 0.0], [0.0, 0.29, 0.0, -0.02, 359.76, 359.78, 0.0, 1.0], [0.2, 25.0, 0.0, 0.0])
(30810089, [2.0, 0.63, 0.0, 0.66, 0.0, 3.6, 0.0, 2.37, 0.0, 0.0], [0.0, 0.29, 0.0, -0.03, 359.76, 359.78, 0.0, 1.0], [0.2, 25.0, 0.0, 0.0])
(30910013, [2.0, 0.64, 0.0, 0.66, 0.0, 3.6, 0.0, 2.36, 0.0, 0.0], [0.0, 0.29, 0.0, -0.02, 359.76, 359.78, 0.0, 1.0], [0.2, 25.0, 0.0, 0.0])
(31010007, [2.0, 0.63, 0.0, 0.66, 0.0, 3.6, 0.0, 2.37, 0.0, 0.0], [0.0, 0.29, 0.0, -0.02, 359.75, 359.77, 0.0, 1.0], [0.2, 25.0, 0.0, 0.0])
(31110096, [2.0, 0.63, 0.0, 0.66, 0.0, 3.6, 0.0, 2.34, 0.0, 0.0], [0.0, 0.3, 0.0, -0.02, 359.75, 359.77, 0.0, 1.0], [0.2, 25.0, 0.0, 0.0])
(31210044, [2.0, 0.63, 0.0, 0.66, 0.0, 3.6, 0.0, 2.37, 0.0, 0.0], [0.0, 0.29, 0.0, -0.02, 359.75, 359.77, 0.0, 1.0], [0.2, 25.0, 0.0, 0.0])
(31310153, [2.0, 0.63, 0.0, 0.66, 0.0, 3.6, 0.0, 2.36, 0.0, 0.0], [0.0, 0.29, 0.0, -0.02, 359.75, 359.77, 0.0, 1.0], [0.2, 25.0, 0.0, 0.0])
(31410090, [2.0, 0.64, 0.0, 0.66, 0.0, 3.6, 0.0, 2.36, 0.0, 0.0], [0.0, 0.29, 0.0, -0.02, 359.75, 359.77, 0.0, 1.0], [0.2, 25.0, 0.0, 0.0])
(31509770, [2.0, 0.64, 0.0, 0.66, 0.0, 3.6, 0.0, 2.38, 0.0, 0.0], [0.0, 0.29, 0.0, -0.02, 359.75, 359.77, 0.0, 1.0], [0.2, 25.0, 0.0, 0.0])
(31609974, [2.0, 0.63, 0.0, 0.66, 0.0, 0.59, 0.0, 2.37, 0.0, 0.0], [0.0, 0.29, 0.0, -0.02, 359.75, 359.76, 0.0, 1.0], [0.2, 25.0, 0.0, 0.0])
(31710639, [2.0, 0.63, 0.0, 0.66, 0.0, 0.59, 0.0, 2.37, 0.0, 0.0], [0.0, 0.29, 0.0, -0.01, 359.75, 359.76, 0.0, 1.0], [0.2, 25.0, 0.0, 0.0])
(31809988, [2.0, 0.63, 0.0, 0.66, 0.0, 3.6, 0.0, 2.35, 0.0, 0.0], [0.0, 0.29, 0.0, -0.02, 359.74, 359.76, 0.0, 1.0], [0.2, 25.0, 0.0, 0.0])
(31909854, [2.0, 0.63, 0.0, 0.66, 0.0, 3.6, 0.0, 2.37, 0.0, 0.0], [0.0, 0.29, 0.0, -0.02, 359.74, 359.76, 0.0, 1.0], [0.2, 25.0, 0.0, 0.0])
(32009879, [2.0, 0.63, 0.0, 0.66, 0.0, 3.6, 0.0, 2.37, 0.0, 0.0], [0.0, 0.29, 0.0, -0.02, 359.74, 359.76, 0.0, 1.0], [0.2, 25.0, 0.0, 0.0])
(32109813, [2.0, 0.63, 0.0, 0.66, 0.0, 3.6, 0.0, 2.36, 0.0, 0.0], [0.0, 0.29, 0.0, -0.02, 359.74, 359.76, 0.0, 1.0], [0.2, 25.0, 0.0, 0.0])
(32209826, [2.0, 0.64, 0.0, 0.66, 0.0, 3.6, 0.0, 2.37, 0.0, 0.0], [0.0, 0.29, 0.0, -0.02, 359.74, 359.76, 0.0, 1.0], [0.2, 25.0, 0.0, 0.0])
(32309910, [2.0, 0.63, 0.0, 0.66, 0.0, 3.6, 0.0, 2.36, 0.0, 0.0], [0.0, 0.3, 0.0, -0.02, 359.74, 359.76, 0.0, 1.0], [0.2, 25.0, 0.0, 0.0])
(32409907, [2.0, 0.64, 0.0, 0.66, 0.0, 3.6, 0.0, 2.36, 0.0, 0.0], [0.0, 0.29, 0.0, -0.02, 359.74, 359.76, 0.0, 1.0], [0.2, 25.0, 0.0, 0.0])
(32509832, [2.0, 0.63, 0.0, 0.66, 0.0, 3.6, 0.0, 2.36, 0.0, 0.0], [0.0, 0.29, 0.0, -0.01, 359.76, 359.78, 0.0, 1.0], [0.2, 25.0, 0.0, 0.0])
(32609835, [2.0, 0.63, 0.0, 0.66, 0.0, 3.6, 0.0, 2.37, 0.0, 0.0], [0.0, 0.29, 0.0, 0.0, 359.74, 359.76, 0.0, 1.0], [0.2, 25.0, 0.0, 0.0])
(32709913, [2.0, 0.63, 0.0, 0.66, 0.0, 3.6, 0.0, 2.37, 0.0, 0.0], [0.0, 0.3, 0.0, 0.03, 359.74, 359.76, 0.0, 1.0], [0.2, 25.0, 0.0, 0.0])
(32809790, [2.0, 0.63, 0.0, 0.66, 0.0, 3.6, 0.0, 2.36, 0.0, 0.0], [0.0, 0.29, 0.0, 0.04, 359.76, 359.78, 0.0, 1.0], [0.2, 25.0, 0.0, 0.0])
(32910081, [2.0, 0.63, 0.0, 0.66, 0.0, 3.6, 0.0, 2.37, 0.0, 0.0], [0.0, 0.3, 0.0, 0.05, 359.72, 359.74, 0.0, 1.0], [0.2, 25.0, 0.0, 0.0])
(33009823, [2.0, 0.63, 0.0, 0.66, 0.0, 3.6, 0.0, 2.35, 0.0, 0.0], [0.0, 0.3, 0.0, 0.06, 359.74, 359.76, 0.0, 1.0], [0.2, 25.0, 0.0, 0.0])
(33110566, [2.0, 0.63, 0.0, 0.66, 0.0, 3.6, 0.0, 2.36, 0.0, 0.0], [0.0, 0.31, 0.0, 0.05, 359.72, 359.74, 0.0, 1.0], [0.2, 25.0, 0.0, 0.0])
(33209768, [2.0, 0.64, 0.0, 0.66, 0.0, 3.6, 0.0, 2.36, 0.0, 0.0], [0.0, 0.3, 0.0, 0.03, 359.73, 359.74, 0.0, 1.0], [0.2, 25.0, 0.0, 0.0])
(33310257, [2.0, 0.63, 0.0, 0.66, 0.0, 3.6, 0.0, 2.36, 0.0, 0.0], [0.0, 0.3, 0.0, 0.03, 359.73, 359.74, 0.0, 1.0], [0.2, 25.0, 0.0, 0.0])
(33409815, [2.0, 0.64, 0.0, 0.66, 0.0, 3.6, 0.0, 2.35, 0.0, 0.0], [0.0, 0.3, 0.0, 0.03, 359.72, 359.73, 0.0, 1.0], [0.2, 25.0, 0.0, 0.0])
(33509997, [2.0, 0.63, 0.0, 0.66, 0.0, 3.6, 0.0, 2.35, 0.0, 0.0], [0.0, 0.3, 0.0, 0.03, 359.72, 359.74, 0.0, 1.0], [0.2, 25.0, 0.0, 0.0])
(33609846, [2.0, 0.64, 0.0, 0.66, 0.0, 3.6, 0.0, 2.37, 0.0, 0.0], [0.0, 0.31, 0.0, 0.03, 359.72, 359.73, 0.0, 1.0], [0.2, 25.0, 0.0, 0.0])
(33709964, [2.0, 0.63, 0.0, 0.66, 0.0, 3.6, 0.0, 2.37, 0.0, 0.0], [0.0, 0.32, 0.0, 0.03, 359.71, 359.73, 0.0, 1.0], [0.2, 25.0, 0.0, 0.0])
(33809927, [2.0, 0.63, 0.0, 0.66, 0.0, 3.6, 0.0, 2.35, 0.0, 0.0], [0.0, 0.32, 0.0, 0.03, 359.71, 359.73, 0.0, 1.0], [0.2, 25.0, 0.0, 0.0])
(33910223, [2.0, 0.63, 0.0, 0.66, 0.0, 3.6, 0.0, 2.36, 0.0, 0.0], [0.0, 0.32, 0.0, 0.03, 359.72, 359.73, 0.0, 1.0], [0.2, 25.0, 0.0, 0.0])
(34009813, [2.0, 0.63, 0.0, 0.66, 0.0, 3.6, 0.0, 2.36, 0.0, 0.0], [0.0, 0.32, 0.0, 0.02, 359.7, 359.72, 0.0, 1.0], [0.2, 25.0, 0.0, 0.0])
(34109872, [2.0, 0.63, 0.0, 0.66, 0.0, 3.6, 0.0, 2.35, 0.0, 0.0], [0.0, 0.31, 0.0, 0.02, 359.71, 359.73, 0.0, 1.0], [0.2, 25.0, 0.0, 0.0])
(34209777, [2.0, 0.63, 0.0, 0.65, 0.0, 3.6, 0.0, 2.37, 0.0, 0.0], [0.0, 0.32, 0.0, 0.02, 359.71, 359.73, 0.0, 1.0], [0.2, 25.0, 0.0, 0.0])
(34309831, [2.0, 0.63, 0.0, 0.66, 0.0, 3.6, 0.0, 2.37, 0.0, 0.0], [0.0, 0.32, 0.0, 0.01, 359.7, 359.72, 0.0, 1.0], [0.2, 25.0, 0.0, 0.0])
(34409825, [2.0, 0.63, 0.0, 0.66, 0.0, 3.6, 0.0, 2.37, 0.0, 0.0], [0.0, 0.33, 0.0, 0.01, 359.71, 359.73, 0.0, 1.0], [0.2, 25.0, 0.0, 0.0])
(34510090, [2.0, 0.63, 0.0, 0.66, 0.0, 3.6, 0.0, 2.37, 0.0, 0.0], [0.0, 0.33, 0.0, 0.02, 359.7, 359.72, 0.0, 1.0], [0.2, 25.0, 0.0, 0.0])
(34610547, [2.0, 0.63, 0.0, 0.66, 0.0, 3.6, 0.0, 2.36, 0.0, 0.0], [0.0, 0.33, 0.0, 0.02, 359.7, 359.72, 0.0, 1.0], [0.2, 25.0, 0.0, 0.0])
(34709955, [2.0, 0.63, 0.0, 0.66, 0.0, 3.6, 0.0, 2.36, 0.0, 0.0], [0.0, 0.33, 0.0, 0.02, 359.7, 359.72, 0.0, 1.0], [0.2, 25.0, 0.0, 0.0])
(34809808, [2.0, 0.63, 0.0, 0.66, 0.0, 3.6, 0.0, 2.37, 0.0, 0.0], [0.0, 0.34, 0.0, 0.02, 359.69, 359.71, 0.0, 1.0], [0.2, 25.0, 0.0, 0.0])
(34909852, [2.0, 0.63, 0.0, 0.66, 0.0, 3.6, 0.0, 2.36, 0.0, 0.0], [0.0, 0.34, 0.0, 0.02, 359.69, 359.71, 0.0, 1.0], [0.2, 25.0, 0.0, 0.0])
(35009901, [2.0, 0.63, 0.0, 0.66, 0.0, 0.61, 0.0, 2.36, 0.0, 0.0], [0.0, 0.35, 0.0, 0.02, 359.71, 359.72, 0.0, 1.0], [0.2, 25.0, 0.0, 0.0])
(35111503, [2.0, 0.63, 0.0, 0.66, 0.0, 0.61, 0.0, 2.35, 0.0, 0.0], [0.0, 0.36, 0.0, 0.02, 359.68, 359.7, 0.0, 1.0], [0.2, 25.0, 0.0, 0.0])
(35211540, [2.0, 0.64, 0.0, 0.66, 0.0, 3.6, 0.0, 2.36, 0.0, 0.0], [0.0, 0.38, 0.0, 0.01, 359.69, 359.61, 0.0, 1.0], [0.2, 25.0, 0.0, 0.0])
(35311558, [2.0, 0.63, 0.0, 0.66, 0.0, 3.6, 0.0, 2.37, 0.0, 0.0], [0.0, 0.46, 0.0, -0.1, 359.69, 359.35, 0.0, 1.0], [0.2, 25.0, 0.0, 0.0])
(35411576, [2.0, 0.63, 0.0, 0.66, 0.0, 3.6, 0.0, 2.37, 0.0, 0.0], [0.0, 1.06, 0.0, -1.04, 359.69, 358.56, 0.0, 1.0], [0.2, 25.0, 0.0, 0.0])
(35511535, [2.0, 0.63, 0.0, 0.66, 0.0, 3.6, 0.0, 2.37, 0.0, 0.0], [0.0, 1.95, 0.0, -2.38, 359.69, 357.45, 0.01, 1.0], [0.2, 25.0, 0.0, 0.0])
(35612076, [2.0, 0.62, 0.0, 0.65, 0.0, 3.6, 0.0, 2.36, 0.0, 0.0], [0.0, 2.71, 0.0, -3.7, 359.69, 355.86, 0.01, 1.0], [0.2, 25.0, 0.0, 0.0])
(35711495, [2.0, 0.61, 0.0, 0.64, 0.0, 3.6, 0.0, 2.37, 0.0, 0.0], [-0.65, 3.31, -0.12, -4.19, 359.69, 354.08, 0.02, 1.0], [0.2, 25.0, 0.0, 0.0])
(35811555, [2.0, 0.58, 0.0, 0.63, 0.0, 3.6, 0.0, 2.39, 0.0, 0.0], [-2.22, 1.69, -0.31, -4.79, 359.69, 352.39, 0.02, 1.0], [0.2, 25.0, 0.0, 0.0])
(35911582, [2.0, 0.57, 0.0, 0.62, 0.0, 3.6, 0.0, 2.41, 0.0, 0.0], [-3.03, 0.94, -0.34, -5.28, 359.69, 351.19, 0.03, 1.0], [0.2, 25.0, 0.0, 0.0])
(36011827, [2.0, 0.53, 0.0, 0.58, 0.0, 3.6, 0.0, 2.44, 0.0, 0.0], [-3.44, 0.71, -0.3, -5.32, 359.69, 350.53, 0.03, 1.0], [0.2, 25.0, 0.0, 0.0])
(36111728, [2.0, 0.5, 0.0, 0.56, 0.0, 3.6, 0.0, 2.45, 0.0, 0.0], [-3.66, 0.35, -0.19, -5.11, 359.69, 350.26, 0.05, 1.0], [0.2, 25.0, 0.0, 0.0])
(36211523, [2.0, 0.43, 0.0, 0.53, 0.0, 3.6, 0.0, 2.5, 0.0, 0.0], [-3.79, 0.17, -0.02, -4.82, 359.69, 350.44, 0.05, 1.0], [0.2, 25.0, 0.0, 0.0])
(36311490, [2.0, 0.39, 0.0, 0.51, 0.0, 3.6, 0.0, 2.5, 0.0, 0.0], [-3.89, -0.36, 0.21, -4.06, 359.69, 351.0, 0.05, 1.0], [0.2, 25.0, 0.0, 0.0])
(36411547, [2.0, 0.3, 0.0, 0.48, 0.0, 3.6, 0.0, 2.52, 0.0, 0.0], [-3.97, -1.01, 0.47, -3.59, 359.69, 352.04, 0.05, 1.0], [0.2, 25.0, 0.0, 0.0])
(36511803, [2.0, 0.25, 0.0, 0.46, 0.0, 3.6, 0.0, 2.54, 0.0, 0.0], [-4.01, -0.68, 0.8, -2.77, 359.69, 352.77, 0.06, 1.0], [0.2, 25.0, 0.0, 0.0])
(36611579, [2.0, 0.18, 0.0, 0.42, 0.0, 3.6, 0.0, 2.57, 0.0, 0.0], [-4.06, 0.44, 1.16, -4.29, 359.69, 347.52, 0.06, 1.0], [0.2, 25.0, 0.0, 0.0])
(36711513, [2.0, 0.2, 0.0, 0.41, 0.0, 3.6, 0.0, 2.62, 0.0, 0.0], [-4.11, 0.1, 1.35, -4.59, 359.69, 347.79, 0.11, 1.0], [0.2, 25.0, 0.0, 0.0])
(36811837, [2.0, 0.19, 0.0, 0.36, 0.0, 3.6, 0.0, 2.66, 0.0, 0.0], [-4.19, 0.31, 1.46, -4.19, 359.69, 349.15, 0.11, 1.0], [0.2, 25.0, 0.0, 0.0])
(36912954, [2.0, 0.19, 0.0, 0.35, 0.0, 1.72, 0.0, 2.68, 0.0, 0.0], [-4.26, 0.35, 1.5, -3.3, 359.69, 347.99, 0.09, 1.0], [0.2, 25.0, 0.0, 0.0])
(37012926, [2.0, 0.19, 0.0, 0.3, 0.0, 1.67, 0.0, 2.72, 0.0, 0.0], [-4.32, 0.78, 1.54, -4.01, 359.69, 345.65, 0.09, 1.0], [0.2, 25.0, 0.0, 0.0])
(37113102, [2.0, 0.2, 0.0, 0.29, 0.0, 1.67, 0.0, 2.72, 0.0, 0.0], [-4.38, 0.41, 1.56, -3.48, 359.69, 345.26, 0.08, 1.0], [0.2, 25.0, 0.0, 0.0])
(37212998, [2.0, 0.19, 0.0, 0.25, 0.0, 3.6, 0.0, 2.79, 0.0, 0.0], [-4.46, 0.16, 1.54, -2.91, 359.69, 345.81, 0.08, 1.0], [0.2, 25.0, 0.0, 0.0])
(37312909, [2.0, 0.18, 0.0, 0.23, 0.0, 1.54, 0.0, 2.79, 0.0, 0.0], [-4.52, -0.28, 1.54, -2.07, 359.69, 346.88, 0.08, 1.0], [0.2, 25.0, 0.0, 0.0])
(37412875, [2.0, 0.19, 0.0, 0.2, 0.0, 1.55, 0.0, 2.83, 0.0, 0.0], [-4.56, -1.31, 1.56, -1.26, 359.69, 346.49, 0.08, 1.0], [0.2, 25.0, 0.0, 0.0])
(37513785, [2.0, 0.19, 0.0, 0.2, 0.0, 3.6, 0.0, 2.83, 0.0, 0.0], [-4.61, -1.37, 1.55, -1.3, 359.69, 346.44, 0.08, 1.0], [0.2, 25.0, 0.0, 0.0])
(37612914, [2.0, 0.19, 0.0, 0.2, 0.0, 1.43, 0.0, 2.85, 0.0, 0.0], [-4.64, -1.42, 1.55, -1.46, 359.69, 347.35, 0.08, 1.0], [0.2, 25.0, 0.0, 0.0])
(37713246, [2.0, 0.2, 0.0, 0.2, 0.0, 1.57, 0.0, 2.85, 0.0, 0.0], [-4.67, -2.12, 1.56, -0.84, 359.69, 346.74, 0.08, 1.0], [0.2, 25.0, 0.0, 0.0])
(37813345, [2.0, 0.18, 0.0, 0.2, 0.0, 1.43, 0.0, 2.84, 0.0, 0.0], [-4.67, -2.52, 1.55, -1.0, 359.69, 346.41, 0.07, 1.0], [0.2, 25.0, 0.0, 0.0])
(37913292, [2.0, 0.19, 0.0, 0.21, 0.0, 1.44, 0.0, 2.84, 0.0, 0.0], [-4.67, -2.44, 1.53, -0.63, 359.69, 346.4, 0.07, 1.0], [0.2, 25.0, 0.0, 0.0])
(38014098, [2.0, 0.18, 0.0, 0.21, 0.0, 1.47, 0.0, 2.84, 0.0, 0.0], [-4.67, -2.1, 1.55, -1.14, 359.69, 346.84, 0.06, 1.0], [0.2, 25.0, 0.0, 0.0])
(38114537, [2.0, 0.19, 0.0, 0.22, 0.0, 1.47, 0.0, 2.81, 0.0, 0.0], [-5.23, -2.44, 1.54, -1.17, 359.69, 346.57, 0.06, 1.0], [0.2, 25.0, 0.0, 0.0])
(38214192, [2.0, 0.18, 0.0, 0.22, 0.0, 3.6, 0.0, 2.81, 0.0, 0.0], [-4.96, -2.68, 1.55, -1.12, 359.69, 346.92, 0.05, 1.0], [0.2, 25.0, 0.0, 0.0])
(38316562, [2.0, 0.18, 0.0, 0.24, 0.0, 3.6, 0.0, 3.6, 0.0, 0.0], [-4.79, -2.28, 1.56, -1.36, 359.69, 347.24, 0.05, 1.0], [0.2, 25.0, 0.0, 0.0])
(38416215, [2.0, 0.19, 0.0, 0.25, 0.0, 1.69, 0.0, 3.6, 0.0, 0.0], [-5.47, -3.04, 1.56, -1.34, 359.69, 347.36, 0.05, 1.0], [0.2, 25.0, 0.0, 0.0])
(38515758, [2.0, 0.19, 0.0, 0.26, 0.0, 1.69, 0.0, 2.79, 0.0, 0.0], [-5.25, -3.25, 1.57, -1.39, 359.69, 347.58, 0.05, 1.0], [0.2, 25.0, 0.0, 0.0])
(38615687, [2.0, 0.18, 0.0, 0.27, 0.0, 3.6, 0.0, 2.79, 0.0, 0.0], [-4.91, -2.86, 1.57, -1.29, 359.69, 347.86, 0.04, 1.0], [0.2, 25.0, 0.0, 0.0])
(38715618, [2.0, 0.18, 0.0, 0.29, 0.0, 3.6, 0.0, 3.6, 0.0, 0.0], [-5.33, -3.62, 1.57, -1.01, 359.69, 348.14, 0.04, 1.0], [0.2, 25.0, 0.0, 0.0])
(38815687, [2.0, 0.19, 0.0, 0.3, 0.0, 3.6, 0.0, 2.71, 0.0, 0.0], [-5.38, -4.52, 1.57, -0.54, 359.69, 348.76, 0.04, 1.0], [0.2, 25.0, 0.0, 0.0])
(38915747, [2.0, 0.2, 0.0, 0.33, 0.0, 3.6, 0.0, 2.71, 0.0, 0.0], [-4.89, -3.81, 1.56, -0.63, 359.69, 349.62, 0.04, 1.0], [0.2, 25.0, 0.0, 0.0])
(39015663, [2.0, 0.19, 0.0, 0.34, 0.0, 3.6, 0.0, 2.66, 0.0, 0.0], [-4.62, -3.59, 1.54, -1.01, 359.69, 350.71, 0.04, 1.0], [0.2, 25.0, 0.0, 0.0])
(39115609, [2.0, 0.19, 0.0, 0.37, 0.0, 3.6, 0.0, 2.62, 0.0, 0.0], [-4.46, -3.71, 1.54, -0.75, 359.69, 351.55, 0.04, 1.0], [0.2, 25.0, 0.0, 0.0])
(39215607, [2.0, 0.19, 0.0, 0.4, 0.0, 3.6, 0.0, 2.62, 0.0, 0.0], [-4.35, -3.55, 1.54, -0.87, 359.69, 352.43, 0.04, 1.0], [0.2, 25.0, 0.0, 0.0])
(39316318, [2.0, 0.19, 0.0, 0.44, 0.0, 3.6, 0.0, 2.56, 0.0, 0.0], [-4.25, -3.16, 1.54, -0.91, 359.69, 352.99, 0.04, 1.0], [0.2, 25.0, 0.0, 0.0])
(39415725, [2.0, 0.19, 0.0, 0.48, 0.0, 3.6, 0.0, 2.53, 0.0, 0.0], [-4.17, -3.09, 1.54, -1.07, 359.69, 354.25, 0.03, 1.0], [0.2, 25.0, 0.0, 0.0])
(39517179, [2.0, 0.2, 0.0, 0.5, 0.0, 3.6, 0.0, 2.49, 0.0, 0.0], [-4.1, -3.14, 1.53, -0.34, 359.69, 0.12, 0.03, 1.0], [0.2, 25.0, 0.0, 0.0])
(39618643, [2.0, 0.23, 0.0, 0.55, 0.0, 3.6, 0.0, 2.43, 0.0, 0.0], [-4.0, -4.0, 1.49, 0.81, 359.69, 3.47, 0.05, 1.0], [0.2, 25.0, 0.0, 0.0])
(39717167, [2.0, 0.24, 0.0, 0.56, 0.0, 3.6, 0.0, 2.34, 0.0, 0.0], [-3.84, -4.85, 1.41, 0.78, 359.69, 6.27, 0.05, 1.0], [0.2, 25.0, 0.0, 0.0])
(39817177, [2.0, 0.26, 0.0, 0.6, 0.0, 3.6, 0.0, 2.34, 0.0, 0.0], [-3.76, -4.92, 1.33, 0.43, 359.69, 7.77, 0.05, 1.0], [0.2, 25.0, 0.0, 0.0])
(39918827, [2.0, 0.27, 0.0, 0.62, 0.0, 3.6, 0.0, 3.6, 0.0, 0.0], [-4.86, -5.67, 1.25, 0.5, 359.69, 7.56, 0.05, 1.0], [0.2, 25.0, 0.0, 0.0])
(40018997, [2.0, 0.28, 0.0, 0.66, 0.0, 3.6, 0.0, 1.01, 0.0, 0.0], [-4.01, -6.08, 1.18, 0.42, 359.69, 5.52, 0.04, 1.0], [0.2, 25.0, 0.0, 0.0])
(40118984, [2.0, 0.29, 0.0, 0.67, 0.0, 3.6, 0.0, 1.01, 0.0, 0.0], [-2.49, -3.21, 1.12, 0.39, 359.69, 2.47, 0.04, 1.0], [0.2, 25.0, 0.0, 0.0])
(40218950, [2.0, 0.28, 0.0, 0.71, 0.0, 3.6, 0.0, 2.32, 0.0, 0.0], [-3.25, -2.1, 1.09, -0.37, 359.69, 359.03, 0.04, 1.0], [0.44, 25.0, 0.0, 0.0])
(40318920, [2.0, 0.25, 0.0, 0.74, 0.0, 3.6, 0.0, 2.29, 0.0, 0.0], [-3.49, -3.67, 1.13, -0.98, 359.69, 355.91, 0.04, 1.0], [0.45, 25.0, 0.0, 0.0])
(40419176, [2.0, 0.24, 0.0, 0.8, 0.0, 3.6, 0.0, 2.21, 0.0, 0.0], [-3.49, -3.09, 1.21, -0.57, 359.69, 353.65, 0.04, 1.0], [0.46, 25.0, 0.0, 0.0])
(40518607, [2.0, 0.24, 0.0, 0.83, 0.0, 3.6, 0.0, 2.2, 0.0, 0.0], [-3.45, -1.72, 1.25, -0.48, 359.69, 352.06, 0.04, 1.0], [0.2, 25.0, 0.0, 0.0])
(40618664, [2.0, 0.24, 0.0, 0.89, 0.0, 3.6, 0.0, 2.14, 0.0, 0.0], [-3.39, -1.05, 1.27, -0.88, 359.69, 350.96, 0.04, 1.0], [0.2, 25.0, 0.0, 0.0])
(40718810, [2.0, 0.24, 0.0, 0.93, 0.0, 3.6, 0.0, 2.1, 0.0, 0.0], [-3.31, -0.74, 1.28, -1.64, 359.69, 350.3, 0.04, 1.0], [0.47, 25.0, 0.0, 0.0])
(40818588, [2.0, 0.22, 0.0, 1.0, 0.0, 3.6, 0.0, 2.04, 0.0, 0.0], [-3.23, -0.91, 1.32, -1.76, 359.69, 350.02, 0.04, 1.0], [0.2, 25.0, 0.0, 0.0])
(40918820, [2.0, 0.22, 0.0, 1.03, 0.0, 3.6, 0.0, 2.0, 0.0, 0.0], [-3.13, -1.52, 1.36, -1.45, 359.69, 350.17, 0.04, 1.0], [0.48, 25.0, 0.0, 0.0])
(41018652, [2.0, 0.2, 0.0, 1.1, 0.0, 3.6, 0.0, 1.92, 0.0, 0.0], [-3.03, -2.88, 1.41, -0.1, 359.69, 355.37, 0.04, 1.0], [0.2, 25.0, 0.0, 0.0])
(41118975, [2.0, 0.2, 0.0, 1.13, 0.0, 3.6, 0.0, 1.89, 0.0, 0.0], [-2.91, -4.71, 1.47, 1.45, 359.69, 359.43, 0.04, 1.0], [0.2, 25.0, 0.0, 0.0])
(41219508, [2.0, 0.2, 0.0, 1.21, 0.0, 0.91, 0.0, 1.82, 0.0, 0.0], [-2.81, -5.79, 1.48, 1.88, 359.69, 0.18, 0.06, 1.0], [0.2, 25.0, 0.0, 0.0])
(41319518, [2.0, 0.22, 0.0, 1.27, 0.0, 0.9, 0.0, 1.8, 0.0, 0.0], [-2.71, -4.51, 1.47, 1.96, 359.69, 359.54, 0.06, 1.0], [0.2, 25.0, 0.0, 0.0])
(41420119, [2.0, 0.23, 0.0, 1.3, 0.0, 0.89, 0.0, 1.74, 0.0, 0.0], [-2.61, -3.18, 1.42, 1.59, 359.69, 357.93, 0.06, 1.0], [0.2, 25.0, 0.0, 0.0])
(41519495, [2.0, 0.25, 0.0, 1.34, 0.0, 0.88, 0.0, 1.7, 0.0, 0.0], [-2.52, -2.51, 1.36, 1.36, 359.69, 355.96, 0.06, 1.0], [0.2, 25.0, 0.0, 0.0])
(41619789, [2.0, 0.27, 0.0, 1.41, 0.0, 0.85, 0.0, 1.62, 0.0, 0.0], [-2.41, -2.04, 1.28, 1.23, 359.69, 354.22, 0.05, 1.0], [0.2, 25.0, 0.0, 0.0])
(41719644, [2.0, 0.28, 0.0, 1.49, 0.0, 0.83, 0.0, 1.54, 0.0, 0.0], [-2.29, -1.63, 1.19, 1.17, 359.69, 352.98, 0.05, 1.0], [0.2, 25.0, 0.0, 0.0])
(41819515, [2.0, 0.3, 0.0, 1.53, 0.0, 0.83, 0.0, 1.5, 0.0, 0.0], [-2.17, -1.62, 1.12, 1.25, 359.69, 352.26, 0.05, 1.0], [0.2, 25.0, 0.0, 0.0])
(41919567, [2.0, 0.32, 0.0, 1.62, 0.0, 0.81, 0.0, 1.42, 0.0, 0.0], [-2.05, -1.5, 1.03, 0.91, 359.69, 352.12, 0.05, 1.0], [0.2, 25.0, 0.0, 0.0])
(42019876, [2.0, 0.33, 0.0, 1.66, 0.0, 0.79, 0.0, 1.38, 0.0, 0.0], [-1.93, -1.49, 0.95, 0.96, 359.69, 352.35, 0.04, 1.0], [0.2, 25.0, 0.0, 0.0])
(42119774, [2.0, 0.35, 0.0, 1.74, 0.0, 0.77, 0.0, 1.28, 0.0, 0.0], [-1.81, -1.77, 0.87, 0.85, 359.69, 352.81, 0.04, 1.0], [0.2, 25.0, 0.0, 0.0])
(42219533, [2.0, 0.36, 0.0, 1.79, 0.0, 0.76, 0.0, 1.24, 0.0, 0.0], [-1.67, -2.22, 0.79, 1.42, 359.69, 353.52, 0.03, 1.0], [0.2, 25.0, 0.0, 0.0])
(42319528, [2.0, 0.4, 0.0, 1.88, 0.0, 0.75, 0.0, 1.11, 0.0, 0.0], [-1.54, -2.58, 0.7, 1.88, 359.69, 354.17, 0.03, 1.0], [0.2, 25.0, 0.0, 0.0])
(42419481, [2.0, 0.4, 0.0, 1.92, 0.0, 0.74, 0.0, 1.06, 0.0, 0.0], [-1.35, -1.81, 0.6, 1.76, 359.69, 354.47, 0.03, 1.0], [0.2, 25.0, 0.0, 0.0])
(42519488, [2.0, 1.71, 0.0, 2.01, 0.0, 0.72, 0.0, 0.97, 0.0, 0.0], [-1.2, -0.94, 0.84, 1.23, 359.69, 354.32, 0.03, 1.0], [0.2, 25.0, 0.0, 0.0])
(42619264, [2.0, 1.72, 0.0, 2.05, 0.0, 0.71, 0.0, 0.92, 0.0, 0.0], [-1.04, -0.3, 0.96, 0.94, 359.69, 354.15, 0.03, 1.0], [0.2, 25.0, 0.0, 0.0])
(42719511, [2.0, 1.73, 0.0, 2.14, 0.0, 0.69, 0.0, 0.83, 0.0, 0.0], [-0.9, -0.98, 0.98, 0.73, 359.69, 354.09, 0.03, 1.0], [0.2, 25.0, 0.0, 0.0])
(42819607, [2.0, 1.75, 0.0, 2.17, 0.0, 0.68, 0.0, 0.79, 0.0, 0.0], [-0.76, -2.76, 0.95, 1.68, 359.69, 354.14, 0.03, 1.0], [0.2, 25.0, 0.0, 0.0])
(42920101, [2.0, 1.76, 0.0, 2.27, 0.0, 0.65, 0.0, 0.71, 0.0, 0.0], [-0.63, -3.3, 0.87, 2.77, 359.69, 354.29, 0.03, 1.0], [0.2, 25.0, 0.0, 0.0])
(43019285, [2.0, 1.79, 0.0, 2.32, 0.0, 0.63, 0.0, 0.66, 0.0, 0.0], [-0.49, -2.83, 0.78, 3.07, 359.69, 354.18, 0.03, 1.0], [0.2, 25.0, 0.0, 0.0])
(43119695, [2.0, 1.79, 0.0, 2.41, 0.0, 0.6, 0.0, 0.57, 0.0, 0.0], [-0.36, -2.5, 0.8, 3.07, 359.69, 353.93, 0.03, 1.0], [0.2, 25.0, 0.0, 0.0])
(43220081, [2.0, 1.84, 0.0, 2.55, 0.0, 0.56, 0.0, 0.52, 0.0, 0.0], [-0.22, -0.99, 3.6, 4.67, 359.69, 353.5, 0.03, 1.0], [0.2, 25.0, 0.0, 0.0])
(43319529, [2.0, 1.87, 0.0, 2.59, 0.0, 0.53, 0.0, 0.43, 0.0, 0.0], [-0.08, -1.09, 5.19, 6.94, 359.69, 353.03, 0.03, 1.0], [0.2, 25.0, 0.0, 0.0])
(43419517, [2.0, 1.92, 0.0, 2.69, 0.0, 0.5, 0.0, 0.38, 0.0, 0.0], [0.05, -1.8, 6.07, 8.19, 359.69, 352.9, 0.04, 1.0], [0.2, 25.0, 0.0, 0.0])
(43519517, [2.0, 1.95, 0.0, 2.69, 0.0, 0.44, 0.0, 0.28, 0.0, 0.0], [0.2, -1.62, 6.62, 8.66, 359.69, 353.1, 0.04, 1.0], [0.2, 25.0, 0.0, 0.0])
(43619666, [2.0, 2.03, 0.0, 3.6, 0.0, 0.36, 0.0, 0.23, 0.0, 0.0], [0.35, -0.18, 7.04, 8.32, 359.69, 359.77, 0.05, 1.0], [0.2, 25.0, 0.0, 0.0])
(43719541, [2.0, 2.12, 0.0, 3.6, 0.0, 0.31, 0.0, 0.17, 0.0, 0.0], [0.49, -1.32, 7.46, 10.25, 359.69, 6.6, 0.05, 1.0], [0.2, 25.0, 0.0, 0.0])
(43819564, [2.0, 2.3, 0.0, 3.6, 0.0, 0.23, 0.0, 0.19, 0.0, 0.0], [0.56, -3.92, 8.0, 13.03, 359.69, 6.28, 0.11, 1.0], [0.2, 25.0, 0.0, 0.0])
(43919614, [2.0, 2.33, 0.0, 3.6, 0.0, 0.22, 0.0, 0.19, 0.0, 0.0], [0.59, -5.7, 8.54, 15.4, 359.69, 3.18, 0.11, 1.0], [0.2, 25.0, 0.0, 0.0])
(44019699, [2.0, 2.36, 0.0, 3.6, 0.0, 0.21, 0.0, 0.17, 0.0, 0.0], [0.61, -6.93, 8.91, 16.62, 359.69, 1.71, 0.16, 1.0], [0.2, 25.0, 0.0, 0.0])
(44119837, [2.0, 2.36, 0.0, 0.8, 0.0, 0.21, 0.0, 0.17, 0.0, 0.0], [0.63, -6.32, 9.1, 16.76, 359.69, 1.35, 0.16, 1.0], [0.2, 25.0, 0.0, 0.0])
(44219558, [2.0, 2.32, 0.0, 0.84, 0.0, 0.2, 0.0, 0.17, 0.0, 0.0], [0.64, -3.87, 9.16, 15.25, 359.69, 1.66, 0.13, 1.0], [0.2, 25.0, 0.0, 0.0])
(44320347, [2.0, 2.31, 0.0, 0.84, 0.0, 0.2, 0.0, 0.17, 0.0, 0.0], [0.65, -2.07, 9.11, 14.13, 359.69, 1.36, 0.13, 1.0], [0.2, 25.0, 0.0, 0.0])
(44419291, [2.0, 2.3, 0.0, 0.98, 0.0, 0.2, 0.0, 0.17, 0.0, 0.0], [0.64, -0.22, 9.06, 12.79, 359.69, 0.76, 0.13, 1.0], [0.2, 25.0, 0.0, 0.0])
(44519615, [2.0, 2.26, 0.0, 0.98, 0.0, 0.2, 0.0, 0.18, 0.0, 0.0], [0.65, 1.26, 9.0, 11.55, 359.69, 359.73, 0.13, 1.0], [0.2, 25.0, 0.0, 0.0])
(44619301, [2.0, 2.25, 0.0, 3.6, 0.0, 0.2, 0.0, 0.19, 0.0, 0.0], [0.64, 1.39, 8.89, 11.02, 359.69, 357.77, 0.11, 1.0], [0.2, 25.0, 0.0, 0.0])
(44719638, [2.0, 2.25, 0.0, 3.6, 0.0, 0.19, 0.0, 0.19, 0.0, 0.0], [0.63, 0.58, 8.82, 11.19, 359.69, 356.0, 0.11, 1.0], [0.2, 25.0, 0.0, 0.0])
(44819589, [2.0, 2.24, 0.0, 3.6, 0.0, 0.19, 0.0, 0.19, 0.0, 0.0], [0.62, -0.08, 8.78, 11.14, 359.69, 354.42, 0.1, 1.0], [0.2, 25.0, 0.0, 0.0])
(44919774, [2.0, 2.23, 0.0, 3.6, 0.0, 0.19, 0.0, 0.19, 0.0, 0.0], [0.62, -0.34, 8.73, 10.9, 359.69, 353.19, 0.1, 1.0], [0.2, 25.0, 0.0, 0.0])
(45019554, [2.0, 2.22, 0.0, 3.6, 0.0, 0.19, 0.0, 0.2, 0.0, 0.0], [0.61, -0.73, 8.68, 10.37, 359.69, 352.15, 0.09, 1.0], [0.2, 25.0, 0.0, 0.0])
(45119674, [2.0, 2.18, 0.0, 3.6, 0.0, 0.19, 0.0, 0.21, 0.0, 0.0], [0.6, -0.93, 8.59, 9.76, 359.69, 352.27, 0.09, 1.0], [0.2, 25.0, 0.0, 0.0])
(45219728, [2.0, 2.19, 0.0, 3.6, 0.0, 0.19, 0.0, 0.19, 0.0, 0.0], [0.6, -1.22, 8.5, 9.14, 359.69, 352.1, 0.07, 1.0], [0.2, 25.0, 0.0, 0.0])
(45319692, [2.0, 2.19, 0.0, 3.6, 0.0, 0.19, 0.0, 0.2, 0.0, 0.0], [0.6, -0.93, 8.47, 8.52, 359.69, 351.97, 0.07, 1.0], [0.2, 25.0, 0.0, 0.0])
(45419660, [2.0, 2.18, 0.0, 3.6, 0.0, 0.19, 0.0, 0.19, 0.0, 0.0], [0.6, -1.24, 8.45, 8.46, 359.69, 351.88, 0.06, 1.0], [0.2, 25.0, 0.0, 0.0])
(45519682, [2.0, 2.18, 0.0, 3.6, 0.0, 0.19, 0.0, 0.19, 0.0, 0.0], [0.61, -1.45, 8.44, 8.52, 359.69, 351.88, 0.06, 1.0], [0.2, 25.0, 0.0, 0.0])
(45620518, [2.0, 2.18, 0.0, 3.6, 0.0, 0.19, 0.0, 0.2, 0.0, 0.0], [0.6, -1.78, 8.42, 8.47, 359.69, 351.73, 0.06, 1.0], [0.2, 25.0, 0.0, 0.0])
(45719643, [2.0, 2.19, 0.0, 3.6, 0.0, 0.19, 0.0, 0.19, 0.0, 0.0], [0.6, -1.68, 8.43, 8.06, 359.69, 351.67, 0.06, 1.0], [0.2, 25.0, 0.0, 0.0])
(45819714, [2.0, 2.18, 0.0, 3.6, 0.0, 0.19, 0.0, 0.21, 0.0, 0.0], [0.6, -2.09, 8.42, 7.94, 359.69, 351.6, 0.05, 1.0], [0.2, 25.0, 0.0, 0.0])
(45919751, [2.0, 2.18, 0.0, 3.6, 0.0, 0.19, 0.0, 0.19, 0.0, 0.0], [0.6, -2.2, 8.41, 8.0, 359.69, 351.43, 0.05, 1.0], [0.2, 25.0, 0.0, 0.0])
(46019712, [2.0, 2.18, 0.0, 3.6, 0.0, 0.19, 0.0, 0.19, 0.0, 0.0], [0.61, -2.18, 8.4, 7.8, 359.69, 351.58, 0.05, 1.0], [0.2, 25.0, 0.0, 0.0])
(46119907, [2.0, 2.17, 0.0, 3.6, 0.0, 0.19, 0.0, 0.2, 0.0, 0.0], [0.6, -2.19, 8.39, 7.69, 359.69, 351.5, 0.05, 1.0], [0.2, 25.0, 0.0, 0.0])
(46220498, [2.0, 2.18, 0.0, 3.6, 0.0, 0.19, 0.0, 0.19, 0.0, 0.0], [0.6, -2.52, 8.38, 7.83, 359.69, 351.4, 0.05, 1.0], [0.2, 25.0, 0.0, 0.0])
(46319889, [2.0, 2.18, 0.0, 3.6, 0.0, 0.19, 0.0, 0.2, 0.0, 0.0], [0.61, -2.57, 8.4, 8.0, 359.69, 351.3, 0.05, 1.0], [0.2, 25.0, 0.0, 0.0])
(46419656, [2.0, 2.18, 0.0, 3.6, 0.0, 0.19, 0.0, 0.2, 0.0, 0.0], [0.6, -2.24, 8.4, 7.85, 359.69, 351.19, 0.05, 1.0], [0.2, 25.0, 0.0, 0.0])
(46519904, [2.0, 2.2, 0.0, 3.6, 0.0, 0.19, 0.0, 0.19, 0.0, 0.0], [0.61, -2.12, 8.41, 7.74, 359.69, 351.1, 0.05, 1.0], [0.2, 25.0, 0.0, 0.0])
(46620149, [2.0, 2.17, 0.0, 3.6, 0.0, 0.19, 0.0, 0.2, 0.0, 0.0], [0.61, -2.07, 8.43, 7.89, 359.69, 351.0, 0.04, 1.0], [0.2, 25.0, 0.0, 0.0])
(46719701, [2.0, 2.18, 0.0, 2.86, 0.0, 0.19, 0.0, 0.19, 0.0, 0.0], [0.6, -1.95, 8.39, 7.7, 359.69, 350.92, 0.04, 1.0], [0.2, 25.0, 0.0, 0.0])
(46819731, [2.0, 2.18, 0.0, 2.86, 0.0, 0.19, 0.0, 0.19, 0.0, 0.0], [0.61, -2.39, 8.39, 7.84, 359.69, 350.92, 0.04, 1.0], [0.2, 25.0, 0.0, 0.0])
(46919839, [2.0, 2.17, 0.0, 3.6, 0.0, 0.19, 0.0, 0.19, 0.0, 0.0], [0.6, -2.63, 8.37, 7.8, 359.69, 350.81, 0.04, 1.0], [0.2, 25.0, 0.0, 0.0])
(47019894, [2.0, 2.18, 0.0, 2.85, 0.0, 0.19, 0.0, 0.2, 0.0, 0.0], [0.61, -2.42, 8.36, 7.74, 359.69, 350.75, 0.03, 1.0], [0.2, 25.0, 0.0, 0.0])
(47119812, [2.0, 2.18, 0.0, 2.85, 0.0, 0.19, 0.0, 0.21, 0.0, 0.0], [0.61, -1.51, 8.37, 7.46, 359.69, 350.68, 0.03, 1.0], [0.2, 25.0, 0.0, 0.0])
(47220901, [2.0, 2.18, 0.0, 2.86, 0.0, 0.19, 0.0, 0.19, 0.0, 0.0], [0.6, -1.42, 8.37, 7.38, 359.69, 350.58, 0.03, 1.0], [0.2, 25.0, 0.0, 0.0])
(47319796, [2.0, 2.18, 0.0, 2.86, 0.0, 0.19, 0.0, 0.19, 0.0, 0.0], [0.6, -1.37, 8.38, 7.43, 359.69, 350.44, 0.03, 1.0], [0.2, 25.0, 0.0, 0.0])
(47419797, [2.0, 2.17, 0.0, 2.85, 0.0, 0.19, 0.0, 0.19, 0.0, 0.0], [0.6, -1.47, 8.41, 7.38, 359.69, 350.39, 0.03, 1.0], [0.2, 25.0, 0.0, 0.0])
(47519724, [2.0, 2.17, 0.0, 2.85, 0.0, 0.19, 0.0, 0.2, 0.0, 0.0], [0.61, -2.04, 8.38, 7.66, 359.69, 350.3, 0.03, 1.0], [0.2, 25.0, 0.0, 0.0])
(47619975, [2.0, 2.18, 0.0, 3.6, 0.0, 0.19, 0.0, 0.2, 0.0, 0.0], [0.61, -2.07, 8.36, 7.83, 359.69, 350.09, 0.03, 1.0], [0.2, 25.0, 0.0, 0.0])
(47719668, [2.0, 2.18, 0.0, 2.86, 0.0, 0.19, 0.0, 0.19, 0.0, 0.0], [0.6, -1.85, 8.38, 7.75, 359.69, 350.12, 0.03, 1.0], [0.2, 25.0, 0.0, 0.0])
(47819792, [2.0, 2.19, 0.0, 2.86, 0.0, 0.19, 0.0, 0.19, 0.0, 0.0], [0.6, -1.71, 8.39, 7.73, 359.69, 350.06, 0.02, 1.0], [0.2, 25.0, 0.0, 0.0])
(47919773, [2.0, 2.19, 0.0, 2.86, 0.0, 0.19, 0.0, 0.2, 0.0, 0.0], [0.61, -1.31, 8.42, 7.5, 359.69, 349.97, 0.02, 1.0], [0.2, 25.0, 0.0, 0.0])
(48019778, [2.0, 2.19, 0.0, 3.6, 0.0, 0.19, 0.0, 0.19, 0.0, 0.0], [0.6, -0.92, 8.41, 7.05, 359.69, 350.03, 0.02, 1.0], [0.2, 25.0, 0.0, 0.0])
(48120401, [2.0, 2.18, 0.0, 3.6, 0.0, 0.19, 0.0, 0.19, 0.0, 0.0], [0.61, -0.75, 8.42, 7.06, 359.69, 349.84, 0.02, 1.0], [0.2, 25.0, 0.0, 0.0])
(48220035, [2.0, 2.18, 0.0, 3.6, 0.0, 0.19, 0.0, 0.2, 0.0, 0.0], [0.6, -0.73, 8.41, 7.0, 359.69, 349.71, 0.02, 1.0], [0.2, 25.0, 0.0, 0.0])
(48320498, [2.0, 2.18, 0.0, 3.6, 0.0, 0.19, 0.0, 0.19, 0.0, 0.0], [0.6, -1.04, 8.4, 6.88, 359.69, 349.58, 0.02, 1.0], [0.2, 25.0, 0.0, 0.0])
(48420355, [2.0, 2.19, 0.0, 3.6, 0.0, 0.19, 0.0, 0.21, 0.0, 0.0], [0.61, -1.22, 8.42, 6.8, 359.69, 349.57, 0.02, 1.0], [0.2, 25.0, 0.0, 0.0])
(48520055, [2.0, 2.19, 0.0, 3.6, 0.0, 0.19, 0.0, 0.2, 0.0, 0.0], [0.6, -1.4, 8.43, 6.81, 359.69, 349.51, 0.02, 1.0], [0.2, 25.0, 0.0, 0.0])
(48620258, [2.0, 2.2, 0.0, 2.86, 0.0, 0.19, 0.0, 0.19, 0.0, 0.0], [0.6, -0.97, 8.42, 6.56, 359.69, 349.53, 0.02, 1.0], [0.2, 25.0, 0.0, 0.0])
(48720481, [2.0, 2.17, 0.0, 2.86, 0.0, 0.19, 0.0, 0.2, 0.0, 0.0], [0.6, -1.46, 8.44, 6.68, 359.69, 349.28, 0.02, 1.0], [0.2, 25.0, 0.0, 0.0])
(48820603, [2.0, 2.18, 0.0, 3.6, 0.0, 0.19, 0.0, 0.18, 0.0, 0.0], [0.6, -0.82, 8.4, 6.56, 359.69, 349.3, 0.02, 1.0], [0.2, 25.0, 0.0, 0.0])
(48920767, [2.0, 2.18, 0.0, 3.6, 0.0, 0.19, 0.0, 0.19, 0.0, 0.0], [0.61, -0.96, 8.38, 6.56, 359.69, 349.19, 0.02, 1.0], [0.2, 25.0, 0.0, 0.0])
(49020614, [2.0, 2.17, 0.0, 3.6, 0.0, 0.19, 0.0, 0.2, 0.0, 0.0], [0.6, -1.31, 8.38, 6.62, 359.69, 349.14, 0.02, 1.0], [0.2, 25.0, 0.0, 0.0])
(49120719, [2.0, 2.19, 0.0, 2.85, 0.0, 0.19, 0.0, 0.19, 0.0, 0.0], [0.61, -1.21, 8.38, 6.6, 359.69, 349.12, 0.02, 1.0], [0.2, 25.0, 0.0, 0.0])
(49220626, [2.0, 2.18, 0.0, 2.85, 0.0, 0.19, 0.0, 0.2, 0.0, 0.0], [0.61, -1.39, 8.4, 6.84, 359.69, 348.89, 0.02, 1.0], [0.2, 25.0, 0.0, 0.0])
(49320691, [2.0, 2.18, 0.0, 3.6, 0.0, 0.19, 0.0, 0.2, 0.0, 0.0], [0.6, -0.88, 8.4, 6.51, 359.69, 348.96, 0.02, 1.0], [0.2, 25.0, 0.0, 0.0])
(49420623, [2.0, 2.18, 0.0, 3.6, 0.0, 0.19, 0.0, 0.19, 0.0, 0.0], [0.61, -1.15, 8.4, 6.35, 359.69, 348.95, 0.02, 1.0], [0.2, 25.0, 0.0, 0.0])
(49521085, [2.0, 2.18, 0.0, 3.6, 0.0, 0.19, 0.0, 0.2, 0.0, 0.0], [0.61, -1.36, 8.4, 6.21, 359.69, 348.93, 0.02, 1.0], [0.2, 25.0, 0.0, 0.0])
(49620684, [2.0, 2.17, 0.0, 2.84, 0.0, 0.19, 0.0, 0.2, 0.0, 0.0], [0.6, -1.12, 8.39, 5.78, 359.69, 348.76, 0.02, 1.0], [0.2, 25.0, 0.0, 0.0])
(49720740, [2.0, 2.18, 0.0, 2.84, 0.0, 0.19, 0.0, 0.19, 0.0, 0.0], [0.6, -1.49, 8.37, 5.85, 359.69, 348.74, 0.02, 1.0], [0.2, 25.0, 0.0, 0.0])
(49820582, [2.0, 2.18, 0.0, 2.84, 0.0, 0.19, 0.0, 0.2, 0.0, 0.0], [0.61, -1.67, 8.38, 5.62, 359.69, 348.67, 0.02, 1.0], [0.2, 25.0, 0.0, 0.0])
(49920721, [2.0, 2.18, 0.0, 2.84, 0.0, 0.19, 0.0, 0.19, 0.0, 0.0], [0.6, -2.05, 8.39, 5.82, 359.69, 348.61, 0.02, 1.0], [0.2, 25.0, 0.0, 0.0])
(50020731, [2.0, 2.17, 0.0, 3.6, 0.0, 0.19, 0.0, 0.18, 0.0, 0.0], [0.61, -2.02, 8.38, 6.23, 359.69, 348.51, 0.02, 1.0], [0.2, 25.0, 0.0, 0.0])
(50120561, [2.0, 2.17, 0.0, 3.6, 0.0, 0.19, 0.0, 0.2, 0.0, 0.0], [0.61, -1.43, 8.4, 6.3, 359.69, 348.29, 0.02, 1.0], [0.2, 25.0, 0.0, 0.0])
(50220645, [2.0, 2.19, 0.0, 3.6, 0.0, 0.19, 0.0, 0.19, 0.0, 0.0], [0.61, -1.41, 8.4, 6.74, 359.69, 348.31, 0.02, 1.0], [0.2, 25.0, 0.0, 0.0])
(50321129, [2.0, 2.19, 0.0, 3.6, 0.0, 0.19, 0.0, 0.2, 0.0, 0.0], [0.61, -1.79, 8.4, 7.16, 359.69, 348.35, 0.02, 1.0], [0.2, 25.0, 0.0, 0.0])
(50421581, [2.0, 2.18, 0.0, 3.6, 0.0, 0.19, 0.0, 0.2, 0.0, 0.0], [0.6, -1.94, 8.41, 7.36, 359.69, 348.25, 0.01, 1.0], [0.2, 25.0, 0.0, 0.0])
(50520565, [2.0, 2.17, 0.0, 3.6, 0.0, 0.19, 0.0, 0.19, 0.0, 0.0], [0.61, -1.56, 8.4, 7.26, 359.69, 348.17, 0.01, 1.0], [0.2, 25.0, 0.0, 0.0])
(50620638, [2.0, 2.17, 0.0, 3.6, 0.0, 0.19, 0.0, 0.2, 0.0, 0.0], [0.61, -0.97, 8.4, 7.23, 359.69, 348.01, 0.02, 1.0], [0.2, 25.0, 0.0, 0.0])
(50720586, [2.0, 2.19, 0.0, 2.84, 0.0, 0.19, 0.0, 0.19, 0.0, 0.0], [0.59, -1.45, 8.39, 7.42, 359.69, 347.93, 0.02, 1.0], [0.2, 25.0, 0.0, 0.0])
(50820681, [2.0, 2.18, 0.0, 2.84, 0.0, 0.19, 0.0, 0.19, 0.0, 0.0], [0.6, -0.8, 8.4, 7.3, 359.69, 347.96, 0.02, 1.0], [0.2, 25.0, 0.0, 0.0])
(50920843, [2.0, 2.18, 0.0, 2.86, 0.0, 0.19, 0.0, 0.2, 0.0, 0.0], [0.6, -0.55, 8.4, 7.25, 359.69, 347.99, 0.02, 1.0], [0.2, 25.0, 0.0, 0.0])
(51021281, [2.0, 2.19, 0.0, 2.83, 0.0, 0.19, 0.0, 0.19, 0.0, 0.0], [0.6, -0.34, 8.38, 6.97, 359.69, 347.85, 0.02, 1.0], [0.2, 25.0, 0.0, 0.0])
(51120651, [2.0, 2.18, 0.0, 2.83, 0.0, 0.19, 0.0, 0.21, 0.0, 0.0], [0.61, -0.54, 8.4, 7.05, 359.69, 347.81, 0.02, 1.0], [0.2, 25.0, 0.0, 0.0])
(51221062, [2.0, 2.18, 0.0, 2.83, 0.0, 0.19, 0.0, 0.21, 0.0, 0.0], [0.59, -0.53, 8.4, 6.99, 359.69, 347.78, 0.02, 1.0], [0.2, 25.0, 0.0, 0.0])
(51320851, [2.0, 2.18, 0.0, 3.6, 0.0, 0.19, 0.0, 0.19, 0.0, 0.0], [0.6, -0.25, 8.4, 6.84, 359.69, 347.81, 0.02, 1.0], [0.2, 25.0, 0.0, 0.0])
(51420882, [2.0, 2.19, 0.0, 3.6, 0.0, 0.19, 0.0, 0.21, 0.0, 0.0], [0.6, -0.57, 8.4, 6.83, 359.69, 347.8, 0.02, 1.0], [0.2, 25.0, 0.0, 0.0])
(51520850, [2.0, 2.17, 0.0, 3.6, 0.0, 0.19, 0.0, 0.19, 0.0, 0.0], [0.6, -0.88, 8.4, 6.9, 359.69, 347.78, 0.02, 1.0], [0.2, 25.0, 0.0, 0.0])
(51620673, [2.0, 2.17, 0.0, 3.6, 0.0, 0.19, 0.0, 0.2, 0.0, 0.0], [0.61, -0.7, 8.37, 6.92, 359.69, 347.73, 0.01, 1.0], [0.2, 25.0, 0.0, 0.0])
(51720603, [2.0, 2.18, 0.0, 3.6, 0.0, 0.19, 0.0, 0.2, 0.0, 0.0], [0.6, -0.74, 8.37, 7.26, 359.69, 347.58, 0.01, 1.0], [0.2, 25.0, 0.0, 0.0])
(51820897, [2.0, 2.16, 0.0, 3.6, 0.0, 0.19, 0.0, 0.19, 0.0, 0.0], [0.6, -0.94, 8.4, 7.53, 359.69, 347.52, 0.01, 1.0], [0.2, 25.0, 0.0, 0.0])
(51920662, [2.0, 2.19, 0.0, 3.6, 0.0, 0.19, 0.0, 0.2, 0.0, 0.0], [0.61, -0.59, 8.38, 7.64, 359.69, 347.47, 0.01, 1.0], [0.2, 25.0, 0.0, 0.0])
(52021215, [2.0, 2.18, 0.0, 2.85, 0.0, 0.19, 0.0, 0.21, 0.0, 0.0], [0.61, -0.61, 8.4, 7.7, 359.69, 347.46, 0.01, 1.0], [0.2, 25.0, 0.0, 0.0])
(52121251, [2.0, 2.16, 0.0, 2.85, 0.0, 0.19, 0.0, 0.19, 0.0, 0.0], [0.6, -0.91, 8.37, 7.59, 359.69, 347.45, 0.01, 1.0], [0.2, 25.0, 0.0, 0.0])
(52221701, [2.0, 2.19, 0.0, 3.6, 0.0, 0.19, 0.0, 0.19, 0.0, 0.0], [0.59, -1.05, 8.4, 7.6, 359.69, 347.33, 0.01, 1.0], [0.2, 25.0, 0.0, 0.0])
(52321668, [2.0, 2.17, 0.0, 2.86, 0.0, 0.19, 0.0, 0.2, 0.0, 0.0], [0.6, -1.43, 8.4, 7.74, 359.69, 347.25, 0.01, 1.0], [0.2, 25.0, 0.0, 0.0])
(52421198, [2.0, 2.18, 0.0, 2.84, 0.0, 0.19, 0.0, 0.2, 0.0, 0.0], [0.6, -1.1, 8.39, 7.66, 359.69, 347.27, 0.01, 1.0], [0.2, 25.0, 0.0, 0.0])
(52521544, [2.0, 2.19, 0.0, 2.84, 0.0, 0.19, 0.0, 0.19, 0.0, 0.0], [0.6, -1.12, 8.41, 7.7, 359.69, 347.34, 0.01, 1.0], [0.2, 25.0, 0.0, 0.0])
(52621198, [2.0, 2.19, 0.0, 3.6, 0.0, 0.19, 0.0, 0.19, 0.0, 0.0], [0.6, -1.19, 8.41, 7.78, 359.69, 347.27, 0.01, 1.0], [0.2, 25.0, 0.0, 0.0])
(52721189, [2.0, 2.19, 0.0, 3.6, 0.0, 0.19, 0.0, 0.2, 0.0, 0.0], [0.6, -1.1, 8.43, 7.76, 359.69, 347.31, 0.01, 1.0], [0.2, 25.0, 0.0, 0.0])
(52821678, [2.0, 2.19, 0.0, 3.6, 0.0, 0.19, 0.0, 0.2, 0.0, 0.0], [0.61, -1.27, 8.44, 7.74, 359.69, 347.14, 0.01, 1.0], [0.2, 25.0, 0.0, 0.0])
(52921526, [2.0, 2.18, 0.0, 3.6, 0.0, 0.19, 0.0, 0.2, 0.0, 0.0], [0.6, -1.44, 8.4, 7.82, 359.69, 347.0, 0.01, 1.0], [0.2, 25.0, 0.0, 0.0])
(53021312, [2.0, 2.18, 0.0, 3.6, 0.0, 0.19, 0.0, 0.19, 0.0, 0.0], [0.61, -1.1, 8.39, 7.62, 359.69, 347.16, 0.01, 1.0], [0.2, 25.0, 0.0, 0.0])
(53121866, [2.0, 2.19, 0.0, 3.6, 0.0, 0.19, 0.0, 0.2, 0.0, 0.0], [0.61, -1.08, 8.39, 7.65, 359.69, 347.18, 0.01, 1.0], [0.2, 25.0, 0.0, 0.0])
(53222148, [2.0, 2.19, 0.0, 3.6, 0.0, 0.19, 0.0, 0.19, 0.0, 0.0], [0.6, -1.06, 8.42, 7.72, 359.69, 347.12, 0.01, 1.0], [0.2, 25.0, 0.0, 0.0])
(53321503, [2.0, 2.19, 0.0, 3.6, 0.0, 0.19, 0.0, 0.19, 0.0, 0.0], [0.61, -0.82, 8.41, 7.48, 359.69, 347.03, 0.01, 1.0], [0.2, 25.0, 0.0, 0.0])
(53421515, [2.0, 2.16, 0.0, 3.6, 0.0, 0.19, 0.0, 0.2, 0.0, 0.0], [0.6, -0.7, 8.4, 7.49, 359.69, 346.96, 0.01, 1.0], [0.2, 25.0, 0.0, 0.0])
(53522098, [2.0, 2.18, 0.0, 3.6, 0.0, 0.19, 0.0, 0.19, 0.0, 0.0], [0.6, -0.47, 8.4, 7.54, 359.69, 347.08, 0.01, 1.0], [0.2, 25.0, 0.0, 0.0])
(53621928, [2.0, 2.18, 0.0, 3.6, 0.0, 0.19, 0.0, 0.2, 0.0, 0.0], [0.61, -0.88, 8.4, 7.66, 359.69, 347.12, 0.01, 1.0], [0.2, 25.0, 0.0, 0.0])
(53722414, [2.0, 2.18, 0.0, 3.6, 0.0, 0.19, 0.0, 0.19, 0.0, 0.0], [0.6, -0.82, 8.41, 7.32, 359.69, 347.05, 0.01, 1.0], [0.2, 25.0, 0.0, 0.0])
(53821545, [2.0, 2.18, 0.0, 3.6, 0.0, 0.19, 0.0, 0.19, 0.0, 0.0], [0.61, -1.42, 8.41, 7.47, 359.69, 346.92, 0.01, 1.0], [0.2, 25.0, 0.0, 0.0])
(53921691, [2.0, 2.17, 0.0, 2.83, 0.0, 0.19, 0.0, 0.2, 0.0, 0.0], [0.61, -1.87, 8.44, 7.8, 359.69, 346.83, 0.01, 1.0], [0.2, 25.0, 0.0, 0.0])
(54021793, [2.0, 2.17, 0.0, 2.83, 0.0, 0.19, 0.0, 0.19, 0.0, 0.0], [0.6, -1.8, 8.39, 7.75, 359.69, 346.84, 0.01, 1.0], [0.2, 25.0, 0.0, 0.0])
(54122684, [2.0, 2.18, 0.0, 2.87, 0.0, 0.19, 0.0, 0.2, 0.0, 0.0], [0.61, -1.62, 8.39, 7.67, 359.69, 346.8, 0.01, 1.0], [0.2, 25.0, 0.0, 0.0])
(54221320, [2.0, 2.19, 0.0, 2.87, 0.0, 0.19, 0.0, 0.2, 0.0, 0.0], [0.6, -1.52, 8.4, 7.54, 359.69, 346.85, 0.01, 1.0], [0.2, 25.0, 0.0, 0.0])
(54321879, [2.0, 2.18, 0.0, 2.84, 0.0, 0.19, 0.0, 0.19, 0.0, 0.0], [0.61, -1.68, 8.42, 7.62, 359.69, 346.75, 0.02, 1.0], [0.2, 25.0, 0.0, 0.0])
(54421380, [2.0, 2.17, 0.0, 2.84, 0.0, 0.19, 0.0, 0.2, 0.0, 0.0], [0.61, -1.72, 8.4, 7.76, 359.69, 346.77, 0.02, 1.0], [0.2, 25.0, 0.0, 0.0])
(54521940, [2.0, 2.18, 0.0, 2.85, 0.0, 0.19, 0.0, 0.19, 0.0, 0.0], [0.6, -1.76, 8.39, 7.79, 359.69, 346.74, 0.02, 1.0], [0.2, 25.0, 0.0, 0.0])
(54621336, [2.0, 2.18, 0.0, 2.85, 0.0, 0.19, 0.0, 0.19, 0.0, 0.0], [0.61, -1.72, 8.39, 7.55, 359.69, 346.77, 0.02, 1.0], [0.2, 25.0, 0.0, 0.0])
(54722157, [2.0, 2.18, 0.0, 3.6, 0.0, 0.19, 0.0, 0.21, 0.0, 0.0], [0.6, -1.46, 8.39, 7.33, 359.69, 346.75, 0.01, 1.0], [0.2, 25.0, 0.0, 0.0])
(54822028, [2.0, 2.2, 0.0, 3.6, 0.0, 0.19, 0.0, 0.19, 0.0, 0.0], [0.6, -1.29, 8.42, 7.22, 359.69, 346.73, 0.01, 1.0], [0.2, 25.0, 0.0, 0.0])
(54921847, [2.0, 2.18, 0.0, 3.6, 0.0, 0.19, 0.0, 0.2, 0.0, 0.0], [0.61, -1.16, 8.41, 7.25, 359.69, 346.74, 0.01, 1.0], [0.2, 25.0, 0.0, 0.0])
(55021559, [2.0, 2.18, 0.0, 3.6, 0.0, 0.19, 0.0, 0.21, 0.0, 0.0], [0.6, -1.37, 8.4, 7.28, 359.69, 346.65, 0.01, 1.0], [0.2, 25.0, 0.0, 0.0])
(55122038, [2.0, 2.19, 0.0, 2.85, 0.0, 0.19, 0.0, 0.19, 0.0, 0.0], [0.6, -1.32, 8.4, 6.86, 359.69, 346.65, 0.01, 1.0], [0.2, 25.0, 0.0, 0.0])
(55221847, [2.0, 2.18, 0.0, 2.85, 0.0, 0.19, 0.0, 0.21, 0.0, 0.0], [0.6, -1.25, 8.41, 6.99, 359.69, 346.79, 0.01, 1.0], [0.2, 25.0, 0.0, 0.0])
(55321622, [2.0, 2.18, 0.0, 3.6, 0.0, 0.19, 0.0, 0.19, 0.0, 0.0], [0.6, -1.16, 8.4, 6.99, 359.69, 346.74, 0.02, 1.0], [0.2, 25.0, 0.0, 0.0])
(55422265, [2.0, 2.18, 0.0, 2.85, 0.0, 0.19, 0.0, 0.19, 0.0, 0.0], [0.61, -1.15, 8.41, 6.78, 359.69, 346.74, 0.02, 1.0], [0.2, 25.0, 0.0, 0.0])
(55522057, [2.0, 2.18, 0.0, 2.85, 0.0, 0.19, 0.0, 0.2, 0.0, 0.0], [0.6, -1.14, 8.41, 6.52, 359.69, 346.69, 0.02, 1.0], [0.2, 25.0, 0.0, 0.0])
(55622344, [2.0, 2.18, 0.0, 3.6, 0.0, 0.19, 0.0, 0.19, 0.0, 0.0], [0.6, -1.03, 8.4, 6.41, 359.69, 346.75, 0.02, 1.0], [0.2, 25.0, 0.0, 0.0])
(55721599, [2.0, 2.17, 0.0, 3.6, 0.0, 0.19, 0.0, 0.21, 0.0, 0.0], [0.6, -0.96, 8.39, 6.6, 359.69, 346.76, 0.02, 1.0], [0.2, 25.0, 0.0, 0.0])
(55821796, [2.0, 2.19, 0.0, 2.84, 0.0, 0.19, 0.0, 0.2, 0.0, 0.0], [0.59, -0.98, 8.37, 6.63, 359.69, 346.71, 0.02, 1.0], [0.2, 25.0, 0.0, 0.0])
(55921561, [2.0, 2.18, 0.0, 2.84, 0.0, 0.19, 0.0, 0.19, 0.0, 0.0], [0.6, -0.99, 8.39, 6.74, 359.69, 346.73, 0.02, 1.0], [0.2, 25.0, 0.0, 0.0])
(56021538, [2.0, 2.19, 0.0, 3.6, 0.0, 0.19, 0.0, 0.2, 0.0, 0.0], [0.6, -0.97, 8.41, 6.68, 359.69, 346.67, 0.02, 1.0], [0.2, 25.0, 0.0, 0.0])
(56121817, [2.0, 2.17, 0.0, 3.6, 0.0, 0.19, 0.0, 0.19, 0.0, 0.0], [0.6, -0.65, 8.41, 6.35, 359.69, 346.73, 0.01, 1.0], [0.2, 25.0, 0.0, 0.0])
(56221725, [2.0, 2.17, 0.0, 3.6, 0.0, 0.19, 0.0, 0.19, 0.0, 0.0], [0.61, -0.67, 8.39, 6.39, 359.69, 346.71, 0.01, 1.0], [0.2, 25.0, 0.0, 0.0])
(56321642, [2.0, 2.18, 0.0, 3.6, 0.0, 0.19, 0.0, 0.2, 0.0, 0.0], [0.6, -0.46, 8.38, 6.25, 359.69, 346.74, 0.02, 1.0], [0.2, 25.0, 0.0, 0.0])
(56421805, [2.0, 2.16, 0.0, 2.85, 0.0, 0.19, 0.0, 0.19, 0.0, 0.0], [0.61, -0.49, 8.36, 6.53, 359.69, 346.7, 0.02, 1.0], [0.2, 25.0, 0.0, 0.0])
(56521647, [2.0, 2.18, 0.0, 2.85, 0.0, 0.19, 0.0, 0.2, 0.0, 0.0], [0.61, -0.41, 8.36, 6.51, 359.69, 346.6, 0.02, 1.0], [0.2, 25.0, 0.0, 0.0])
(56621583, [2.0, 2.18, 0.0, 3.6, 0.0, 0.19, 0.0, 0.19, 0.0, 0.0], [0.59, -0.51, 8.39, 6.65, 359.69, 346.63, 0.02, 1.0], [0.2, 25.0, 0.0, 0.0])
(56721663, [2.0, 2.18, 0.0, 3.6, 0.0, 0.19, 0.0, 0.2, 0.0, 0.0], [0.6, -0.48, 8.39, 6.69, 359.69, 346.62, 0.01, 1.0], [0.2, 25.0, 0.0, 0.0])
(56821560, [2.0, 2.18, 0.0, 2.86, 0.0, 0.19, 0.0, 0.2, 0.0, 0.0], [0.6, -0.41, 8.39, 6.61, 359.69, 346.62, 0.01, 1.0], [0.2, 25.0, 0.0, 0.0])
(56922181, [2.0, 2.19, 0.0, 2.86, 0.0, 0.19, 0.0, 0.19, 0.0, 0.0], [0.6, -0.47, 8.41, 6.83, 359.69, 346.6, 0.01, 1.0], [0.2, 25.0, 0.0, 0.0])
(57021659, [2.0, 2.17, 0.0, 2.83, 0.0, 0.19, 0.0, 0.19, 0.0, 0.0], [0.6, -0.4, 8.38, 6.99, 359.69, 346.54, 0.01, 1.0], [0.2, 25.0, 0.0, 0.0])
(57122836, [2.0, 2.18, 0.0, 2.83, 0.0, 0.19, 0.0, 0.2, 0.0, 0.0], [0.61, -0.5, 8.35, 7.13, 359.69, 346.57, 0.01, 1.0], [0.2, 25.0, 0.0, 0.0])
(57221847, [2.0, 2.18, 0.0, 3.6, 0.0, 0.19, 0.0, 0.21, 0.0, 0.0], [0.61, -0.38, 8.37, 7.09, 359.69, 346.6, 0.01, 1.0], [0.2, 25.0, 0.0, 0.0])
(57321477, [2.0, 2.19, 0.0, 3.6, 0.0, 0.19, 0.0, 0.19, 0.0, 0.0], [0.6, -0.43, 8.4, 7.24, 359.69, 346.55, 0.01, 1.0], [0.2, 25.0, 0.0, 0.0])
(57421160, [2.0, 2.18, 0.0, 3.6, 0.0, 0.19, 0.0, 0.21, 0.0, 0.0], [0.61, -0.49, 8.4, 7.25, 359.69, 346.48, 0.01, 1.0], [0.2, 25.0, 0.0, 0.0])
(57521407, [2.0, 2.17, 0.0, 3.6, 0.0, 0.19, 0.0, 0.19, 0.0, 0.0], [0.6, -0.49, 8.38, 7.13, 359.69, 346.43, 0.01, 1.0], [0.2, 25.0, 0.0, 0.0])
(57621740, [2.0, 2.19, 0.0, 2.84, 0.0, 0.19, 0.0, 0.19, 0.0, 0.0], [0.59, -0.46, 8.39, 7.15, 359.69, 346.47, 0.01, 1.0], [0.2, 25.0, 0.0, 0.0])
(57721395, [2.0, 2.17, 0.0, 2.84, 0.0, 0.19, 0.0, 0.19, 0.0, 0.0], [0.6, -0.47, 8.39, 7.08, 359.69, 346.46, 0.01, 1.0], [0.2, 25.0, 0.0, 0.0])
(57824766, [2.0, 2.17, 0.0, 3.6, 0.0, 0.19, 0.0, 0.2, 0.0, 0.0], [0.6, -0.49, 8.37, 7.14, 359.69, 346.52, 0.01, 1.0], [0.2, 25.0, 0.0, 0.0])
(57924096, [2.0, 2.18, 0.0, 3.6, 0.0, 0.19, 0.0, 0.19, 0.0, 0.0], [0.6, -0.4, 8.37, 7.08, 359.69, 346.47, 0.01, 1.0], [0.2, 25.0, 0.0, 0.0])
(58023804, [2.0, 2.18, 0.0, 3.6, 0.0, 0.19, 0.0, 0.2, 0.0, 0.0], [0.61, -0.46, 8.38, 7.24, 359.69, 346.43, 0.01, 1.0], [0.2, 25.0, 0.0, 0.0])
(58129658, [2.0, 2.18, 0.0, 3.6, 0.0, 0.19, 0.0, 0.19, 0.0, 0.0], [0.6, -0.43, 8.39, 7.27, 359.69, 346.45, 0.01, 1.0], [0.2, 25.0, 0.0, 0.0])
(58228241, [2.0, 2.18, 0.0, 3.6, 0.0, 0.19, 0.0, 0.19, 0.0, 0.0], [0.61, -0.44, 8.39, 7.33, 359.69, 346.39, 0.01, 1.0], [0.2, 25.0, 0.0, 0.0])
(58337458, [2.0, 2.17, 0.0, 3.6, 0.0, 0.19, 0.0, 0.21, 0.0, 0.0], [0.6, -0.37, 8.37, 7.13, 359.69, 346.4, 0.01, 1.0], [0.2, 25.0, 0.0, 0.0])
(58439210, [2.0, 2.18, 0.0, 3.6, 0.0, 0.19, 0.0, 0.19, 0.0, 0.0], [0.6, -0.45, 8.37, 7.21, 359.69, 346.39, 0.01, 1.0], [0.2, 25.0, 0.0, 0.0])
(58539839, [2.0, 2.17, 0.0, 2.82, 0.0, 0.19, 0.0, 0.21, 0.0, 0.0], [0.6, -0.48, 8.38, 7.46, 359.69, 346.3, 0.02, 1.0], [0.2, 25.0, 0.0, 0.0])
(58639783, [2.0, 2.17, 0.0, 2.85, 0.0, 0.19, 0.0, 0.21, 0.0, 0.0], [0.59, -0.36, 8.38, 7.37, 359.69, 346.35, 0.02, 1.0], [0.2, 25.0, 0.0, 0.0])
(58741397, [2.0, 2.17, 0.0, 2.85, 0.0, 0.19, 0.0, 0.19, 0.0, 0.0], [0.6, -0.52, 8.36, 7.44, 359.69, 346.35, 0.01, 1.0], [0.2, 25.0, 0.0, 0.0])
(58852120, [2.0, 2.17, 0.0, 3.6, 0.0, 0.19, 0.0, 0.21, 0.0, 0.0], [0.59, -0.39, 8.35, 7.51, 359.69, 346.35, 0.01, 1.0], [0.2, 25.0, 0.0, 0.0])
(58962583, [2.0, 2.18, 0.0, 3.6, 0.0, 0.19, 0.0, 0.19, 0.0, 0.0], [0.59, -0.47, 8.35, 7.46, 359.69, 346.34, 0.01, 1.0], [0.2, 25.0, 0.0, 0.0])
(59064663, [2.0, 2.15, 0.0, 2.84, 0.0, 0.19, 0.0, 0.21, 0.0, 0.0], [0.6, -0.41, 8.35, 7.48, 359.69, 346.33, 0.01, 1.0], [0.2, 25.0, 0.0, 0.0])
(59164700, [2.0, 2.17, 0.0, 2.84, 0.0, 0.19, 0.0, 0.2, 0.0, 0.0], [0.59, -0.47, 8.33, 7.32, 359.69, 346.3, 0.01, 1.0], [0.2, 25.0, 0.0, 0.0])
(59267666, [2.0, 2.17, 0.0, 3.6, 0.0, 0.19, 0.0, 0.19, 0.0, 0.0], [0.6, -0.44, 8.34, 7.49, 359.69, 346.3, 0.01, 1.0], [0.2, 25.0, 0.0, 0.0])
(59370507, [2.0, 2.17, 0.0, 3.6, 0.0, 0.19, 0.0, 0.21, 0.0, 0.0], [0.6, -0.45, 8.34, 7.61, 359.69, 346.23, 0.01, 1.0], [0.2, 25.0, 0.0, 0.0])
(59472993, [2.0, 2.18, 0.0, 3.6, 0.0, 0.19, 0.0, 0.19, 0.0, 0.0], [0.59, -0.4, 8.36, 7.52, 359.69, 346.22, 0.01, 1.0], [0.2, 25.0, 0.0, 0.0])
(59576979, [2.0, 2.18, 0.0, 3.6, 0.0, 0.19, 0.0, 0.2, 0.0, 0.0], [0.6, -0.43, 8.38, 7.61, 359.69, 346.22, 0.01, 1.0], [0.2, 25.0, 0.0, 0.0])
(59685966, [2.0, 2.18, 0.0, 3.6, 0.0, 0.19, 0.0, 0.2, 0.0, 0.0], [0.6, -0.4, 8.39, 7.38, 359.69, 346.21, 0.01, 1.0], [0.2, 25.0, 0.0, 0.0])
(59790797, [2.0, 2.18, 0.0, 2.84, 0.0, 0.19, 0.0, 0.19, 0.0, 0.0], [0.61, -0.44, 8.38, 7.36, 359.69, 346.21, 0.01, 1.0], [0.2, 25.0, 0.0, 0.0])
(59889587, [2.0, 2.17, 0.0, 2.84, 0.0, 0.19, 0.0, 0.21, 0.0, 0.0], [0.6, -0.42, 8.37, 7.5, 359.69, 346.16, 0.01, 1.0], [0.2, 25.0, 0.0, 0.0])
(59989516, [2.0, 2.17, 0.0, 2.84, 0.0, 0.19, 0.0, 0.19, 0.0, 0.0], [0.59, -0.44, 8.36, 7.53, 359.69, 346.13, 0.01, 1.0], [0.2, 25.0, 0.0, 0.0])
(60090007, [2.0, 2.17, 0.0, 2.84, 0.0, 0.19, 0.0, 0.18, 0.0, 0.0], [0.61, -0.42, 8.37, 7.57, 359.69, 346.14, 0.01, 1.0], [0.2, 25.0, 0.0, 0.0])
(60191820, [2.0, 2.17, 0.0, 2.84, 0.0, 0.19, 0.0, 0.21, 0.0, 0.0], [0.6, -0.42, 8.36, 7.43, 359.69, 346.14, 0.01, 1.0], [0.2, 25.0, 0.0, 0.0])
(60293937, [2.0, 2.18, 0.0, 2.83, 0.0, 0.19, 0.0, 0.19, 0.0, 0.0], [0.6, -0.38, 8.35, 7.42, 359.69, 346.13, 0.01, 1.0], [0.2, 25.0, 0.0, 0.0])
(60393595, [2.0, 2.18, 0.0, 2.83, 0.0, 0.19, 0.0, 0.2, 0.0, 0.0], [0.6, -0.45, 8.37, 7.43, 359.69, 346.09, 0.01, 1.0], [0.2, 25.0, 0.0, 0.0])
(60498855, [2.0, 2.17, 0.0, 3.6, 0.0, 0.19, 0.0, 0.19, 0.0, 0.0], [0.59, -0.41, 8.36, 7.55, 359.69, 346.03, 0.01, 1.0], [0.2, 25.0, 0.0, 0.0])
(60605881, [2.0, 2.16, 0.0, 3.6, 0.0, 0.19, 0.0, 0.19, 0.0, 0.0], [0.6, -0.45, 8.34, 7.55, 359.69, 346.08, 0.01, 1.0], [0.2, 25.0, 0.0, 0.0])
(60723124, [2.0, 2.18, 0.0, 3.6, 0.0, 0.19, 0.0, 0.21, 0.0, 0.0], [0.6, -0.46, 8.35, 7.66, 359.69, 346.06, 0.01, 1.0], [0.2, 25.0, 0.0, 0.0])
(60827426, [2.0, 2.16, 0.0, 2.82, 0.0, 0.19, 0.0, 0.19, 0.0, 0.0], [0.6, -0.42, 8.33, 7.68, 359.69, 346.0, 0.01, 1.0], [0.2, 25.0, 0.0, 0.0])
(60927686, [2.0, 2.17, 0.0, 2.82, 0.0, 0.19, 0.0, 0.2, 0.0, 0.0], [0.61, -0.48, 8.31, 7.66, 359.69, 345.97, 0.01, 1.0], [0.2, 25.0, 0.0, 0.0])
(61027644, [2.0, 2.17, 0.0, 3.6, 0.0, 0.19, 0.0, 0.19, 0.0, 0.0], [0.6, -0.45, 8.33, 7.57, 359.69, 346.0, 0.01, 1.0], [0.2, 25.0, 0.0, 0.0])
(61133140, [2.0, 2.18, 0.0, 3.6, 0.0, 0.19, 0.0, 0.19, 0.0, 0.0], [0.61, -0.43, 8.34, 7.59, 359.69, 345.95, 0.01, 1.0], [0.2, 25.0, 0.0, 0.0])
(61240292, [2.0, 2.17, 0.0, 3.6, 0.0, 0.19, 0.0, 0.2, 0.0, 0.0], [0.6, -0.44, 8.36, 7.38, 359.69, 345.99, 0.01, 1.0], [0.2, 25.0, 0.0, 0.0])
(61343394, [2.0, 2.17, 0.0, 3.6, 0.0, 0.19, 0.0, 0.19, 0.0, 0.0], [0.6, -0.48, 8.35, 7.55, 359.69, 345.93, 0.01, 1.0], [0.2, 25.0, 0.0, 0.0])
(61443787, [2.0, 2.17, 0.0, 3.6, 0.0, 0.19, 0.0, 0.2, 0.0, 0.0], [0.61, -0.44, 8.35, 7.4, 359.69, 345.93, 0.01, 1.0], [0.2, 25.0, 0.0, 0.0])
(61545062, [2.0, 2.17, 0.0, 3.6, 0.0, 0.19, 0.0, 0.2, 0.0, 0.0], [0.61, -0.42, 8.38, 7.42, 359.69, 345.91, 0.01, 1.0], [0.2, 25.0, 0.0, 0.0])
(61643879, [2.0, 2.17, 0.0, 2.86, 0.0, 0.19, 0.0, 0.19, 0.0, 0.0], [0.6, -0.43, 8.36, 7.69, 359.69, 345.92, 0.01, 1.0], [0.2, 25.0, 0.0, 0.0])
(61744886, [2.0, 2.18, 0.0, 2.86, 0.0, 0.19, 0.0, 0.19, 0.0, 0.0], [0.6, -0.49, 8.38, 7.53, 359.69, 345.88, 0.01, 1.0], [0.2, 25.0, 0.0, 0.0])
(61848244, [2.0, 2.16, 0.0, 3.6, 0.0, 0.19, 0.0, 0.2, 0.0, 0.0], [0.6, -0.46, 8.4, 7.69, 359.69, 345.81, 0.01, 1.0], [0.2, 25.0, 0.0, 0.0])
(61949809, [2.0, 2.18, 0.0, 3.6, 0.0, 0.19, 0.0, 0.21, 0.0, 0.0], [0.6, -0.46, 8.37, 7.73, 359.69, 345.84, 0.01, 1.0], [0.2, 25.0, 0.0, 0.0])
(62049104, [2.0, 2.18, 0.0, 3.6, 0.0, 0.19, 0.0, 0.19, 0.0, 0.0], [0.6, -0.54, 8.35, 7.57, 359.69, 345.84, 0.01, 1.0], [0.2, 25.0, 0.0, 0.0])
(62151135, [2.0, 2.17, 0.0, 3.6, 0.0, 0.19, 0.0, 0.19, 0.0, 0.0], [0.6, -0.37, 8.36, 7.61, 359.69, 345.79, 0.01, 1.0], [0.2, 25.0, 0.0, 0.0])
(62253766, [2.0, 2.19, 0.0, 2.83, 0.0, 0.19, 0.0, 0.21, 0.0, 0.0], [0.6, -0.53, 8.34, 7.56, 359.69, 345.76, 0.01, 1.0], [0.2, 25.0, 0.0, 0.0])
(62355318, [2.0, 2.18, 0.0, 2.83, 0.0, 0.19, 0.0, 0.2, 0.0, 0.0], [0.6, -0.4, 8.38, 7.47, 359.69, 345.81, 0.01, 1.0], [0.2, 25.0, 0.0, 0.0])
(62456529, [2.0, 2.17, 0.0, 3.6, 0.0, 0.19, 0.0, 0.19, 0.0, 0.0], [0.59, -0.44, 8.42, 7.39, 359.69, 345.76, 0.01, 1.0], [0.2, 25.0, 0.0, 0.0])
(62556331, [2.0, 2.17, 0.0, 3.6, 0.0, 0.19, 0.0, 0.19, 0.0, 0.0], [0.6, -0.42, 8.38, 7.39, 359.69, 345.78, 0.01, 1.0], [0.2, 25.0, 0.0, 0.0])
