(38092901, [2.0, 0.58, 0.0, 0.63, 0.0, 0.66, 0.0, 2.42, 0.0, 0.0], [0.0, -0.11, 0.0, -0.66, 95.15, 95.14, 0.0, 1.0], [3.8, 25.0, 0.0, 0.0])
(38192942, [2.0, 0.58, 0.0, 0.62, 0.0, 3.6, 0.0, 2.44, 0.0, 0.0], [0.0, -0.11, 0.0, -0.66, 95.16, 95.16, 0.0, 1.0], [7.65, 25.0, 0.0, 0.0])
(38292933, [2.0, 0.58, 0.0, 0.63, 0.0, 3.6, 0.0, 2.44, 0.0, 0.0], [0.0, -0.11, 0.0, -0.66, 95.18, 95.18, 0.0, 1.0], [7.65, 25.0, 0.0, 0.0])
(38393488, [2.0, 0.58, 0.0, 0.63, 0.0, 3.6, 0.0, 2.42, 0.0, 0.0], [0.0, -0.11, 0.0, -0.66, 95.2, 95.2, 0.0, 1.0], [7.65, 25.0, 0.0, 0.0])
(38493089, [2.0, 0.58, 0.0, 0.62, 0.0, 3.6, 0.0, 2.42, 0.0, 0.0], [0.0, -0.11, 0.0, -0.66, 95.22, 95.22, 0.0, 1.0], [0.2, 25.0, 0.0, 0.0])
(38592886, [2.0, 0.58, 0.0, 0.62, 0.0, 3.6, 0.0, 2.46, 0.0, 0.0], [0.0, -0.11, 0.0, -0.67, 95.24, 95.24, 0.0, 1.0], [7.65, 25.0, 0.0, 0.0])
(38693211, [2.0, 0.58, 0.0, 0.62, 0.0, 3.6, 0.0, 2.45, 0.0, 0.0], [0.0, -0.11, 0.0, -0.67, 95.26, 95.26, 0.0, 1.0], [7.65, 25.0, 0.0, 0.0])
(38792908, [2.0, 0.58, 0.0, 0.62, 0.0, 3.6, 0.0, 2.42, 0.0, 0.0], [0.0, -0.12, 0.0, -0.68, 95.28, 95.28, 0.0, 1.0], [7.65, 25.0, 0.0, 0.0])
(38892897, [2.0, 0.58, 0.0, 0.63, 0.0, 3.6, 0.0, 2.45, 0.0, 0.0], [0.0, -0.12, 0.0, -0.68, 95.31, 95.3, 0.0, 1.0], [7.65, 25.0, 0.0, 0.0])
(38992951, [2.0, 0.58, 0.0, 0.62, 0.0, 0.66, 0.0, 2.45, 0.0, 0.0], [0.0, -0.12, 0.0, -0.69, 95.33, 95.32, 0.0, 1.0], [0.2, 25.0, 0.0, 0.0])
(39092893, [2.0, 0.58, 0.0, 0.62, 0.0, 0.66, 0.0, 2.45, 0.0, 0.0], [0.0, -0.12, 0.0, -0.69, 95.35, 95.35, 0.0, 1.0], [0.2, 25.0, 0.0, 0.0])
(39192969, [2.0, 0.58, 0.0, 0.62, 0.0, 3.6, 0.0, 2.43, 0.0, 0.0], [0.0, -0.12, 0.0, -0.7, 95.37, 95.37, 0.0, 1.0], [0.2, 25.0, 0.0, 0.0])
(39293025, [2.0, 0.58, 0.0, 0.62, 0.0, 3.6, 0.0, 2.44, 0.0, 0.0], [0.0, -0.12, 0.0, -0.7, 95.39, 95.39, 0.0, 1.0], [0.2, 25.0, 0.0, 0.0])
(39393622, [2.0, 0.58, 0.0, 0.62, 0.0, 3.6, 0.0, 2.43, 0.0, 0.0], [0.0, -0.12, 0.0, -0.7, 95.42, 95.41, 0.0, 1.0], [0.2, 25.0, 0.0, 0.0])
(39493471, [2.0, 0.58, 0.0, 0.62, 0.0, 3.6, 0.0, 2.46, 0.0, 0.0], [0.0, -0.13, 0.0, -0.71, 95.44, 95.44, 0.0, 1.0], [0.2, 25.0, 0.0, 0.0])
(39593466, [2.0, 0.58, 0.0, 0.62, 0.0, 3.6, 0.0, 2.46, 0.0, 0.0], [0.0, -0.13, 0.0, -0.71, 95.46, 95.46, 0.0, 1.0], [0.2, 25.0, 0.0, 0.0])
(39693714, [2.0, 0.58, 0.0, 0.62, 0.0, 3.6, 0.0, 2.44, 0.0, 0.0], [0.0, -0.13, 0.0, -0.72, 95.48, 95.48, 0.0, 1.0], [5.52, 25.0, 0.0, 0.0])
(39793468, [2.0, 0.58, 0.0, 0.62, 0.0, 3.6, 0.0, 2.44, 0.0, 0.0], [0.0, -0.12, 0.0, -0.72, 95.5, 95.5, 0.0, 1.0], [0.2, 25.0, 0.0, 0.0])
(39893403, [2.0, 0.58, 0.0, 0.62, 0.0, 3.6, 0.0, 2.43, 0.0, 0.0], [0.0, -0.13, 0.0, -0.72, 95.53, 95.52, 0.0, 1.0], [0.2, 25.0, 0.0, 0.0])
(39993400, [2.0, 0.58, 0.0, 0.62, 0.0, 3.6, 0.0, 2.46, 0.0, 0.0], [0.0, -0.13, 0.0, -0.72, 95.55, 95.54, 0.0, 1.0], [0.2, 25.0, 0.0, 0.0])
(40093292, [2.0, 0.58, 0.0, 0.63, 0.0, 3.6, 0.0, 2.44, 0.0, 0.0], [0.0, -0.13, 0.0, -0.73, 95.57, 95.56, 0.0, 1.0], [7.65, 25.0, 0.0, 0.0])
(40193467, [2.0, 0.58, 0.0, 0.62, 0.0, 3.6, 0.0, 2.45, 0.0, 0.0], [0.0, -0.13, 0.0, -0.73, 95.58, 95.58, 0.0, 1.0], [0.2, 25.0, 0.0, 0.0])
(40293418, [2.0, 0.58, 0.0, 0.62, 0.0, 3.6, 0.0, 2.44, 0.0, 0.0], [0.0, -0.13, 0.0, -0.73, 95.62, 95.62, 0.0, 1.0], [0.2, 25.0, 0.0, 0.0])
(40393409, [2.0, 0.58, 0.0, 0.62, 0.0, 0.69, 0.0, 2.45, 0.0, 0.0], [0.0, -0.14, 0.0, -0.71, 95.64, 95.63, 0.0, 1.0], [0.2, 25.0, 0.0, 0.0])
(40493295, [2.0, 0.58, 0.0, 0.62, 0.0, 0.69, 0.0, 2.44, 0.0, 0.0], [0.0, -0.14, 0.0, -0.7, 95.64, 95.63, 0.0, 1.0], [0.2, 25.0, 0.0, 0.0])
(40593476, [2.0, 0.58, 0.0, 0.62, 0.0, 3.6, 0.0, 2.43, 0.0, 0.0], [0.0, -0.15, 0.0, -0.69, 95.64, 95.64, 0.0, 1.0], [0.2, 25.0, 0.0, 0.0])
(40695780, [2.0, 0.58, 0.0, 0.62, 0.0, 3.6, 0.0, 2.45, 0.0, 0.0], [0.0, -0.14, 0.0, -0.7, 95.69, 95.68, 0.0, 1.0], [7.65, 25.0, 0.0, 0.0])
(40795449, [2.0, 0.58, 0.0, 0.63, 0.0, 3.6, 0.0, 2.46, 0.0, 0.0], [0.0, -0.14, 0.0, -0.7, 95.69, 95.69, 0.0, 1.0], [7.65, 25.0, 0.0, 0.0])
(40895540, [2.0, 0.58, 0.0, 0.62, 0.0, 3.6, 0.0, 2.42, 0.0, 0.0], [0.0, -0.13, 0.0, -0.71, 95.72, 95.72, 0.0, 1.0], [7.65, 25.0, 0.0, 0.0])
(40995432, [2.0, 0.58, 0.0, 0.62, 0.0, 3.6, 0.0, 2.44, 0.0, 0.0], [0.0, -0.12, 0.0, -0.73, 95.73, 95.73, 0.0, 1.0], [7.65, 25.0, 0.0, 0.0])
(41095576, [2.0, 0.58, 0.0, 0.62, 0.0, 0.7, 0.0, 2.43, 0.0, 0.0], [0.0, -0.13, 0.0, -0.73, 95.75, 95.75, 0.0, 1.0], [0.2, 25.0, 0.0, 0.0])
(41195438, [2.0, 0.58, 0.0, 0.62, 0.0, 0.7, 0.0, 2.43, 0.0, 0.0], [0.0, -0.13, 0.0, -0.73, 95.77, 95.77, 0.0, 1.0], [7.65, 25.0, 0.0, 0.0])
(41295454, [2.0, 0.58, 0.0, 0.62, 0.0, 0.71, 0.0, 2.44, 0.0, 0.0], [0.0, -0.13, 0.0, -0.74, 95.8, 95.8, 0.0, 1.0], [7.65, 25.0, 0.0, 0.0])
(41395448, [2.0, 0.58, 0.0, 0.62, 0.0, 0.71, 0.0, 2.44, 0.0, 0.0], [0.0, -0.12, 0.0, -0.74, 95.81, 95.81, 0.0, 1.0], [7.65, 25.0, 0.0, 0.0])
(41495460, [2.0, 0.58, 0.0, 0.62, 0.0, 3.6, 0.0, 2.43, 0.0, 0.0], [0.0, -0.13, 0.0, -0.74, 95.85, 95.85, 0.0, 1.0], [0.2, 25.0, 0.0, 0.0])
(41595305, [2.0, 0.58, 0.0, 0.62, 0.0, 3.6, 0.0, 2.44, 0.0, 0.0], [0.0, -0.13, 0.0, -0.75, 95.85, 95.85, 0.0, 1.0], [7.65, 25.0, 0.0, 0.0])
(41696085, [2.0, 0.58, 0.0, 0.62, 0.0, 3.6, 0.0, 2.45, 0.0, 0.0], [0.0, -0.11, 0.0, -0.75, 95.88, 95.88, 0.0, 1.0], [0.2, 25.0, 0.0, 0.0])
(41795645, [2.0, 0.58, 0.0, 0.62, 0.0, 0.74, 0.0, 2.41, 0.0, 0.0], [0.0, -0.12, 0.0, -0.75, 95.91, 95.9, 0.0, 1.0], [7.65, 25.0, 0.0, 0.0])
(41895531, [2.0, 0.58, 0.0, 0.62, 0.0, 0.74, 0.0, 2.42, 0.0, 0.0], [0.0, -0.12, 0.0, -0.75, 95.93, 95.92, 0.0, 1.0], [7.65, 25.0, 0.0, 0.0])
(41995435, [2.0, 0.58, 0.0, 0.63, 0.0, 3.6, 0.0, 2.44, 0.0, 0.0], [0.0, -0.11, 0.0, -0.75, 95.95, 95.95, 0.0, 1.0], [0.2, 25.0, 0.0, 0.0])
(42095473, [2.0, 0.58, 0.0, 0.62, 0.0, 3.6, 0.0, 2.43, 0.0, 0.0], [0.0, -0.1, 0.0, -0.75, 95.95, 95.95, 0.0, 1.0], [7.65, 25.0, 0.0, 0.0])
(42195451, [2.0, 0.58, 0.0, 0.62, 0.0, 3.6, 0.0, 2.45, 0.0, 0.0], [0.0, -0.11, 0.0, -0.75, 95.99, 95.99, 0.0, 1.0], [0.2, 25.0, 0.0, 0.0])
(42295420, [2.0, 0.58, 0.0, 0.62, 0.0, 3.6, 0.0, 2.41, 0.0, 0.0], [0.0, -0.11, 0.0, -0.76, 96.01, 96.01, 0.0, 1.0], [0.2, 25.0, 0.0, 0.0])
(42395406, [2.0, 0.58, 0.0, 0.62, 0.0, 3.6, 0.0, 2.42, 0.0, 0.0], [0.0, -0.1, 0.0, -0.76, 96.03, 96.03, 0.0, 1.0], [0.2, 25.0, 0.0, 0.0])
(42495436, [2.0, 0.58, 0.0, 0.62, 0.0, 3.6, 0.0, 2.44, 0.0, 0.0], [0.0, -0.1, 0.0, -0.76, 96.05, 96.05, 0.0, 1.0], [7.65, 25.0, 0.0, 0.0])
(42595465, [2.0, 0.58, 0.0, 0.63, 0.0, 3.6, 0.0, 2.43, 0.0, 0.0], [0.0, -0.09, 0.0, -0.75, 96.06, 96.06, 0.0, 1.0], [7.65, 25.0, 0.0, 0.0])
(42695444, [2.0, 0.58, 0.0, 0.62, 0.0, 3.6, 0.0, 2.44, 0.0, 0.0], [0.0, -0.1, 0.0, -0.76, 96.1, 96.1, 0.0, 1.0], [0.2, 25.0, 0.0, 0.0])
(42795437, [2.0, 0.58, 0.0, 0.62, 0.0, 0.73, 0.0, 2.43, 0.0, 0.0], [0.0, -0.09, 0.0, -0.76, 96.1, 96.1, 0.0, 1.0], [7.65, 25.0, 0.0, 0.0])
(42895449, [2.0, 0.58, 0.0, 0.62, 0.0, 0.73, 0.0, 2.44, 0.0, 0.0], [0.0, -0.09, 0.0, -0.76, 96.13, 96.12, 0.0, 1.0], [0.2, 25.0, 0.0, 0.0])
(42995475, [2.0, 0.58, 0.0, 0.62, 0.0, 3.6, 0.0, 2.43, 0.0, 0.0], [0.0, -0.08, 0.0, -0.76, 96.13, 96.14, 0.0, 1.0], [0.2, 25.0, 0.0, 0.0])
(43096060, [2.0, 0.58, 0.0, 0.62, 0.0, 3.6, 0.0, 2.43, 0.0, 0.0], [0.0, -0.09, 0.0, -0.75, 96.13, 96.14, 0.0, 1.0], [0.25, 25.0, 0.0, 0.0])
(43195439, [2.0, 0.58, 0.0, 0.62, 0.0, 3.6, 0.0, 2.43, 0.0, 0.0], [0.0, -0.05, 0.0, -0.75, 96.13, 96.16, 0.0, 1.0], [7.65, 25.0, 0.0, 0.0])
(43295464, [2.0, 0.58, 0.0, 0.63, 0.0, 3.6, 0.0, 2.46, 0.0, 0.0], [0.0, -0.05, 0.0, -0.73, 96.13, 96.16, 0.0, 1.0], [0.2, 25.0, 0.0, 0.0])
(43395469, [2.0, 0.58, 0.0, 0.62, 0.0, 3.6, 0.0, 2.43, 0.0, 0.0], [0.0, -0.07, 0.0, -0.74, 96.13, 96.12, 0.0, 1.0], [0.2, 25.0, 0.0, 0.0])
(43495453, [2.0, 0.58, 0.0, 0.62, 0.0, 3.6, 0.0, 2.45, 0.0, 0.0], [-4.01, -0.14, -0.2, -0.72, 96.13, 95.89, 0.0, 1.0], [0.2, 25.0, 0.0, 0.0])
(43595909, [2.0, 0.58, 0.0, 0.63, 0.0, 3.6, 0.0, 2.45, 0.0, 0.0], [-6.92, -0.18, -0.3, -0.76, 96.13, 95.73, 0.01, 1.0], [0.2, 25.0, 0.0, 0.0])
(43695732, [2.0, 0.58, 0.0, 0.63, 0.0, 3.6, 0.0, 2.45, 0.0, 0.0], [-8.35, -0.19, -0.35, -0.73, 96.13, 95.58, 0.01, 1.0], [0.2, 25.0, 0.0, 0.0])
(43796063, [2.0, 0.58, 0.0, 0.63, 0.0, 3.6, 0.0, 2.45, 0.0, 0.0], [-9.06, -0.21, -0.37, -0.76, 96.13, 95.34, 0.01, 1.0], [0.2, 25.0, 0.0, 0.0])
(43895523, [2.0, 0.58, 0.0, 0.63, 0.0, 3.6, 0.0, 2.44, 0.0, 0.0], [-9.39, -0.5, -0.38, -0.78, 96.13, 95.05, 0.01, 1.0], [0.2, 25.0, 0.0, 0.0])
(43995517, [2.0, 0.58, 0.0, 0.62, 0.0, 3.6, 0.0, 2.46, 0.0, 0.0], [-9.54, -1.24, -0.39, -0.79, 96.13, 94.68, 0.0, 1.0], [0.2, 25.0, 0.0, 0.0])
(44095494, [2.0, 0.58, 0.0, 0.63, 0.0, 3.6, 0.0, 2.46, 0.0, 0.0], [-9.67, -2.43, -0.39, -1.13, 96.13, 94.12, 0.0, 1.0], [5.95, 25.0, 0.0, 0.0])
(44196056, [2.0, 0.58, 0.0, 0.63, 0.0, 3.6, 0.0, 2.42, 0.0, 0.0], [-9.65, -3.59, -0.39, -2.22, 96.13, 93.45, 0.01, 1.0], [0.2, 25.0, 0.0, 0.0])
(44295598, [2.0, 0.57, 0.0, 0.65, 0.0, 3.6, 0.0, 2.41, 0.0, 0.0], [-9.61, -4.45, -0.37, -3.75, 96.13, 92.72, 0.01, 1.0], [0.2, 25.0, 0.0, 0.0])
(44395483, [2.0, 0.56, 0.0, 0.66, 0.0, 3.6, 0.0, 2.41, 0.0, 0.0], [-9.58, -4.67, -0.35, -4.85, 96.13, 92.2, 0.01, 1.0], [0.2, 25.0, 0.0, 0.0])
(44495651, [2.0, 0.56, 0.0, 0.68, 0.0, 0.71, 0.0, 3.6, 0.0, 0.0], [-11.2, -4.47, -0.32, -4.19, 96.13, 91.91, 0.01, 1.0], [0.2, 25.0, 0.0, 0.0])
(44595479, [2.0, 0.55, 0.0, 0.69, 0.0, 0.71, 0.0, 2.34, 0.0, 0.0], [-12.82, -6.37, -0.29, -2.26, 96.13, 92.02, 0.01, 1.0], [0.2, 25.0, 0.0, 0.0])
(44695603, [2.0, 0.54, 0.0, 0.71, 0.0, 3.6, 0.0, 2.34, 0.0, 0.0], [-11.0, -6.48, -0.25, -1.59, 96.13, 92.62, 0.01, 1.0], [0.2, 25.0, 0.0, 0.0])
(44795483, [2.0, 0.54, 0.0, 0.73, 0.0, 0.78, 0.0, 3.6, 0.0, 0.0], [-11.06, -6.16, -0.22, -1.56, 96.13, 93.38, 0.01, 1.0], [0.2, 25.0, 0.0, 0.0])
(44895451, [2.0, 0.53, 0.0, 0.75, 0.0, 0.78, 0.0, 2.19, 0.0, 0.0], [-13.21, -8.43, -0.2, -0.69, 96.13, 94.07, 0.01, 1.0], [0.2, 25.0, 0.0, 0.0])
(44995463, [2.0, 0.53, 0.0, 0.76, 0.0, 3.6, 0.0, 2.19, 0.0, 0.0], [-11.09, -8.71, -0.17, -1.04, 96.13, 95.0, 0.01, 1.0], [0.2, 25.0, 0.0, 0.0])
(45095815, [2.0, 0.53, 0.0, 0.78, 0.0, 3.6, 0.0, 3.6, 0.0, 0.0], [-9.85, -7.19, -0.16, -1.57, 96.13, 95.52, 0.01, 1.0], [0.2, 25.0, 0.0, 0.0])
(45195476, [2.0, 0.53, 0.0, 0.79, 0.0, 3.6, 0.0, 3.6, 0.0, 0.0], [-12.44, -8.69, -0.15, -0.81, 96.13, 96.05, 0.02, 1.0], [0.2, 25.0, 0.0, 0.0])
(45295492, [2.0, 0.53, 0.0, 0.84, 0.0, 3.6, 0.0, 3.6, 0.0, 0.0], [-13.99, -10.37, -0.15, -0.94, 96.13, 96.6, 0.02, 1.0], [0.2, 25.0, 0.0, 0.0])
(45395606, [2.0, 0.53, 0.0, 0.86, 0.0, 3.6, 0.0, 3.6, 0.0, 0.0], [-14.75, -10.87, -0.15, -0.96, 96.13, 96.8, 0.04, 1.0], [0.2, 25.0, 0.0, 0.0])
(45496231, [2.0, 0.54, 0.0, 0.92, 0.0, 3.6, 0.0, 3.6, 0.0, 0.0], [-15.13, -11.23, -0.16, -0.96, 96.13, 97.07, 0.04, 1.0], [0.2, 25.0, 0.0, 0.0])
(45596250, [2.0, 0.54, 0.0, 0.98, 0.0, 3.6, 0.0, 3.6, 0.0, 0.0], [-15.31, -11.59, -0.18, -0.69, 96.13, 97.38, 0.04, 1.0], [0.2, 25.0, 0.0, 0.0])
(45696898, [2.0, 0.55, 0.0, 1.07, 0.0, 3.6, 0.0, 3.6, 0.0, 0.0], [-15.41, -11.92, -0.21, -1.07, 96.13, 97.62, 0.04, 1.0], [0.2, 25.0, 0.0, 0.0])
(45796955, [2.0, 0.56, 0.0, 1.12, 0.0, 3.6, 0.0, 3.6, 0.0, 0.0], [-15.45, -12.48, -0.25, -0.69, 96.13, 97.78, 0.05, 1.0], [0.2, 25.0, 0.0, 0.0])
(45896292, [2.0, 0.57, 0.0, 1.24, 0.0, 3.6, 0.0, 3.6, 0.0, 0.0], [-15.47, -12.55, -0.28, -0.71, 96.13, 97.9, 0.05, 1.0], [0.2, 25.0, 0.0, 0.0])
(45996392, [2.0, 0.59, 0.0, 1.38, 0.0, 0.56, 0.0, 3.6, 0.0, 0.0], [-15.48, -12.63, -0.09, -0.55, 96.13, 98.15, 0.07, 1.0], [0.2, 25.0, 0.0, 0.0])
(46096339, [2.0, 0.6, 0.0, 1.45, 0.0, 0.55, 0.0, 3.6, 0.0, 0.0], [-15.49, -13.04, 0.08, -0.68, 96.13, 98.22, 0.07, 1.0], [0.2, 25.0, 0.0, 0.0])
(46196264, [2.0, 0.62, 0.0, 1.61, 0.0, 0.54, 0.0, 3.6, 0.0, 0.0], [-15.49, -13.02, 0.14, -0.67, 96.13, 98.08, 0.07, 1.0], [0.2, 25.0, 0.0, 0.0])
(46296264, [2.0, 0.63, 0.0, 1.71, 0.0, 0.53, 0.0, 0.69, 0.0, 0.0], [-10.81, -11.6, 0.16, -0.62, 96.13, 97.79, 0.07, 1.0], [0.2, 25.0, 0.0, 0.0])
(46396316, [2.0, 0.68, 0.0, 1.88, 0.0, 0.52, 0.0, 0.78, 0.0, 0.0], [-5.97, -5.77, 0.15, -1.74, 96.13, 97.41, 0.07, 1.0], [0.2, 25.0, 0.0, 0.0])
(46496273, [2.0, 0.68, 0.0, 1.97, 0.0, 0.52, 0.0, 1.14, 0.0, 0.0], [-4.52, -4.99, 0.12, -2.53, 96.13, 96.8, 0.07, 1.0], [0.2, 25.0, 0.0, 0.0])
(46596355, [2.0, 1.92, 0.0, 2.07, 0.0, 0.51, 0.0, 1.14, 0.0, 0.0], [-3.85, -5.98, 0.11, -2.34, 96.13, 96.34, 0.06, 1.0], [0.2, 25.0, 0.0, 0.0])
(46696319, [2.0, 1.91, 0.0, 2.26, 0.0, 0.5, 0.0, 0.84, 0.0, 0.0], [-3.24, -4.57, 0.06, -1.71, 96.13, 96.03, 0.06, 1.0], [0.2, 25.0, 0.0, 0.0])
(46796239, [2.0, 1.9, 0.0, 2.47, 0.0, 0.5, 0.0, 0.84, 0.0, 0.0], [-2.46, -3.36, 0.03, -0.78, 96.13, 95.82, 0.05, 1.0], [0.2, 25.0, 0.0, 0.0])
(46896391, [2.0, 1.9, 0.0, 2.47, 0.0, 0.49, 0.0, 0.52, 0.0, 0.0], [-1.47, -2.85, -0.53, -0.53, 96.13, 95.36, 0.05, 1.0], [0.2, 25.0, 0.0, 0.0])
(46996285, [2.0, 1.88, 0.0, 3.6, 0.0, 0.49, 0.0, 0.31, 0.0, 0.0], [-0.59, -2.53, -3.74, -3.27, 96.12, 94.9, 0.05, 1.0], [0.2, 25.0, 0.0, 0.0])
(47096497, [2.0, 1.71, 0.0, 3.6, 0.0, 0.49, 0.0, 0.31, 0.0, 0.0], [0.18, -5.14, -5.08, -6.31, 96.12, 105.81, 0.05, 1.0], [0.2, 25.0, 0.0, 0.0])
(47196359, [2.0, 1.81, 0.0, 2.94, 0.0, 0.47, 0.0, 0.16, 0.0, 0.0], [0.87, -5.03, -5.82, -7.76, 96.12, 105.66, 0.16, 1.0], [0.2, 25.0, 0.0, 0.0])
(47296280, [2.0, 1.81, 0.0, 2.94, 0.0, 0.46, 0.0, 0.17, 0.0, 0.0], [1.27, -5.5, -6.19, -7.96, 96.12, 104.13, 0.16, 1.0], [0.2, 25.0, 0.0, 0.0])
(47396348, [2.0, 3.6, 0.0, 3.6, 0.0, 0.46, 0.0, 0.17, 0.0, 0.0], [1.46, -5.21, -6.68, -7.5, 96.12, 103.62, 0.17, 1.0], [0.2, 25.0, 0.0, 0.0])
(47496323, [2.0, 3.6, 0.0, 3.6, 0.0, 0.46, 0.0, 0.18, 0.0, 0.0], [1.54, -2.95, -10.91, -9.44, 96.12, 101.74, 0.17, 1.0], [0.2, 25.0, 0.0, 0.0])
(47596274, [2.0, 3.6, 0.0, 3.6, 0.0, 0.5, 0.0, 0.18, 0.0, 0.0], [1.55, -1.7, -13.23, -13.68, 96.12, 99.11, 0.16, 1.0], [0.2, 25.0, 0.0, 0.0])
(47696309, [2.0, 3.6, 0.0, 3.6, 0.0, 0.53, 0.0, 0.18, 0.0, 0.0], [1.57, -0.91, -14.38, -17.02, 96.12, 95.62, 0.16, 1.0], [0.2, 25.0, 0.0, 0.0])
(47796290, [2.0, 0.5, 0.0, 2.87, 0.0, 0.62, 0.0, 0.2, 0.0, 0.0], [2.1, -1.75, -14.34, -19.56, 96.12, 90.84, 0.15, 1.0], [0.2, 25.0, 0.0, 0.0])
(47896384, [2.0, 0.48, 0.0, 2.87, 0.0, 0.67, 0.0, 0.2, 0.0, 0.0], [6.81, -2.11, -7.95, -19.78, 96.13, 85.39, 0.15, 1.0], [0.2, 25.0, 0.0, 0.0])
(47996269, [2.0, 0.48, 0.0, 3.6, 0.0, 0.81, 0.0, 0.21, 0.0, 0.0], [9.92, -2.15, -3.87, -17.61, 96.13, 79.35, 0.15, 1.0], [0.2, 25.0, 0.0, 0.0])
(48096290, [2.0, 0.5, 0.0, 3.6, 0.0, 0.88, 0.0, 0.22, 0.0, 0.0], [12.75, 0.99, -1.9, -14.89, 96.14, 73.69, 0.15, 1.0], [0.2, 25.0, 0.0, 0.0])
(48196301, [2.0, 0.44, 0.0, 1.11, 0.0, 1.17, 0.0, 0.25, 0.0, 0.0], [10.19, 3.48, -0.55, -10.48, 94.54, 66.46, 0.14, 1.0], [0.2, 25.0, 0.0, 0.0])
(48296364, [2.0, 0.35, 0.0, 1.11, 0.0, 1.31, 0.0, 0.28, 0.0, 0.0], [6.54, 3.67, 0.8, -2.63, 86.55, 59.47, 0.14, 1.0], [0.2, 25.0, 0.0, 0.0])
(48396466, [2.0, 0.34, 0.0, 3.6, 0.0, 1.31, 0.0, 0.35, 0.0, 0.0], [8.6, 4.92, 1.2, 1.02, 81.47, 54.63, 0.12, 1.0], [0.2, 25.0, 0.0, 0.0])
(48496238, [2.0, 0.35, 0.0, 3.6, 0.0, 3.6, 0.0, 0.39, 0.0, 0.0], [12.06, 10.09, 1.27, 0.13, 79.28, 52.15, 0.12, 1.0], [0.2, 25.0, 0.0, 0.0])
(48596636, [2.0, 0.38, 0.0, 3.6, 0.0, 3.6, 0.0, 0.44, 0.0, 0.0], [13.78, 13.87, 1.13, 0.65, 78.28, 51.06, 0.12, 1.0], [0.2, 25.0, 0.0, 0.0])
(48696255, [2.0, 0.44, 0.0, 3.6, 0.0, 3.6, 0.0, 0.48, 0.0, 0.0], [14.64, 16.3, 1.0, 1.54, 77.23, 50.15, 0.12, 1.0], [0.2, 25.0, 0.0, 0.0])
(48796376, [2.0, 0.48, 0.0, 3.6, 0.0, 3.6, 0.0, 0.58, 0.0, 0.0], [15.06, 16.74, 0.77, 2.61, 76.26, 49.51, 0.13, 1.0], [0.2, 25.0, 0.0, 0.0])
(48896677, [2.0, 0.61, 0.0, 0.58, 0.0, 0.99, 0.0, 0.71, 0.0, 0.0], [12.52, 14.86, 0.42, 3.24, 76.02, 49.66, 0.13, 1.0], [0.2, 25.0, 0.0, 0.0])
(48996281, [2.0, 0.63, 0.0, 0.57, 0.0, 0.99, 0.0, 0.79, 0.0, 0.0], [6.2, 8.9, 0.21, 6.13, 75.95, 50.3, 0.14, 1.0], [0.2, 25.0, 0.0, 0.0])
(49096237, [2.0, 0.39, 0.0, 0.57, 0.0, 1.52, 0.0, 0.88, 0.0, 0.0], [2.93, 7.61, 0.86, 1.04, 61.78, 34.55, 0.14, 1.0], [0.2, 25.0, 0.0, 0.0])
(49196330, [2.0, 0.39, 0.0, 0.23, 0.0, 1.52, 0.0, 0.88, 0.0, 0.0], [1.15, 6.84, 0.98, -0.17, 38.21, 11.5, 0.26, 1.0], [7.65, 25.0, 0.0, 0.0])
(49296236, [2.0, 0.8, 0.0, 0.23, 0.0, 2.31, 0.0, 2.24, 0.0, 0.0], [0.47, 7.34, 0.57, -0.34, 28.15, 1.46, 0.26, 1.0], [0.2, 25.0, 0.0, 0.0])
(49396301, [2.0, 0.85, 0.0, 0.27, 0.0, 2.31, 0.0, 2.24, 0.0, 0.0], [0.2, 6.29, 0.3, -0.3, 22.94, 356.32, 0.24, 1.0], [0.2, 25.0, 0.0, 0.0])
(49496335, [2.0, 0.93, 0.0, 0.32, 0.0, 3.6, 0.0, 0.95, 0.0, 0.0], [0.09, 5.28, 0.15, 0.43, 20.99, 354.44, 0.24, 1.0], [0.2, 25.0, 0.0, 0.0])
(49596371, [2.0, 0.97, 0.0, 0.34, 0.0, 1.2, 0.0, 0.91, 0.0, 0.0], [0.04, 3.67, 0.07, 2.16, 20.77, 354.56, 0.25, 1.0], [7.65, 25.0, 0.0, 0.0])
