(33477112, [2.0, 0.63, 0.0, 0.65, 0.0, 3.6, 0.0, 2.39, 0.0, 0.0], [0.0, 0.83, 0.0, 0.71, 4.47, 4.49, 0.0, 1.0], [0.2, 25.0, 0.0, 0.0])
(33576825, [2.0, 0.63, 0.0, 0.66, 0.0, 3.6, 0.0, 2.38, 0.0, 0.0], [0.0, 0.83, 0.0, 0.7, 4.47, 4.49, 0.0, 1.0], [0.2, 25.0, 0.0, 0.0])
(33677241, [2.0, 0.63, 0.0, 0.66, 0.0, 3.6, 0.0, 2.38, 0.0, 0.0], [0.0, 0.83, 0.0, 0.7, 4.48, 4.49, 0.0, 1.0], [0.2, 25.0, 0.0, 0.0])
(33776876, [2.0, 0.63, 0.0, 0.66, 0.0, 3.6, 0.0, 2.39, 0.0, 0.0], [0.0, 0.83, 0.0, 0.71, 4.47, 4.48, 0.0, 1.0], [0.2, 25.0, 0.0, 0.0])
(33877252, [2.0, 0.63, 0.0, 0.65, 0.0, 3.6, 0.0, 2.38, 0.0, 0.0], [0.0, 0.83, 0.0, 0.71, 4.47, 4.48, 0.0, 1.0], [0.2, 25.0, 0.0, 0.0])
(33976633, [2.0, 0.63, 0.0, 0.66, 0.0, 3.6, 0.0, 2.4, 0.0, 0.0], [0.0, 0.83, 0.0, 0.71, 4.47, 4.48, 0.0, 1.0], [0.2, 25.0, 0.0, 0.0])
(34077266, [2.0, 0.63, 0.0, 0.65, 0.0, 3.6, 0.0, 2.39, 0.0, 0.0], [0.0, 0.82, 0.0, 0.71, 4.47, 4.49, 0.0, 1.0], [0.2, 25.0, 0.0, 0.0])
(34176650, [2.0, 0.63, 0.0, 0.65, 0.0, 0.69, 0.0, 2.39, 0.0, 0.0], [0.0, 0.82, 0.0, 0.71, 4.47, 4.48, 0.0, 1.0], [0.2, 25.0, 0.0, 0.0])
(34277011, [2.0, 0.63, 0.0, 0.66, 0.0, 0.69, 0.0, 2.38, 0.0, 0.0], [0.0, 0.82, 0.0, 0.71, 4.47, 4.48, 0.0, 1.0], [0.2, 25.0, 0.0, 0.0])
(34377554, [2.0, 0.63, 0.0, 0.66, 0.0, 3.6, 0.0, 2.38, 0.0, 0.0], [0.0, 0.82, 0.0, 0.72, 4.47, 4.48, 0.0, 1.0], [0.2, 25.0, 0.0, 0.0])
(34476586, [2.0, 0.63, 0.0, 0.65, 0.0, 0.64, 0.0, 2.39, 0.0, 0.0], [0.0, 0.83, 0.0, 0.71, 4.47, 4.48, 0.0, 1.0], [0.2, 25.0, 0.0, 0.0])
(34576591, [2.0, 0.63, 0.0, 0.65, 0.0, 0.64, 0.0, 2.41, 0.0, 0.0], [0.0, 0.83, 0.0, 0.71, 4.47, 4.48, 0.0, 1.0], [0.2, 25.0, 0.0, 0.0])
(34676565, [2.0, 0.63, 0.0, 0.66, 0.0, 3.6, 0.0, 2.38, 0.0, 0.0], [0.0, 0.82, 0.0, 0.71, 4.47, 4.48, 0.0, 1.0], [0.2, 25.0, 0.0, 0.0])
(34777307, [2.0, 0.63, 0.0, 0.65, 0.0, 3.6, 0.0, 2.4, 0.0, 0.0], [0.0, 0.82, 0.0, 0.71, 4.47, 4.48, 0.0, 1.0], [0.2, 25.0, 0.0, 0.0])
(34876624, [2.0, 0.63, 0.0, 0.66, 0.0, 3.6, 0.0, 2.4, 0.0, 0.0], [0.0, 0.83, 0.0, 0.71, 4.47, 4.48, 0.0, 1.0], [0.2, 25.0, 0.0, 0.0])
(34977545, [2.0, 0.63, 0.0, 0.65, 0.0, 3.6, 0.0, 2.4, 0.0, 0.0], [0.0, 0.82, 0.0, 0.71, 4.47, 4.48, 0.0, 1.0], [0.2, 25.0, 0.0, 0.0])
(35076788, [2.0, 0.63, 0.0, 0.65, 0.0, 3.6, 0.0, 2.38, 0.0, 0.0], [0.0, 0.83, 0.0, 0.71, 4.47, 4.48, 0.0, 1.0], [0.2, 25.0, 0.0, 0.0])
(35176593, [2.0, 0.63, 0.0, 0.66, 0.0, 3.6, 0.0, 2.4, 0.0, 0.0], [0.0, 0.83, 0.0, 0.71, 4.46, 4.48, 0.0, 1.0], [0.2, 25.0, 0.0, 0.0])
(35276844, [2.0, 0.63, 0.0, 0.66, 0.0, 3.6, 0.0, 2.39, 0.0, 0.0], [0.0, 0.83, 0.0, 0.7, 4.46, 4.47, 0.0, 1.0], [0.2, 25.0, 0.0, 0.0])
(35376780, [2.0, 0.63, 0.0, 0.65, 0.0, 3.6, 0.0, 2.39, 0.0, 0.0], [0.0, 0.82, 0.0, 0.7, 4.46, 4.47, 0.0, 1.0], [0.2, 25.0, 0.0, 0.0])
(35476584, [2.0, 0.63, 0.0, 0.66, 0.0, 3.6, 0.0, 2.4, 0.0, 0.0], [0.0, 0.82, 0.0, 0.7, 4.46, 4.48, 0.0, 1.0], [0.2, 25.0, 0.0, 0.0])
(35576598, [2.0, 0.63, 0.0, 0.66, 0.0, 3.6, 0.0, 2.4, 0.0, 0.0], [0.0, 0.82, 0.0, 0.69, 4.46, 4.47, 0.0, 1.0], [0.2, 25.0, 0.0, 0.0])
(35676945, [2.0, 0.63, 0.0, 0.66, 0.0, 3.6, 0.0, 2.39, 0.0, 0.0], [0.0, 0.83, 0.0, 0.7, 4.47, 4.49, 0.0, 1.0], [0.2, 25.0, 0.0, 0.0])
(35776885, [2.0, 0.63, 0.0, 0.65, 0.0, 3.6, 0.0, 2.39, 0.0, 0.0], [0.0, 0.82, 0.0, 0.71, 4.48, 4.49, 0.0, 1.0], [0.2, 25.0, 0.0, 0.0])
(35876579, [2.0, 0.64, 0.0, 0.66, 0.0, 3.6, 0.0, 2.38, 0.0, 0.0], [0.0, 0.82, 0.0, 0.72, 4.45, 4.47, 0.0, 1.0], [0.2, 25.0, 0.0, 0.0])
(35976467, [2.0, 0.63, 0.0, 0.65, 0.0, 3.6, 0.0, 2.38, 0.0, 0.0], [0.0, 0.82, 0.0, 0.73, 4.46, 4.47, 0.0, 1.0], [0.2, 25.0, 0.0, 0.0])
(36076623, [2.0, 0.63, 0.0, 0.66, 0.0, 3.6, 0.0, 2.4, 0.0, 0.0], [0.0, 0.82, 0.0, 0.74, 4.47, 4.48, 0.0, 1.0], [0.2, 25.0, 0.0, 0.0])
(36176546, [2.0, 0.63, 0.0, 0.66, 0.0, 3.6, 0.0, 2.4, 0.0, 0.0], [0.0, 0.83, 0.0, 0.74, 4.46, 4.47, 0.0, 1.0], [0.2, 25.0, 0.0, 0.0])
(36277937, [2.0, 0.63, 0.0, 0.66, 0.0, 3.6, 0.0, 2.39, 0.0, 0.0], [0.0, 0.83, 0.0, 0.74, 4.46, 4.47, 0.0, 1.0], [0.2, 25.0, 0.0, 0.0])
(36376563, [2.0, 0.63, 0.0, 0.65, 0.0, 3.6, 0.0, 2.38, 0.0, 0.0], [0.0, 0.83, 0.0, 0.74, 4.46, 4.47, 0.0, 1.0], [0.2, 25.0, 0.0, 0.0])
(36477161, [2.0, 0.63, 0.0, 0.65, 0.0, 3.6, 0.0, 2.41, 0.0, 0.0], [0.0, 0.83, 0.0, 0.73, 4.45, 4.46, 0.0, 1.0], [0.2, 25.0, 0.0, 0.0])
(36576603, [2.0, 0.63, 0.0, 0.65, 0.0, 3.6, 0.0, 2.39, 0.0, 0.0], [0.0, 0.83, 0.0, 0.73, 4.45, 4.46, 0.0, 1.0], [0.2, 25.0, 0.0, 0.0])
(36676855, [2.0, 0.63, 0.0, 0.65, 0.0, 3.6, 0.0, 2.38, 0.0, 0.0], [0.0, 0.83, 0.0, 0.73, 4.45, 4.46, 0.0, 1.0], [0.2, 25.0, 0.0, 0.0])
(36776894, [2.0, 0.63, 0.0, 0.65, 0.0, 3.6, 0.0, 2.39, 0.0, 0.0], [0.0, 0.83, 0.0, 0.72, 4.46, 4.47, 0.0, 1.0], [0.2, 25.0, 0.0, 0.0])
(36877210, [2.0, 0.63, 0.0, 0.65, 0.0, 3.6, 0.0, 2.39, 0.0, 0.0], [0.0, 0.84, 0.0, 0.72, 4.46, 4.48, 0.0, 1.0], [0.2, 25.0, 0.0, 0.0])
(36976577, [2.0, 0.63, 0.0, 0.66, 0.0, 0.69, 0.0, 2.39, 0.0, 0.0], [0.0, 0.85, 0.0, 0.72, 4.46, 4.47, 0.0, 1.0], [0.2, 25.0, 0.0, 0.0])
(37077149, [2.0, 0.63, 0.0, 0.65, 0.0, 0.66, 0.0, 2.39, 0.0, 0.0], [0.0, 0.84, 0.0, 0.71, 4.45, 4.46, 0.0, 1.0], [0.2, 25.0, 0.0, 0.0])
(37176602, [2.0, 0.63, 0.0, 0.65, 0.0, 0.66, 0.0, 2.38, 0.0, 0.0], [0.0, 0.83, 0.0, 0.71, 4.45, 4.47, 0.0, 1.0], [0.2, 25.0, 0.0, 0.0])
(37276843, [2.0, 0.63, 0.0, 0.65, 0.0, 3.6, 0.0, 2.39, 0.0, 0.0], [0.0, 0.84, 0.0, 0.71, 4.47, 4.48, 0.0, 1.0], [0.2, 25.0, 0.0, 0.0])
(37376450, [2.0, 0.63, 0.0, 0.65, 0.0, 3.6, 0.0, 2.41, 0.0, 0.0], [0.0, 0.86, 0.0, 0.72, 4.46, 4.48, 0.0, 1.0], [0.2, 25.0, 0.0, 0.0])
(37476552, [2.0, 0.63, 0.0, 0.66, 0.0, 3.6, 0.0, 2.39, 0.0, 0.0], [0.0, 0.86, 0.0, 0.72, 4.46, 4.47, 0.0, 1.0], [0.2, 25.0, 0.0, 0.0])
(37576786, [2.0, 0.63, 0.0, 0.65, 0.0, 3.6, 0.0, 2.38, 0.0, 0.0], [0.0, 0.86, 0.0, 0.72, 4.46, 4.47, 0.0, 1.0], [0.2, 25.0, 0.0, 0.0])
(37676525, [2.0, 0.63, 0.0, 0.65, 0.0, 3.6, 0.0, 2.39, 0.0, 0.0], [0.0, 0.85, 0.0, 0.72, 4.46, 4.47, 0.0, 1.0], [0.2, 25.0, 0.0, 0.0])
(37776893, [2.0, 0.63, 0.0, 0.65, 0.0, 3.6, 0.0, 2.39, 0.0, 0.0], [0.0, 0.86, 0.0, 0.72, 4.46, 4.47, 0.0, 1.0], [0.2, 25.0, 0.0, 0.0])
(37877265, [2.0, 0.63, 0.0, 0.65, 0.0, 3.6, 0.0, 2.37, 0.0, 0.0], [0.0, 0.86, 0.0, 0.72, 4.46, 4.47, 0.0, 1.0], [0.2, 25.0, 0.0, 0.0])
(37977032, [2.0, 0.63, 0.0, 0.66, 0.0, 3.6, 0.0, 2.39, 0.0, 0.0], [0.0, 0.87, 0.0, 0.72, 4.46, 4.47, 0.0, 1.0], [0.2, 25.0, 0.0, 0.0])
(38076559, [2.0, 0.63, 0.0, 0.65, 0.0, 3.6, 0.0, 2.41, 0.0, 0.0], [0.0, 0.86, 0.0, 0.72, 4.46, 4.47, 0.0, 1.0], [0.2, 25.0, 0.0, 0.0])
(38177262, [2.0, 0.63, 0.0, 0.66, 0.0, 3.6, 0.0, 2.38, 0.0, 0.0], [0.0, 0.85, 0.0, 0.71, 4.45, 4.46, 0.0, 1.0], [0.2, 25.0, 0.0, 0.0])
(38276942, [2.0, 0.63, 0.0, 0.66, 0.0, 3.6, 0.0, 2.41, 0.0, 0.0], [0.0, 0.85, 0.0, 0.71, 4.46, 4.47, 0.0, 1.0], [0.2, 25.0, 0.0, 0.0])
(38376815, [2.0, 0.63, 0.0, 0.65, 0.0, 3.6, 0.0, 2.41, 0.0, 0.0], [0.0, 0.85, 0.0, 0.71, 4.46, 4.47, 0.0, 1.0], [0.2, 25.0, 0.0, 0.0])
(38479166, [2.0, 0.63, 0.0, 0.65, 0.0, 3.6, 0.0, 2.39, 0.0, 0.0], [0.0, 0.84, 0.0, 0.71, 4.46, 4.46, 0.0, 1.0], [0.2, 25.0, 0.0, 0.0])
(38578709, [2.0, 0.63, 0.0, 0.66, 0.0, 3.6, 0.0, 2.38, 0.0, 0.0], [0.0, 0.85, 0.0, 0.71, 4.46, 4.47, 0.0, 1.0], [0.2, 25.0, 0.0, 0.0])
(38678551, [2.0, 0.63, 0.0, 0.65, 0.0, 3.6, 0.0, 2.4, 0.0, 0.0], [0.0, 0.85, 0.0, 0.71, 4.46, 4.46, 0.0, 1.0], [0.2, 25.0, 0.0, 0.0])
(38778640, [2.0, 0.63, 0.0, 0.66, 0.0, 3.6, 0.0, 2.41, 0.0, 0.0], [-0.02, 0.86, -0.01, 0.7, 4.46, 4.46, 0.0, 1.0], [0.2, 25.0, 0.0, 0.0])
(38878680, [2.0, 0.63, 0.0, 0.65, 0.0, 3.6, 0.0, 2.39, 0.0, 0.0], [-4.01, 0.82, -0.33, 0.68, 4.46, 4.47, 0.0, 1.0], [0.2, 25.0, 0.0, 0.0])
(38978508, [2.0, 0.63, 0.0, 0.66, 0.0, 3.6, 0.0, 2.38, 0.0, 0.0], [-6.74, 0.8, -0.49, 0.71, 4.46, 4.45, 0.0, 1.0], [0.2, 25.0, 0.0, 0.0])
(39078625, [2.0, 0.63, 0.0, 0.66, 0.0, 3.6, 0.0, 2.4, 0.0, 0.0], [-8.15, 0.79, -0.57, 0.7, 4.46, 4.44, 0.0, 1.0], [0.2, 25.0, 0.0, 0.0])
(39178689, [2.0, 0.63, 0.0, 0.65, 0.0, 3.6, 0.0, 2.38, 0.0, 0.0], [-8.8, 0.79, -0.61, 0.7, 4.46, 4.44, 0.0, 1.0], [0.56, 25.0, 0.0, 0.0])
(39278649, [2.0, 0.63, 0.0, 0.66, 0.0, 3.6, 0.0, 2.41, 0.0, 0.0], [-9.16, 0.79, -0.63, 0.7, 4.46, 4.44, 0.0, 1.0], [0.56, 25.0, 0.0, 0.0])
(39378559, [2.0, 0.63, 0.0, 0.65, 0.0, 3.6, 0.0, 2.39, 0.0, 0.0], [-9.27, 0.79, -0.64, 0.7, 4.46, 4.42, 0.0, 1.0], [0.56, 25.0, 0.0, 0.0])
(39478526, [2.0, 0.63, 0.0, 0.65, 0.0, 3.6, 0.0, 2.39, 0.0, 0.0], [-9.36, 0.76, -0.64, 0.69, 4.46, 4.4, 0.0, 1.0], [0.57, 25.0, 0.0, 0.0])
(39578629, [2.0, 0.63, 0.0, 0.65, 0.0, 3.6, 0.0, 2.37, 0.0, 0.0], [-9.4, 0.79, -0.64, 0.7, 4.46, 4.41, 0.0, 1.0], [0.56, 25.0, 0.0, 0.0])
(39678482, [2.0, 0.63, 0.0, 0.66, 0.0, 3.6, 0.0, 2.39, 0.0, 0.0], [-9.4, 0.78, -0.64, 0.7, 4.46, 4.4, 0.0, 1.0], [0.56, 25.0, 0.0, 0.0])
(39778802, [2.0, 0.63, 0.0, 0.66, 0.0, 3.6, 0.0, 2.4, 0.0, 0.0], [-9.46, 0.78, -0.64, 0.69, 4.46, 4.38, 0.0, 1.0], [0.57, 25.0, 0.0, 0.0])
(39878613, [2.0, 0.63, 0.0, 0.66, 0.0, 3.6, 0.0, 2.41, 0.0, 0.0], [-9.49, 0.78, -0.64, 0.7, 4.46, 4.37, 0.0, 1.0], [0.56, 25.0, 0.0, 0.0])
(39978611, [2.0, 0.63, 0.0, 0.65, 0.0, 3.6, 0.0, 2.4, 0.0, 0.0], [-9.5, 0.78, -0.64, 0.7, 4.46, 4.35, 0.0, 1.0], [0.57, 25.0, 0.0, 0.0])
(40078556, [2.0, 0.63, 0.0, 0.66, 0.0, 3.6, 0.0, 2.4, 0.0, 0.0], [-9.5, 0.78, -0.64, 0.71, 4.46, 4.33, 0.0, 1.0], [0.57, 25.0, 0.0, 0.0])
(40178556, [2.0, 0.63, 0.0, 0.66, 0.0, 0.7, 0.0, 2.39, 0.0, 0.0], [-9.47, 0.78, -0.64, 0.69, 4.46, 4.31, 0.0, 1.0], [0.58, 25.0, 0.0, 0.0])
(40279080, [2.0, 0.63, 0.0, 0.65, 0.0, 0.7, 0.0, 2.38, 0.0, 0.0], [-9.45, 0.78, -0.64, 0.71, 4.46, 4.3, 0.0, 1.0], [0.57, 25.0, 0.0, 0.0])
(40378585, [2.0, 0.63, 0.0, 0.65, 0.0, 3.6, 0.0, 2.39, 0.0, 0.0], [-9.44, 0.77, -0.64, 0.68, 4.46, 4.27, 0.0, 1.0], [0.57, 25.0, 0.0, 0.0])
(40478727, [2.0, 0.63, 0.0, 0.65, 0.0, 3.6, 0.0, 2.39, 0.0, 0.0], [-9.44, 0.78, -0.64, 0.72, 4.46, 4.23, 0.0, 1.0], [0.58, 25.0, 0.0, 0.0])
(40579174, [2.0, 0.63, 0.0, 0.66, 0.0, 3.6, 0.0, 2.39, 0.0, 0.0], [-9.43, 0.77, -0.64, 0.67, 4.46, 4.19, 0.0, 1.0], [0.57, 25.0, 0.0, 0.0])
(40679080, [2.0, 0.63, 0.0, 0.66, 0.0, 3.6, 0.0, 2.39, 0.0, 0.0], [-9.44, 0.76, -0.64, 0.7, 4.46, 4.16, 0.0, 1.0], [0.57, 25.0, 0.0, 0.0])
(40779219, [2.0, 0.63, 0.0, 0.65, 0.0, 3.6, 0.0, 2.37, 0.0, 0.0], [-9.44, 0.76, -0.64, 0.69, 4.46, 4.11, 0.0, 1.0], [0.56, 25.0, 0.0, 0.0])
(40879023, [2.0, 0.63, 0.0, 0.66, 0.0, 3.6, 0.0, 2.4, 0.0, 0.0], [-9.44, 0.76, -0.64, 0.71, 4.46, 4.08, 0.01, 1.0], [0.56, 25.0, 0.0, 0.0])
(40979025, [2.0, 0.63, 0.0, 0.66, 0.0, 3.6, 0.0, 2.4, 0.0, 0.0], [-9.47, 0.77, -0.64, 0.69, 4.46, 4.05, 0.01, 1.0], [0.56, 25.0, 0.0, 0.0])
(41078984, [2.0, 0.63, 0.0, 0.65, 0.0, 3.6, 0.0, 2.38, 0.0, 0.0], [-9.45, 0.75, -0.64, 0.69, 4.46, 4.03, 0.0, 1.0], [0.26, 25.0, 0.0, 0.0])
(41179139, [2.0, 0.63, 0.0, 0.66, 0.0, 3.6, 0.0, 2.38, 0.0, 0.0], [-9.42, 0.75, -0.64, 0.71, 4.46, 4.01, 0.0, 1.0], [0.56, 25.0, 0.0, 0.0])
(41279241, [2.0, 0.63, 0.0, 0.66, 0.0, 3.6, 0.0, 2.39, 0.0, 0.0], [-9.41, 0.72, -0.64, 0.66, 4.46, 3.93, 0.01, 1.0], [0.58, 25.0, 0.0, 0.0])
(41379011, [2.0, 0.63, 0.0, 0.65, 0.0, 3.6, 0.0, 2.42, 0.0, 0.0], [-9.46, 0.72, -0.64, 0.65, 4.46, 3.86, 0.01, 1.0], [0.56, 25.0, 0.0, 0.0])
(41479094, [2.0, 0.63, 0.0, 0.65, 0.0, 3.6, 0.0, 2.38, 0.0, 0.0], [-9.51, 0.72, -0.64, 0.67, 4.46, 3.75, 0.01, 1.0], [0.56, 25.0, 0.0, 0.0])
(41579095, [2.0, 0.63, 0.0, 0.65, 0.0, 3.6, 0.0, 2.39, 0.0, 0.0], [-9.46, 0.68, -0.64, 0.63, 4.46, 3.62, 0.01, 1.0], [0.24, 25.0, 0.0, 0.0])
(41679135, [2.0, 0.62, 0.0, 0.66, 0.0, 0.73, 0.0, 2.4, 0.0, 0.0], [-9.47, 0.7, -0.64, 0.63, 4.46, 3.42, 0.01, 1.0], [0.56, 25.0, 0.0, 0.0])
(41779110, [2.0, 0.63, 0.0, 0.65, 0.0, 0.72, 0.0, 2.39, 0.0, 0.0], [-9.47, 0.58, -0.63, 0.63, 4.46, 3.2, 0.01, 1.0], [0.56, 25.0, 0.0, 0.0])
(41879043, [2.0, 0.63, 0.0, 0.65, 0.0, 0.72, 0.0, 2.38, 0.0, 0.0], [-9.48, 0.2, -0.64, 0.62, 4.46, 2.99, 0.01, 1.0], [0.2, 25.0, 0.0, 0.0])
(41979166, [2.0, 0.62, 0.0, 0.65, 0.0, 3.6, 0.0, 2.4, 0.0, 0.0], [-9.46, -0.65, -0.63, 0.64, 4.46, 2.75, 0.0, 1.0], [0.56, 25.0, 0.0, 0.0])
(42079029, [2.0, 0.63, 0.0, 0.66, 0.0, 3.6, 0.0, 2.38, 0.0, 0.0], [-9.44, -2.08, -0.63, 0.62, 4.46, 2.56, 0.0, 1.0], [0.24, 25.0, 0.0, 0.0])
(42179070, [2.0, 0.62, 0.0, 0.67, 0.0, 3.6, 0.0, 2.38, 0.0, 0.0], [-9.42, -3.88, -0.62, 0.61, 4.46, 2.39, 0.01, 1.0], [0.55, 25.0, 0.0, 0.0])
(42279231, [2.0, 0.63, 0.0, 0.67, 0.0, 3.6, 0.0, 2.34, 0.0, 0.0], [-9.41, -6.04, -0.62, 0.57, 4.46, 2.37, 0.01, 1.0], [0.56, 25.0, 0.0, 0.0])
(42379195, [2.0, 0.62, 0.0, 0.67, 0.0, 3.6, 0.0, 2.34, 0.0, 0.0], [-9.3, -8.42, -0.61, 0.6, 4.46, 2.67, 0.01, 1.0], [7.65, 25.0, 0.0, 0.0])
(42479071, [2.0, 0.62, 0.0, 0.69, 0.0, 3.6, 0.0, 3.6, 0.0, 0.0], [-9.56, -10.63, -0.6, 0.63, 4.46, 3.31, 0.01, 1.0], [0.51, 25.0, 0.0, 0.0])
(42579059, [2.0, 0.62, 0.0, 0.7, 0.0, 3.6, 0.0, 3.6, 0.0, 0.0], [-12.51, -13.7, -0.6, 0.59, 4.46, 4.14, 0.01, 1.0], [0.38, 25.0, 0.0, 0.0])
(42679067, [2.0, 0.62, 0.0, 0.73, 0.0, 3.6, 0.0, 3.6, 0.0, 0.0], [-14.02, -17.96, -0.6, 0.5, 4.46, 5.23, 0.01, 1.0], [0.44, 25.0, 0.0, 0.0])
(42779246, [2.0, 0.61, 0.0, 0.76, 0.0, 3.6, 0.0, 3.6, 0.0, 0.0], [-14.77, -20.67, -0.6, 0.43, 4.46, 6.82, 0.02, 1.0], [0.41, 25.0, 0.0, 0.0])
(42879086, [2.0, 0.61, 0.0, 0.86, 0.0, 3.6, 0.0, 0.41, 0.0, 0.0], [-11.59, -21.22, -0.57, 0.51, 4.46, 8.49, 0.02, 1.0], [0.2, 25.0, 0.0, 0.0])
(42978936, [2.0, 0.6, 0.0, 0.9, 0.0, 3.6, 0.0, 0.41, 0.0, 0.0], [-5.49, -14.87, -0.56, 0.56, 4.46, 9.84, 0.05, 1.0], [0.39, 25.0, 0.0, 0.0])
(43079001, [2.0, 0.6, 0.0, 0.95, 0.0, 3.6, 0.0, 0.61, 0.0, 0.0], [-2.71, -8.9, -0.53, 0.66, 4.46, 10.62, 0.05, 1.0], [0.39, 25.0, 0.0, 0.0])
(43179108, [2.0, 0.6, 0.0, 1.0, 0.0, 3.6, 0.0, 0.61, 0.0, 0.0], [-1.61, -7.13, -0.51, 0.84, 4.46, 10.17, 0.07, 1.0], [0.4, 25.0, 0.0, 0.0])
(43279107, [2.0, 0.59, 0.0, 1.11, 0.0, 3.6, 0.0, 1.92, 0.0, 0.0], [0.42, -6.71, -0.49, 0.72, 4.46, 8.92, 0.07, 1.0], [0.41, 25.0, 0.0, 0.0])
(43378988, [2.0, 0.58, 0.0, 1.22, 0.0, 0.53, 0.0, 1.8, 0.0, 0.0], [1.85, -5.82, -0.18, 0.88, 4.46, 7.31, 0.05, 1.0], [0.42, 25.0, 0.0, 0.0])
(43479042, [2.0, 0.58, 0.0, 1.28, 0.0, 0.53, 0.0, 1.75, 0.0, 0.0], [2.81, -5.23, -0.01, 0.74, 4.46, 5.67, 0.05, 1.0], [0.44, 25.0, 0.0, 0.0])
(43579139, [2.0, 0.57, 0.0, 1.4, 0.0, 0.56, 0.0, 1.64, 0.0, 0.0], [3.48, -4.93, 0.1, 0.53, 4.46, 4.08, 0.04, 1.0], [0.45, 25.0, 0.0, 0.0])
(43678956, [2.0, 0.56, 0.0, 1.46, 0.0, 0.57, 0.0, 1.6, 0.0, 0.0], [4.07, -3.74, 0.06, -0.45, 4.46, 2.62, 0.04, 1.0], [0.47, 25.0, 0.0, 0.0])
(43779761, [2.0, 0.55, 0.0, 1.57, 0.0, 0.59, 0.0, 1.48, 0.0, 0.0], [4.56, -2.57, -0.11, -1.15, 4.46, 1.21, 0.04, 1.0], [0.48, 25.0, 0.0, 0.0])
(43879344, [2.0, 0.55, 0.0, 1.63, 0.0, 0.6, 0.0, 1.42, 0.0, 0.0], [5.05, -1.4, -0.18, -2.04, 4.46, 359.88, 0.04, 1.0], [0.49, 25.0, 0.0, 0.0])
(43979384, [2.0, 0.53, 0.0, 1.75, 0.0, 0.63, 0.0, 1.31, 0.0, 0.0], [5.48, -0.51, -0.18, -2.85, 4.46, 358.57, 0.04, 1.0], [0.5, 25.0, 0.0, 0.0])
(44079080, [2.0, 0.51, 0.0, 1.81, 0.0, 0.65, 0.0, 1.24, 0.0, 0.0], [5.96, 0.02, -0.13, -3.38, 4.46, 357.17, 0.04, 1.0], [0.51, 25.0, 0.0, 0.0])
(44179062, [2.0, 0.53, 0.0, 1.91, 0.0, 0.72, 0.0, 1.15, 0.0, 0.0], [6.41, 0.94, -0.14, -3.97, 4.46, 355.87, 0.05, 1.0], [0.52, 25.0, 0.0, 0.0])
(44279252, [2.0, 1.72, 0.0, 1.95, 0.0, 0.74, 0.0, 1.1, 0.0, 0.0], [6.78, 0.75, 0.29, -3.74, 4.46, 354.92, 0.05, 1.0], [0.52, 25.0, 0.0, 0.0])
(44379109, [2.0, 1.66, 0.0, 1.99, 0.0, 0.8, 0.0, 0.99, 0.0, 0.0], [7.09, 0.76, 0.82, -3.44, 4.46, 353.77, 0.05, 1.0], [0.53, 25.0, 0.0, 0.0])
(44479195, [2.0, 1.63, 0.0, 1.99, 0.0, 0.84, 0.0, 0.95, 0.0, 0.0], [7.27, 0.89, 1.21, -4.01, 4.46, 352.83, 0.05, 1.0], [0.53, 25.0, 0.0, 0.0])
(44579069, [2.0, 1.55, 0.0, 3.6, 0.0, 0.91, 0.0, 0.85, 0.0, 0.0], [7.61, 0.67, 1.56, -3.85, 4.46, 352.12, 0.05, 1.0], [0.53, 25.0, 0.0, 0.0])
(44679055, [2.0, 1.47, 0.0, 3.6, 0.0, 0.95, 0.0, 0.81, 0.0, 0.0], [11.41, 1.65, 1.87, -3.08, 4.46, 351.83, 0.05, 1.0], [0.53, 25.0, 0.0, 0.0])
(44779080, [2.0, 1.42, 0.0, 3.6, 0.0, 1.03, 0.0, 0.72, 0.0, 0.0], [13.48, 3.75, 2.18, -2.12, 4.46, 352.2, 0.05, 1.0], [0.53, 25.0, 0.0, 0.0])
(44879072, [2.0, 1.33, 0.0, 3.6, 0.0, 1.06, 0.0, 0.68, 0.0, 0.0], [14.5, 4.98, 2.46, -1.42, 4.46, 352.78, 0.05, 1.0], [0.53, 25.0, 0.0, 0.0])
(44979065, [2.0, 1.28, 0.0, 0.53, 0.0, 1.16, 0.0, 0.6, 0.0, 0.0], [10.7, 4.99, 0.1, -1.57, 4.46, 353.37, 0.06, 1.0], [0.53, 25.0, 0.0, 0.0])
(45079363, [2.0, 1.17, 0.0, 0.58, 0.0, 1.2, 0.0, 0.56, 0.0, 0.0], [5.23, -1.57, -1.82, -3.09, 4.47, 354.21, 0.06, 1.0], [0.53, 25.0, 0.0, 0.0])
(45179623, [2.0, 1.12, 0.0, 2.53, 0.0, 1.31, 0.0, 0.5, 0.0, 0.0], [2.52, -3.96, -2.53, -3.0, 4.47, 355.24, 0.06, 1.0], [0.53, 25.0, 0.0, 0.0])
(45279091, [2.0, 1.0, 0.0, 2.62, 0.0, 1.35, 0.0, 0.47, 0.0, 0.0], [1.29, -3.91, -2.68, -3.18, 4.47, 356.19, 0.06, 1.0], [0.55, 25.0, 0.0, 0.0])
(45379054, [2.0, 0.93, 0.0, 2.64, 0.0, 1.47, 0.0, 0.4, 0.0, 0.0], [0.81, -2.69, -2.5, -3.5, 4.47, 357.42, 0.06, 1.0], [0.55, 25.0, 0.0, 0.0])
(45479070, [2.0, 0.81, 0.0, 2.72, 0.0, 1.53, 0.0, 0.36, 0.0, 0.0], [0.71, -1.02, -2.18, -3.52, 4.47, 358.95, 0.06, 1.0], [0.54, 25.0, 0.0, 0.0])
(45579114, [2.0, 0.73, 0.0, 2.75, 0.0, 1.63, 0.0, 0.28, 0.0, 0.0], [0.81, -0.07, -1.76, -3.62, 4.47, 0.45, 0.06, 1.0], [0.54, 25.0, 0.0, 0.0])
(45679034, [2.0, 0.58, 0.0, 2.79, 0.0, 1.72, 0.0, 0.23, 0.0, 0.0], [1.03, -1.02, -1.34, -3.88, 4.47, 358.36, 0.06, 1.0], [0.55, 25.0, 0.0, 0.0])
(45779088, [2.0, 0.52, 0.0, 2.79, 0.0, 1.84, 0.0, 0.17, 0.0, 0.0], [0.53, -2.97, -0.67, -5.62, 4.47, 351.3, 0.12, 1.0], [0.56, 25.0, 0.0, 0.0])
(45879448, [2.0, 0.4, 0.0, 2.92, 0.0, 2.05, 0.0, 0.2, 0.0, 0.0], [0.26, -2.3, -0.33, -7.78, 4.47, 347.28, 0.12, 1.0], [0.55, 25.0, 0.0, 0.0])
(45979085, [2.0, 0.33, 0.0, 2.92, 0.0, 2.05, 0.0, 0.21, 0.0, 0.0], [0.13, -0.64, -0.16, -8.15, 4.47, 344.81, 0.1, 1.0], [0.56, 25.0, 0.0, 0.0])
(46079054, [2.0, 0.2, 0.0, 3.6, 0.0, 2.31, 0.0, 0.2, 0.0, 0.0], [0.06, 5.87, -0.08, -15.5, 4.47, 346.54, 0.1, 1.0], [0.56, 25.0, 0.0, 0.0])
(46179231, [2.0, 0.18, 0.0, 0.76, 0.0, 2.31, 0.0, 0.19, 0.0, 0.0], [0.03, 9.53, -0.04, -18.52, 4.47, 358.38, 0.17, 1.0], [0.2, 25.0, 0.0, 0.0])
(46279244, [2.0, 0.2, 0.0, 0.86, 0.0, 3.6, 0.0, 0.2, 0.0, 0.0], [0.01, 17.07, -0.01, -27.52, 4.47, 357.64, 0.17, 1.0], [0.2, 25.0, 0.0, 0.0])
(46379044, [2.0, 0.2, 0.0, 0.86, 0.0, 3.6, 0.0, 0.23, 0.0, 0.0], [0.0, 7.41, 0.0, -21.43, 4.47, 359.53, 0.17, 1.0], [0.2, 25.0, 0.0, 0.0])
(46479049, [2.0, 0.16, 0.0, 3.6, 0.0, 2.36, 0.0, 0.22, 0.0, 0.0], [0.0, -0.48, 0.0, -20.13, 4.47, 358.38, 0.17, 1.0], [0.2, 25.0, 0.0, 0.0])
(46579118, [2.0, 0.18, 0.0, 3.6, 0.0, 2.36, 0.0, 0.23, 0.0, 0.0], [0.0, 3.04, 0.0, -25.82, 4.47, 355.1, 0.14, 1.0], [0.2, 25.0, 0.0, 0.0])
(46679067, [2.0, 0.17, 0.0, 3.6, 0.0, 3.6, 0.0, 0.28, 0.0, 0.0], [0.0, 5.16, 0.0, -28.78, 4.47, 358.17, 0.14, 1.0], [0.2, 25.0, 0.0, 0.0])
(46779099, [2.0, 0.15, 0.0, 3.6, 0.0, 3.6, 0.0, 0.3, 0.0, 0.0], [0.0, 2.26, 0.0, -33.53, 4.47, 354.04, 0.14, 1.0], [0.2, 25.0, 0.0, 0.0])
(46879082, [2.0, 0.14, 0.0, 3.6, 0.0, 3.6, 0.0, 0.33, 0.0, 0.0], [0.0, 0.98, 0.0, -34.45, 4.47, 355.39, 0.14, 1.0], [0.2, 25.0, 0.0, 0.0])
(46978971, [2.0, 0.16, 0.0, 3.6, 0.0, 3.6, 0.0, 0.33, 0.0, 0.0], [0.0, -0.31, 0.0, -31.48, 4.47, 357.64, 0.13, 1.0], [0.2, 25.0, 0.0, 0.0])
(104582375, [2.0, 0.45, 0.0, 0.53, 0.0, 3.6, 0.0, 2.5, 0.0, 0.0], [0.38, 0.55, 0.64, 0.94, 6.48, 6.49, 0.0, 1.0], [0.2, 25.0, 0.0, 0.0])
(104682308, [2.0, 0.45, 0.0, 0.52, 0.0, 3.6, 0.0, 2.51, 0.0, 0.0], [0.18, 0.55, 0.31, 0.93, 6.48, 6.49, 0.0, 1.0], [0.2, 25.0, 0.0, 0.0])
(104782334, [2.0, 0.45, 0.0, 0.53, 0.0, 3.6, 0.0, 2.52, 0.0, 0.0], [0.09, 0.55, 0.15, 0.94, 6.48, 6.49, 0.0, 1.0], [0.2, 25.0, 0.0, 0.0])
(104882383, [2.0, 0.45, 0.0, 0.52, 0.0, 3.6, 0.0, 2.52, 0.0, 0.0], [0.04, 0.55, 0.07, 0.93, 6.49, 6.49, 0.0, 1.0], [0.2, 25.0, 0.0, 0.0])
(104982469, [2.0, 0.45, 0.0, 0.53, 0.0, 3.6, 0.0, 2.51, 0.0, 0.0], [0.02, 0.55, 0.03, 0.93, 6.49, 6.5, 0.0, 1.0], [0.2, 25.0, 0.0, 0.0])
(105083027, [2.0, 0.45, 0.0, 0.53, 0.0, 3.6, 0.0, 2.51, 0.0, 0.0], [0.01, 0.55, 0.01, 0.92, 6.49, 6.5, 0.0, 1.0], [0.2, 25.0, 0.0, 0.0])
(105182288, [2.0, 0.45, 0.0, 0.53, 0.0, 3.6, 0.0, 2.51, 0.0, 0.0], [0.0, 0.55, 0.0, 0.93, 6.5, 6.5, 0.0, 1.0], [0.2, 25.0, 0.0, 0.0])
(105282434, [2.0, 0.45, 0.0, 0.52, 0.0, 3.6, 0.0, 2.51, 0.0, 0.0], [0.0, 0.55, 0.0, 0.93, 6.5, 6.51, 0.0, 1.0], [0.2, 25.0, 0.0, 0.0])
(105382550, [2.0, 0.45, 0.0, 0.53, 0.0, 3.6, 0.0, 2.52, 0.0, 0.0], [0.0, 0.55, 0.0, 0.93, 6.51, 6.51, 0.0, 1.0], [0.2, 25.0, 0.0, 0.0])
(105482345, [2.0, 0.45, 0.0, 0.53, 0.0, 3.6, 0.0, 2.51, 0.0, 0.0], [0.0, 0.55, 0.0, 0.93, 6.51, 6.52, 0.0, 1.0], [0.2, 25.0, 0.0, 0.0])
(105582373, [2.0, 0.45, 0.0, 0.52, 0.0, 3.6, 0.0, 2.52, 0.0, 0.0], [0.0, 0.54, 0.0, 0.93, 6.51, 6.52, 0.0, 1.0], [0.2, 25.0, 0.0, 0.0])
(105682120, [2.0, 0.45, 0.0, 0.53, 0.0, 3.6, 0.0, 2.5, 0.0, 0.0], [0.0, 0.54, 0.0, 0.93, 6.51, 6.52, 0.0, 1.0], [0.2, 25.0, 0.0, 0.0])
(105782160, [2.0, 0.45, 0.0, 0.52, 0.0, 3.6, 0.0, 2.52, 0.0, 0.0], [0.0, 0.54, 0.0, 0.92, 6.52, 6.52, 0.0, 1.0], [0.2, 25.0, 0.0, 0.0])
(105882381, [2.0, 0.45, 0.0, 0.53, 0.0, 3.6, 0.0, 2.5, 0.0, 0.0], [0.0, 0.54, 0.0, 0.92, 6.52, 6.53, 0.0, 1.0], [0.2, 25.0, 0.0, 0.0])
(105982751, [2.0, 0.45, 0.0, 0.53, 0.0, 3.6, 0.0, 2.51, 0.0, 0.0], [0.0, 0.54, 0.0, 0.92, 6.52, 6.53, 0.0, 1.0], [0.2, 25.0, 0.0, 0.0])
(106082312, [2.0, 0.45, 0.0, 0.52, 0.0, 3.6, 0.0, 2.52, 0.0, 0.0], [0.0, 0.54, 0.0, 0.92, 6.53, 6.54, 0.0, 1.0], [0.2, 25.0, 0.0, 0.0])
(106182707, [2.0, 0.45, 0.0, 0.53, 0.0, 3.6, 0.0, 2.51, 0.0, 0.0], [0.0, 0.54, 0.0, 0.92, 6.53, 6.54, 0.0, 1.0], [0.2, 25.0, 0.0, 0.0])
(106282396, [2.0, 0.45, 0.0, 0.52, 0.0, 3.6, 0.0, 2.51, 0.0, 0.0], [0.0, 0.54, 0.0, 0.92, 6.54, 6.55, 0.0, 1.0], [0.2, 25.0, 0.0, 0.0])
(106382131, [2.0, 0.45, 0.0, 0.53, 0.0, 3.6, 0.0, 2.51, 0.0, 0.0], [0.0, 0.54, 0.0, 0.92, 6.54, 6.54, 0.0, 1.0], [0.2, 25.0, 0.0, 0.0])
(106482349, [2.0, 0.45, 0.0, 0.53, 0.0, 3.6, 0.0, 2.5, 0.0, 0.0], [0.0, 0.54, 0.0, 0.92, 6.54, 6.55, 0.0, 1.0], [0.2, 25.0, 0.0, 0.0])
(106582354, [2.0, 0.45, 0.0, 0.53, 0.0, 3.6, 0.0, 2.5, 0.0, 0.0], [0.0, 0.54, 0.0, 0.92, 6.55, 6.56, 0.0, 1.0], [0.2, 25.0, 0.0, 0.0])
(106682328, [2.0, 0.45, 0.0, 0.52, 0.0, 3.6, 0.0, 2.52, 0.0, 0.0], [0.0, 0.54, 0.0, 0.92, 6.55, 6.56, 0.0, 1.0], [0.2, 25.0, 0.0, 0.0])
(106782482, [2.0, 0.45, 0.0, 0.53, 0.0, 3.6, 0.0, 2.51, 0.0, 0.0], [0.0, 0.54, 0.0, 0.92, 6.56, 6.57, 0.0, 1.0], [0.2, 25.0, 0.0, 0.0])
(106882370, [2.0, 0.45, 0.0, 0.53, 0.0, 3.6, 0.0, 2.5, 0.0, 0.0], [0.0, 0.54, 0.0, 0.91, 6.56, 6.57, 0.0, 1.0], [0.2, 25.0, 0.0, 0.0])
(106982335, [2.0, 0.45, 0.0, 0.52, 0.0, 3.6, 0.0, 2.5, 0.0, 0.0], [0.0, 0.54, 0.0, 0.91, 6.56, 6.57, 0.0, 1.0], [0.2, 25.0, 0.0, 0.0])
(107083169, [2.0, 0.45, 0.0, 0.53, 0.0, 3.6, 0.0, 2.52, 0.0, 0.0], [0.0, 0.53, 0.0, 0.92, 6.58, 6.58, 0.0, 1.0], [0.2, 25.0, 0.0, 0.0])
(107182336, [2.0, 0.45, 0.0, 0.53, 0.0, 3.6, 0.0, 2.5, 0.0, 0.0], [0.0, 0.53, 0.0, 0.93, 6.58, 6.59, 0.0, 1.0], [0.2, 25.0, 0.0, 0.0])
(107282645, [2.0, 0.45, 0.0, 0.53, 0.0, 3.6, 0.0, 2.51, 0.0, 0.0], [0.0, 0.54, 0.0, 0.94, 6.61, 6.61, 0.0, 1.0], [0.2, 25.0, 0.0, 0.0])
(107382145, [2.0, 0.45, 0.0, 0.53, 0.0, 3.6, 0.0, 2.52, 0.0, 0.0], [0.0, 0.55, 0.0, 0.93, 6.54, 6.54, 0.0, 1.0], [0.2, 25.0, 0.0, 0.0])
(107482121, [2.0, 0.45, 0.0, 0.53, 0.0, 3.6, 0.0, 2.52, 0.0, 0.0], [0.0, 0.54, 0.0, 0.93, 6.55, 6.56, 0.0, 1.0], [0.2, 25.0, 0.0, 0.0])
(107582352, [2.0, 0.45, 0.0, 0.53, 0.0, 3.6, 0.0, 2.52, 0.0, 0.0], [0.0, 0.53, 0.0, 0.93, 6.55, 6.56, 0.0, 1.0], [0.2, 25.0, 0.0, 0.0])
(107682137, [2.0, 0.45, 0.0, 0.52, 0.0, 3.6, 0.0, 2.5, 0.0, 0.0], [0.0, 0.54, 0.0, 0.92, 6.54, 6.55, 0.0, 1.0], [0.2, 25.0, 0.0, 0.0])
(107782345, [2.0, 0.45, 0.0, 0.53, 0.0, 3.6, 0.0, 2.5, 0.0, 0.0], [0.0, 0.54, 0.0, 0.91, 6.55, 6.56, 0.0, 1.0], [0.2, 25.0, 0.0, 0.0])
(107882455, [2.0, 0.45, 0.0, 0.53, 0.0, 3.6, 0.0, 2.51, 0.0, 0.0], [0.0, 0.53, 0.0, 0.91, 6.55, 6.56, 0.0, 1.0], [0.2, 25.0, 0.0, 0.0])
(107982415, [2.0, 0.45, 0.0, 0.52, 0.0, 3.6, 0.0, 2.5, 0.0, 0.0], [0.0, 0.54, 0.0, 0.9, 6.57, 6.58, 0.0, 1.0], [0.2, 25.0, 0.0, 0.0])
(108082144, [2.0, 0.45, 0.0, 0.52, 0.0, 3.6, 0.0, 2.51, 0.0, 0.0], [0.0, 0.54, 0.0, 0.9, 6.56, 6.57, 0.0, 1.0], [0.2, 25.0, 0.0, 0.0])
(108182169, [2.0, 0.45, 0.0, 0.53, 0.0, 3.6, 0.0, 2.51, 0.0, 0.0], [0.0, 0.54, 0.0, 0.9, 6.56, 6.57, 0.0, 1.0], [0.2, 25.0, 0.0, 0.0])
(108282408, [2.0, 0.45, 0.0, 0.53, 0.0, 3.6, 0.0, 2.53, 0.0, 0.0], [0.0, 0.54, 0.0, 0.9, 6.56, 6.57, 0.0, 1.0], [0.2, 25.0, 0.0, 0.0])
(108382407, [2.0, 0.45, 0.0, 0.53, 0.0, 3.6, 0.0, 2.5, 0.0, 0.0], [0.0, 0.53, 0.0, 0.9, 6.57, 6.57, 0.0, 1.0], [0.2, 25.0, 0.0, 0.0])
(108482715, [2.0, 0.45, 0.0, 0.53, 0.0, 3.6, 0.0, 2.51, 0.0, 0.0], [0.0, 0.53, 0.0, 0.89, 6.56, 6.57, 0.0, 1.0], [0.2, 25.0, 0.0, 0.0])
(108582763, [2.0, 0.45, 0.0, 0.53, 0.0, 3.6, 0.0, 2.51, 0.0, 0.0], [0.0, 0.52, 0.0, 0.89, 6.58, 6.59, 0.0, 1.0], [0.2, 25.0, 0.0, 0.0])
(108682302, [2.0, 0.45, 0.0, 0.53, 0.0, 3.6, 0.0, 2.49, 0.0, 0.0], [0.0, 0.53, 0.0, 0.9, 6.59, 6.59, 0.0, 1.0], [0.2, 25.0, 0.0, 0.0])
(108782383, [2.0, 0.45, 0.0, 0.53, 0.0, 3.6, 0.0, 2.49, 0.0, 0.0], [0.0, 0.53, 0.0, 0.89, 6.58, 6.59, 0.0, 1.0], [0.2, 25.0, 0.0, 0.0])
(108882380, [2.0, 0.45, 0.0, 0.53, 0.0, 3.6, 0.0, 2.49, 0.0, 0.0], [0.0, 0.52, 0.0, 0.89, 6.59, 6.59, 0.0, 1.0], [0.2, 25.0, 0.0, 0.0])
(108982348, [2.0, 0.45, 0.0, 0.52, 0.0, 3.6, 0.0, 2.51, 0.0, 0.0], [0.0, 0.52, 0.0, 0.89, 6.59, 6.59, 0.0, 1.0], [0.2, 25.0, 0.0, 0.0])
(109082353, [2.0, 0.45, 0.0, 0.53, 0.0, 3.6, 0.0, 2.51, 0.0, 0.0], [0.0, 0.52, 0.0, 0.89, 6.59, 6.6, 0.0, 1.0], [0.2, 25.0, 0.0, 0.0])
(109182399, [2.0, 0.45, 0.0, 0.53, 0.0, 3.6, 0.0, 2.49, 0.0, 0.0], [0.0, 0.52, 0.0, 0.89, 6.6, 6.61, 0.0, 1.0], [0.2, 25.0, 0.0, 0.0])
(109282387, [2.0, 0.45, 0.0, 0.52, 0.0, 3.6, 0.0, 2.51, 0.0, 0.0], [0.0, 0.53, 0.0, 0.89, 6.61, 6.61, 0.0, 1.0], [0.2, 25.0, 0.0, 0.0])
(109382163, [2.0, 0.44, 0.0, 0.53, 0.0, 3.6, 0.0, 2.51, 0.0, 0.0], [0.0, 0.53, 0.0, 0.89, 6.59, 6.6, 0.0, 1.0], [0.2, 25.0, 0.0, 0.0])
(109482104, [2.0, 0.45, 0.0, 0.52, 0.0, 3.6, 0.0, 2.51, 0.0, 0.0], [0.0, 0.52, 0.0, 0.89, 6.6, 6.61, 0.0, 1.0], [0.2, 25.0, 0.0, 0.0])
(109582349, [2.0, 0.45, 0.0, 0.52, 0.0, 3.6, 0.0, 2.48, 0.0, 0.0], [0.0, 0.52, 0.0, 0.89, 6.6, 6.61, 0.0, 1.0], [0.2, 25.0, 0.0, 0.0])
(109682142, [2.0, 0.45, 0.0, 0.52, 0.0, 3.6, 0.0, 2.52, 0.0, 0.0], [0.0, 0.53, 0.0, 0.89, 6.6, 6.62, 0.0, 1.0], [0.2, 25.0, 0.0, 0.0])
(109782565, [2.0, 0.45, 0.0, 0.53, 0.0, 3.6, 0.0, 2.52, 0.0, 0.0], [0.0, 0.53, 0.0, 0.89, 6.6, 6.62, 0.0, 1.0], [0.2, 25.0, 0.0, 0.0])
(109882371, [2.0, 0.45, 0.0, 0.52, 0.0, 3.6, 0.0, 2.52, 0.0, 0.0], [0.0, 0.53, 0.0, 0.89, 6.6, 6.61, 0.0, 1.0], [0.2, 25.0, 0.0, 0.0])
(109982324, [2.0, 0.45, 0.0, 0.52, 0.0, 3.6, 0.0, 2.5, 0.0, 0.0], [0.0, 0.52, 0.0, 0.88, 6.6, 6.63, 0.0, 1.0], [0.2, 25.0, 0.0, 0.0])
(110082243, [2.0, 0.45, 0.0, 0.53, 0.0, 3.6, 0.0, 2.5, 0.0, 0.0], [0.0, 0.53, 0.0, 0.87, 6.6, 6.62, 0.0, 1.0], [0.2, 25.0, 0.0, 0.0])
(110182148, [2.0, 0.45, 0.0, 0.53, 0.0, 3.6, 0.0, 2.51, 0.0, 0.0], [-4.12, 0.45, 0.12, 0.89, 6.6, 6.63, 0.0, 1.0], [0.2, 25.0, 0.0, 0.0])
(110282541, [2.0, 0.45, 0.0, 0.53, 0.0, 3.6, 0.0, 2.5, 0.0, 0.0], [-7.11, 0.45, 0.19, 0.9, 6.6, 6.61, 0.0, 1.0], [0.2, 25.0, 0.0, 0.0])
(110382414, [2.0, 0.45, 0.0, 0.53, 0.0, 3.6, 0.0, 2.5, 0.0, 0.0], [-8.57, 0.45, 0.22, 0.9, 6.6, 6.61, 0.0, 1.0], [0.2, 25.0, 0.0, 0.0])
(110482596, [2.0, 0.45, 0.0, 0.53, 0.0, 3.6, 0.0, 2.51, 0.0, 0.0], [-9.31, 0.44, 0.23, 0.9, 6.6, 6.62, 0.0, 1.0], [0.2, 25.0, 0.0, 0.0])
(110582390, [2.0, 0.45, 0.0, 0.52, 0.0, 3.6, 0.0, 2.53, 0.0, 0.0], [-9.72, 0.44, 0.24, 0.89, 6.6, 6.61, 0.0, 1.0], [0.2, 25.0, 0.0, 0.0])
(110682335, [2.0, 0.45, 0.0, 0.53, 0.0, 3.6, 0.0, 2.53, 0.0, 0.0], [-9.94, 0.45, 0.24, 0.89, 6.6, 6.61, 0.0, 1.0], [0.2, 25.0, 0.0, 0.0])
(110782415, [2.0, 0.45, 0.0, 0.53, 0.0, 3.6, 0.0, 2.51, 0.0, 0.0], [-10.0, 0.43, 0.24, 0.88, 6.6, 6.62, 0.0, 1.0], [0.2, 25.0, 0.0, 0.0])
(110882499, [2.0, 0.45, 0.0, 0.53, 0.0, 3.6, 0.0, 2.51, 0.0, 0.0], [-10.02, 0.45, 0.26, 0.88, 6.6, 6.61, 0.0, 1.0], [0.2, 25.0, 0.0, 0.0])
(110982591, [2.0, 0.45, 0.0, 0.52, 0.0, 3.6, 0.0, 2.5, 0.0, 0.0], [-10.01, 0.45, 0.25, 0.89, 6.6, 6.61, 0.0, 1.0], [0.2, 25.0, 0.0, 0.0])
(111082460, [2.0, 0.45, 0.0, 0.53, 0.0, 3.6, 0.0, 2.51, 0.0, 0.0], [-10.02, 0.43, 0.25, 0.89, 6.6, 6.62, 0.0, 1.0], [0.2, 25.0, 0.0, 0.0])
(111182578, [2.0, 0.45, 0.0, 0.53, 0.0, 3.6, 0.0, 2.54, 0.0, 0.0], [-10.06, 0.45, 0.25, 0.91, 6.6, 6.61, 0.0, 1.0], [0.2, 25.0, 0.0, 0.0])
(111282433, [2.0, 0.45, 0.0, 0.52, 0.0, 3.6, 0.0, 2.5, 0.0, 0.0], [-10.06, 0.43, 0.25, 0.89, 6.6, 6.59, 0.0, 1.0], [0.2, 25.0, 0.0, 0.0])
(111382407, [2.0, 0.45, 0.0, 0.53, 0.0, 3.6, 0.0, 2.49, 0.0, 0.0], [-10.03, 0.45, 0.25, 0.89, 6.6, 6.59, 0.0, 1.0], [0.2, 25.0, 0.0, 0.0])
(111482524, [2.0, 0.45, 0.0, 0.52, 0.0, 3.6, 0.0, 2.51, 0.0, 0.0], [-10.01, 0.44, 0.25, 0.9, 6.6, 6.57, 0.0, 1.0], [0.2, 25.0, 0.0, 0.0])
(111582338, [2.0, 0.45, 0.0, 0.52, 0.0, 3.6, 0.0, 2.53, 0.0, 0.0], [-10.05, 0.43, 0.25, 0.89, 6.6, 6.56, 0.0, 1.0], [0.2, 25.0, 0.0, 0.0])
(111682321, [2.0, 0.45, 0.0, 0.52, 0.0, 3.6, 0.0, 2.52, 0.0, 0.0], [-10.06, 0.42, 0.25, 0.89, 6.6, 6.54, 0.0, 1.0], [0.2, 25.0, 0.0, 0.0])
(111782449, [2.0, 0.45, 0.0, 0.53, 0.0, 3.6, 0.0, 2.51, 0.0, 0.0], [-10.07, 0.42, 0.25, 0.89, 6.6, 6.51, 0.0, 1.0], [0.2, 25.0, 0.0, 0.0])
(111882268, [2.0, 0.45, 0.0, 0.52, 0.0, 3.6, 0.0, 2.5, 0.0, 0.0], [-10.04, 0.42, 0.25, 0.93, 6.6, 6.46, 0.0, 1.0], [0.2, 25.0, 0.0, 0.0])
(111983013, [2.0, 0.45, 0.0, 0.53, 0.0, 3.6, 0.0, 2.52, 0.0, 0.0], [-10.04, 0.41, 0.25, 0.91, 6.6, 6.42, 0.0, 1.0], [0.2, 25.0, 0.0, 0.0])
(112082303, [2.0, 0.45, 0.0, 0.52, 0.0, 3.6, 0.0, 2.51, 0.0, 0.0], [-10.05, 0.4, 0.25, 0.87, 6.6, 6.39, 0.0, 1.0], [0.2, 25.0, 0.0, 0.0])
(112182142, [2.0, 0.45, 0.0, 0.53, 0.0, 3.6, 0.0, 2.5, 0.0, 0.0], [-10.04, 0.39, 0.25, 0.89, 6.6, 6.37, 0.0, 1.0], [0.2, 25.0, 0.0, 0.0])
(112282824, [2.0, 0.45, 0.0, 0.53, 0.0, 3.6, 0.0, 2.5, 0.0, 0.0], [-10.02, 0.39, 0.26, 0.9, 6.6, 6.34, 0.0, 1.0], [0.26, 25.0, 0.0, 0.0])
(112382376, [2.0, 0.45, 0.0, 0.52, 0.0, 3.6, 0.0, 2.52, 0.0, 0.0], [-10.03, 0.39, 0.25, 0.89, 6.6, 6.31, 0.0, 1.0], [0.3, 25.0, 0.0, 0.0])
(112482633, [2.0, 0.45, 0.0, 0.52, 0.0, 3.6, 0.0, 2.51, 0.0, 0.0], [-10.01, 0.38, 0.25, 0.87, 6.6, 6.28, 0.0, 1.0], [0.3, 25.0, 0.0, 0.0])
(112582371, [2.0, 0.45, 0.0, 0.52, 0.0, 3.6, 0.0, 2.5, 0.0, 0.0], [-10.01, 0.37, 0.25, 0.86, 6.6, 6.26, 0.0, 1.0], [0.35, 25.0, 0.0, 0.0])
(112682333, [2.0, 0.45, 0.0, 0.52, 0.0, 3.6, 0.0, 2.52, 0.0, 0.0], [-10.05, 0.35, 0.25, 0.89, 6.6, 6.23, 0.0, 1.0], [0.27, 25.0, 0.0, 0.0])
(112782542, [2.0, 0.45, 0.0, 0.53, 0.0, 3.6, 0.0, 2.51, 0.0, 0.0], [-10.06, 0.36, 0.25, 0.9, 6.6, 6.21, 0.0, 1.0], [0.36, 25.0, 0.0, 0.0])
(112882330, [2.0, 0.45, 0.0, 0.52, 0.0, 3.6, 0.0, 2.51, 0.0, 0.0], [-10.05, 0.36, 0.25, 0.9, 6.6, 6.17, 0.0, 1.0], [0.3, 25.0, 0.0, 0.0])
(112982579, [2.0, 0.45, 0.0, 0.52, 0.0, 3.6, 0.0, 2.51, 0.0, 0.0], [-10.05, 0.35, 0.25, 0.89, 6.6, 6.13, 0.0, 1.0], [0.34, 25.0, 0.0, 0.0])
(113082523, [2.0, 0.45, 0.0, 0.53, 0.0, 3.6, 0.0, 2.52, 0.0, 0.0], [-10.03, 0.37, 0.25, 0.89, 6.6, 6.05, 0.01, 1.0], [0.33, 25.0, 0.0, 0.0])
(113182349, [2.0, 0.45, 0.0, 0.53, 0.0, 3.6, 0.0, 2.52, 0.0, 0.0], [-10.06, 0.36, 0.25, 0.92, 6.6, 5.97, 0.01, 1.0], [0.29, 25.0, 0.0, 0.0])
(113282463, [2.0, 0.45, 0.0, 0.52, 0.0, 3.6, 0.0, 2.49, 0.0, 0.0], [-10.03, 0.35, 0.25, 0.88, 6.6, 5.89, 0.0, 1.0], [0.34, 25.0, 0.0, 0.0])
(113382295, [2.0, 0.44, 0.0, 0.52, 0.0, 3.6, 0.0, 2.49, 0.0, 0.0], [-9.99, 0.25, 0.25, 0.91, 6.6, 5.84, 0.0, 1.0], [0.29, 25.0, 0.0, 0.0])
(113482465, [2.0, 0.45, 0.0, 0.52, 0.0, 3.6, 0.0, 2.51, 0.0, 0.0], [-10.0, -0.05, 0.26, 0.9, 6.6, 5.77, 0.0, 1.0], [0.3, 25.0, 0.0, 0.0])
(113582405, [2.0, 0.45, 0.0, 0.53, 0.0, 3.6, 0.0, 2.5, 0.0, 0.0], [-10.0, -0.68, 0.25, 0.91, 6.6, 5.7, 0.0, 1.0], [0.2, 25.0, 0.0, 0.0])
(113682352, [2.0, 0.45, 0.0, 0.53, 0.0, 3.6, 0.0, 2.5, 0.0, 0.0], [-10.0, -1.79, 0.25, 0.91, 6.6, 5.59, 0.01, 1.0], [0.2, 25.0, 0.0, 0.0])
(113782299, [2.0, 0.44, 0.0, 0.53, 0.0, 3.6, 0.0, 2.51, 0.0, 0.0], [-10.03, -3.26, 0.25, 0.92, 6.6, 5.54, 0.01, 1.0], [0.2, 25.0, 0.0, 0.0])
(113882131, [2.0, 0.44, 0.0, 0.53, 0.0, 3.6, 0.0, 2.51, 0.0, 0.0], [-10.04, -5.21, 0.27, 0.89, 6.6, 5.49, 0.0, 1.0], [0.2, 25.0, 0.0, 0.0])
(113982569, [2.0, 0.44, 0.0, 0.55, 0.0, 3.6, 0.0, 2.44, 0.0, 0.0], [-9.92, -7.58, 0.28, 0.92, 6.6, 5.57, 0.0, 1.0], [0.2, 25.0, 0.0, 0.0])
(114082133, [2.0, 0.45, 0.0, 0.55, 0.0, 3.6, 0.0, 2.44, 0.0, 0.0], [-9.81, -9.99, 0.27, 0.9, 6.6, 5.99, 0.0, 1.0], [0.2, 25.0, 0.0, 0.0])
(114182113, [2.0, 0.44, 0.0, 0.57, 0.0, 3.6, 0.0, 3.6, 0.0, 0.0], [-9.76, -12.48, 0.27, 0.91, 6.6, 6.83, 0.0, 1.0], [0.2, 25.0, 0.0, 0.0])
(114282460, [2.0, 0.44, 0.0, 0.58, 0.0, 3.6, 0.0, 3.6, 0.0, 0.0], [-12.36, -15.01, 0.28, 0.85, 6.6, 8.0, 0.01, 1.0], [0.2, 25.0, 0.0, 0.0])
(114382318, [2.0, 0.45, 0.0, 0.63, 0.0, 3.6, 0.0, 3.6, 0.0, 0.0], [-13.95, -18.81, 0.28, 0.77, 6.6, 9.32, 0.01, 1.0], [0.2, 25.0, 0.0, 0.0])
(114483281, [2.0, 0.44, 0.0, 0.66, 0.0, 3.6, 0.0, 3.6, 0.0, 0.0], [-14.73, -21.32, 0.28, 0.69, 6.6, 10.61, 0.03, 1.0], [0.2, 25.0, 0.0, 0.0])
(114582298, [2.0, 0.44, 0.0, 0.72, 0.0, 3.6, 0.0, 0.4, 0.0, 0.0], [-12.2, -21.95, 0.17, 0.78, 6.6, 11.5, 0.03, 1.0], [0.2, 25.0, 0.0, 0.0])
(114682325, [2.0, 0.43, 0.0, 0.75, 0.0, 3.6, 0.0, 0.41, 0.0, 0.0], [-6.03, -15.93, 0.08, 0.8, 6.6, 11.84, 0.05, 1.0], [0.2, 25.0, 0.0, 0.0])
(114782435, [2.0, 0.4, 0.0, 0.8, 0.0, 3.6, 0.0, 0.63, 0.0, 0.0], [-2.97, -9.26, 0.04, 0.8, 6.6, 11.57, 0.05, 1.0], [0.2, 25.0, 0.0, 0.0])
(114882361, [2.0, 0.38, 0.0, 0.84, 0.0, 3.6, 0.0, 0.63, 0.0, 0.0], [-1.46, -6.23, 0.02, 0.93, 6.6, 10.65, 0.06, 1.0], [0.2, 25.0, 0.0, 0.0])
(114982446, [2.0, 0.35, 0.0, 0.93, 0.0, 3.6, 0.0, 3.6, 0.0, 0.0], [-0.72, -5.33, 0.01, 0.85, 6.6, 9.07, 0.06, 1.0], [0.2, 25.0, 0.0, 0.0])
(115082449, [2.0, 0.34, 0.0, 0.98, 0.0, 3.6, 0.0, 2.05, 0.0, 0.0], [-0.35, -5.12, 0.0, 0.83, 6.6, 7.38, 0.05, 1.0], [0.2, 25.0, 0.0, 0.0])
(115182540, [2.0, 0.33, 0.0, 1.07, 0.0, 3.6, 0.0, 2.03, 0.0, 0.0], [-0.17, -4.61, 0.0, 1.0, 6.6, 6.0, 0.05, 1.0], [0.2, 25.0, 0.0, 0.0])
(115282416, [2.0, 0.32, 0.0, 1.11, 0.0, 3.6, 0.0, 1.93, 0.0, 0.0], [-0.08, -3.88, 0.0, 0.91, 6.6, 4.91, 0.06, 1.0], [0.2, 25.0, 0.0, 0.0])
(115382315, [2.0, 0.31, 0.0, 1.2, 0.0, 0.81, 0.0, 1.84, 0.0, 0.0], [-0.04, -3.0, 0.0, 0.86, 6.6, 3.99, 0.06, 1.0], [0.2, 25.0, 0.0, 0.0])
(115482165, [2.0, 0.3, 0.0, 1.26, 0.0, 0.82, 0.0, 1.83, 0.0, 0.0], [-0.02, -2.19, 0.0, 1.06, 6.6, 3.26, 0.06, 1.0], [0.2, 25.0, 0.0, 0.0])
(115582129, [2.0, 0.29, 0.0, 1.29, 0.0, 0.83, 0.0, 1.75, 0.0, 0.0], [-0.01, -1.54, 0.0, 1.27, 6.6, 2.85, 0.06, 1.0], [0.2, 25.0, 0.0, 0.0])
(115682394, [2.0, 0.28, 0.0, 1.35, 0.0, 0.83, 0.0, 1.71, 0.0, 0.0], [0.0, -0.64, 0.0, 1.16, 6.6, 2.53, 0.07, 1.0], [0.2, 25.0, 0.0, 0.0])
(115782365, [2.0, 0.27, 0.0, 1.37, 0.0, 0.86, 0.0, 1.68, 0.0, 0.0], [0.0, -0.07, 0.0, 1.03, 6.6, 2.43, 0.07, 1.0], [0.2, 25.0, 0.0, 0.0])
(115882267, [2.0, 0.26, 0.0, 1.39, 0.0, 0.86, 0.0, 1.67, 0.0, 0.0], [0.0, -0.06, 0.0, 1.13, 6.6, 2.42, 0.08, 1.0], [0.2, 25.0, 0.0, 0.0])
(115982353, [2.0, 0.26, 0.0, 1.41, 0.0, 0.87, 0.0, 1.64, 0.0, 0.0], [0.0, 0.0, 0.0, 1.21, 6.6, 2.3, 0.08, 1.0], [0.2, 25.0, 0.0, 0.0])
(116082437, [2.0, 0.26, 0.0, 1.41, 0.0, 0.87, 0.0, 1.63, 0.0, 0.0], [0.0, -0.06, 0.0, 1.15, 6.6, 2.05, 0.08, 1.0], [0.2, 25.0, 0.0, 0.0])
(116182101, [2.0, 0.26, 0.0, 1.41, 0.0, 0.87, 0.0, 1.63, 0.0, 0.0], [0.0, -0.01, 0.0, 1.14, 6.6, 1.92, 0.08, 1.0], [0.2, 25.0, 0.0, 0.0])
(116282455, [2.0, 0.26, 0.0, 1.41, 0.0, 0.87, 0.0, 1.62, 0.0, 0.0], [0.0, -0.02, 0.0, 1.16, 6.6, 1.9, 0.07, 1.0], [0.2, 25.0, 0.0, 0.0])
(116382377, [2.0, 0.26, 0.0, 1.4, 0.0, 0.88, 0.0, 1.63, 0.0, 0.0], [0.0, -0.01, 0.0, 1.18, 6.6, 1.9, 0.07, 1.0], [0.2, 25.0, 0.0, 0.0])
(116482838, [2.0, 0.26, 0.0, 1.4, 0.0, 0.87, 0.0, 1.64, 0.0, 0.0], [0.0, 0.0, 0.0, 1.17, 6.6, 1.89, 0.05, 1.0], [0.2, 25.0, 0.0, 0.0])
(116582356, [2.0, 0.26, 0.0, 1.4, 0.0, 0.87, 0.0, 1.63, 0.0, 0.0], [0.0, 0.03, 0.0, 1.16, 6.6, 1.88, 0.05, 1.0], [0.2, 25.0, 0.0, 0.0])
(116682345, [2.0, 0.26, 0.0, 1.4, 0.0, 0.88, 0.0, 1.64, 0.0, 0.0], [0.0, 0.01, 0.0, 1.17, 6.6, 1.88, 0.04, 1.0], [0.2, 25.0, 0.0, 0.0])
(116782858, [2.0, 0.26, 0.0, 1.4, 0.0, 0.88, 0.0, 1.63, 0.0, 0.0], [0.0, 0.03, 0.0, 1.17, 6.6, 1.88, 0.04, 1.0], [0.2, 25.0, 0.0, 0.0])
(116882403, [2.0, 0.26, 0.0, 1.4, 0.0, 0.88, 0.0, 1.62, 0.0, 0.0], [0.0, 0.04, 0.0, 1.16, 6.6, 1.89, 0.04, 1.0], [0.2, 25.0, 0.0, 0.0])
(116982344, [2.0, 0.26, 0.0, 1.41, 0.0, 0.87, 0.0, 1.63, 0.0, 0.0], [0.0, 0.06, 0.0, 1.17, 6.6, 1.89, 0.04, 1.0], [0.2, 25.0, 0.0, 0.0])
(117082313, [2.0, 0.26, 0.0, 1.4, 0.0, 0.87, 0.0, 1.62, 0.0, 0.0], [0.0, 0.07, 0.0, 1.17, 6.6, 1.89, 0.03, 1.0], [0.2, 25.0, 0.0, 0.0])
(117182092, [2.0, 0.26, 0.0, 1.41, 0.0, 0.87, 0.0, 1.63, 0.0, 0.0], [0.0, 0.06, 0.0, 1.18, 6.6, 1.88, 0.03, 1.0], [0.2, 25.0, 0.0, 0.0])
(117282279, [2.0, 0.26, 0.0, 1.41, 0.0, 0.87, 0.0, 1.63, 0.0, 0.0], [0.0, 0.07, 0.0, 1.18, 6.6, 1.89, 0.02, 1.0], [0.2, 25.0, 0.0, 0.0])
(117382430, [2.0, 0.26, 0.0, 1.4, 0.0, 0.87, 0.0, 1.63, 0.0, 0.0], [0.0, 0.07, 0.0, 1.18, 6.6, 1.9, 0.02, 1.0], [0.2, 25.0, 0.0, 0.0])
(117482095, [2.0, 0.26, 0.0, 1.4, 0.0, 0.87, 0.0, 1.63, 0.0, 0.0], [0.0, 0.07, 0.0, 1.18, 6.6, 1.9, 0.02, 1.0], [0.2, 25.0, 0.0, 0.0])
(117582137, [2.0, 0.26, 0.0, 1.4, 0.0, 0.87, 0.0, 1.64, 0.0, 0.0], [0.0, 0.08, 0.0, 1.17, 6.6, 1.89, 0.02, 1.0], [0.2, 25.0, 0.0, 0.0])
(117683274, [2.0, 0.26, 0.0, 1.4, 0.0, 0.88, 0.0, 1.63, 0.0, 0.0], [0.0, 0.09, 0.0, 1.17, 6.6, 1.89, 0.01, 1.0], [0.2, 25.0, 0.0, 0.0])
(117782310, [2.0, 0.26, 0.0, 1.4, 0.0, 0.88, 0.0, 1.63, 0.0, 0.0], [0.0, 0.09, 0.0, 1.17, 6.6, 1.9, 0.01, 1.0], [0.2, 25.0, 0.0, 0.0])
(124682301, [2.0, 0.26, 0.0, 1.41, 0.0, 0.88, 0.0, 1.62, 0.0, 0.0], [-0.07, -0.1, 0.81, 1.18, 1.94, 1.94, 0.0, 1.0], [0.2, 25.0, 0.0, 0.0])
(124782762, [2.0, 0.26, 0.0, 1.41, 0.0, 0.87, 0.0, 1.63, 0.0, 0.0], [-0.03, -0.1, 0.4, 1.19, 1.94, 1.94, 0.0, 1.0], [0.2, 25.0, 0.0, 0.0])
(124882375, [2.0, 0.26, 0.0, 1.4, 0.0, 0.88, 0.0, 1.63, 0.0, 0.0], [-0.01, -0.1, 0.19, 1.18, 1.95, 1.94, 0.0, 1.0], [0.2, 25.0, 0.0, 0.0])
(124982316, [2.0, 0.26, 0.0, 1.4, 0.0, 0.87, 0.0, 1.64, 0.0, 0.0], [0.0, -0.1, 0.09, 1.19, 1.94, 1.94, 0.0, 1.0], [0.2, 25.0, 0.0, 0.0])
(125082596, [2.0, 0.26, 0.0, 1.4, 0.0, 0.87, 0.0, 1.63, 0.0, 0.0], [0.0, -0.1, 0.04, 1.19, 1.95, 1.94, 0.0, 1.0], [0.2, 25.0, 0.0, 0.0])
(125182355, [2.0, 0.26, 0.0, 1.4, 0.0, 0.88, 0.0, 1.63, 0.0, 0.0], [0.0, -0.1, 0.02, 1.19, 1.95, 1.95, 0.0, 1.0], [0.2, 25.0, 0.0, 0.0])
(125282452, [2.0, 0.26, 0.0, 1.4, 0.0, 0.87, 0.0, 1.64, 0.0, 0.0], [0.0, -0.1, 0.01, 1.18, 1.94, 1.94, 0.0, 1.0], [0.2, 25.0, 0.0, 0.0])
(125382383, [2.0, 0.26, 0.0, 1.4, 0.0, 0.87, 0.0, 1.64, 0.0, 0.0], [0.0, -0.1, 0.0, 1.19, 1.95, 1.95, 0.0, 1.0], [0.2, 25.0, 0.0, 0.0])
(125482881, [2.0, 0.26, 0.0, 1.4, 0.0, 0.87, 0.0, 1.64, 0.0, 0.0], [0.0, -0.1, 0.0, 1.18, 1.95, 1.95, 0.0, 1.0], [0.2, 25.0, 0.0, 0.0])
(125582448, [2.0, 0.26, 0.0, 1.4, 0.0, 0.87, 0.0, 1.64, 0.0, 0.0], [0.0, -0.1, 0.0, 1.19, 1.95, 1.95, 0.0, 1.0], [0.2, 25.0, 0.0, 0.0])
(125682354, [2.0, 0.26, 0.0, 1.4, 0.0, 0.87, 0.0, 1.63, 0.0, 0.0], [0.0, -0.11, 0.0, 1.19, 1.95, 1.95, 0.0, 1.0], [0.2, 25.0, 0.0, 0.0])
(125782381, [2.0, 0.26, 0.0, 1.4, 0.0, 0.88, 0.0, 1.62, 0.0, 0.0], [0.0, -0.11, 0.0, 1.19, 1.96, 1.96, 0.0, 1.0], [0.2, 25.0, 0.0, 0.0])
(125882309, [2.0, 0.26, 0.0, 1.4, 0.0, 0.87, 0.0, 1.62, 0.0, 0.0], [0.0, -0.11, 0.0, 1.19, 1.96, 1.96, 0.0, 1.0], [0.2, 25.0, 0.0, 0.0])
(125982125, [2.0, 0.26, 0.0, 1.4, 0.0, 0.88, 0.0, 1.63, 0.0, 0.0], [0.0, -0.11, 0.0, 1.19, 1.96, 1.96, 0.0, 1.0], [0.2, 25.0, 0.0, 0.0])
(126082288, [2.0, 0.26, 0.0, 1.4, 0.0, 0.87, 0.0, 1.64, 0.0, 0.0], [0.0, -0.11, 0.0, 1.19, 1.96, 1.96, 0.0, 1.0], [0.2, 25.0, 0.0, 0.0])
(126182147, [2.0, 0.26, 0.0, 1.41, 0.0, 0.87, 0.0, 1.65, 0.0, 0.0], [0.0, -0.11, 0.0, 1.19, 1.96, 1.96, 0.0, 1.0], [0.2, 25.0, 0.0, 0.0])
(126282775, [2.0, 0.26, 0.0, 1.4, 0.0, 0.87, 0.0, 1.63, 0.0, 0.0], [0.0, -0.12, 0.0, 1.2, 1.96, 1.96, 0.0, 1.0], [0.2, 25.0, 0.0, 0.0])
(126382404, [2.0, 0.26, 0.0, 1.4, 0.0, 0.88, 0.0, 1.63, 0.0, 0.0], [0.0, -0.12, 0.0, 1.2, 1.96, 1.96, 0.0, 1.0], [0.2, 25.0, 0.0, 0.0])
(126482383, [2.0, 0.26, 0.0, 1.4, 0.0, 0.88, 0.0, 1.63, 0.0, 0.0], [0.0, -0.12, 0.0, 1.2, 1.97, 1.97, 0.0, 1.0], [0.2, 25.0, 0.0, 0.0])
(126582094, [2.0, 0.26, 0.0, 1.4, 0.0, 0.87, 0.0, 1.64, 0.0, 0.0], [0.0, -0.12, 0.0, 1.2, 1.97, 1.96, 0.0, 1.0], [0.2, 25.0, 0.0, 0.0])
(126682149, [2.0, 0.26, 0.0, 1.4, 0.0, 0.88, 0.0, 1.63, 0.0, 0.0], [0.0, -0.12, 0.0, 1.2, 1.97, 1.97, 0.0, 1.0], [0.2, 25.0, 0.0, 0.0])
(151188333, [2.0, 0.56, 0.0, 0.64, 0.0, 3.6, 0.0, 2.39, 0.0, 0.0], [0.0, 0.68, 0.0, 0.72, 6.03, 6.04, 0.0, 1.0], [0.2, 25.0, 0.0, 0.0])
(151287538, [2.0, 0.57, 0.0, 0.64, 0.0, 3.6, 0.0, 2.41, 0.0, 0.0], [0.0, 0.68, 0.0, 0.72, 6.03, 6.04, 0.0, 1.0], [0.2, 25.0, 0.0, 0.0])
(151387844, [2.0, 0.56, 0.0, 0.64, 0.0, 3.6, 0.0, 2.4, 0.0, 0.0], [0.0, 0.68, 0.0, 0.72, 6.03, 6.04, 0.0, 1.0], [0.2, 25.0, 0.0, 0.0])
(151487665, [2.0, 0.56, 0.0, 0.64, 0.0, 3.6, 0.0, 2.41, 0.0, 0.0], [0.0, 0.68, 0.0, 0.72, 6.03, 6.04, 0.0, 1.0], [0.2, 25.0, 0.0, 0.0])
(151587652, [2.0, 0.56, 0.0, 0.64, 0.0, 3.6, 0.0, 2.39, 0.0, 0.0], [0.0, 0.68, 0.0, 0.72, 6.03, 6.04, 0.0, 1.0], [0.2, 25.0, 0.0, 0.0])
(151687721, [2.0, 0.56, 0.0, 0.64, 0.0, 3.6, 0.0, 2.4, 0.0, 0.0], [0.0, 0.68, 0.0, 0.71, 6.03, 6.04, 0.0, 1.0], [0.2, 25.0, 0.0, 0.0])
(151787692, [2.0, 0.57, 0.0, 0.64, 0.0, 3.6, 0.0, 2.41, 0.0, 0.0], [0.0, 0.68, 0.0, 0.7, 6.03, 6.04, 0.0, 1.0], [0.2, 25.0, 0.0, 0.0])
(151887685, [2.0, 0.56, 0.0, 0.64, 0.0, 3.6, 0.0, 2.38, 0.0, 0.0], [0.0, 0.68, 0.0, 0.71, 6.03, 6.04, 0.0, 1.0], [0.2, 25.0, 0.0, 0.0])
(151987977, [2.0, 0.57, 0.0, 0.64, 0.0, 0.67, 0.0, 2.38, 0.0, 0.0], [0.0, 0.68, 0.0, 0.7, 6.03, 6.04, 0.0, 1.0], [0.2, 25.0, 0.0, 0.0])
(152087672, [2.0, 0.57, 0.0, 0.64, 0.0, 0.67, 0.0, 2.4, 0.0, 0.0], [0.0, 0.67, 0.0, 0.7, 6.04, 6.05, 0.0, 1.0], [0.2, 25.0, 0.0, 0.0])
(152187799, [2.0, 0.56, 0.0, 0.64, 0.0, 3.6, 0.0, 2.42, 0.0, 0.0], [0.0, 0.68, 0.0, 0.71, 6.04, 6.05, 0.0, 1.0], [0.2, 25.0, 0.0, 0.0])
(152287682, [2.0, 0.56, 0.0, 0.64, 0.0, 3.6, 0.0, 2.4, 0.0, 0.0], [0.0, 0.68, 0.0, 0.71, 6.04, 6.05, 0.0, 1.0], [0.2, 25.0, 0.0, 0.0])
(152387590, [2.0, 0.56, 0.0, 0.64, 0.0, 3.6, 0.0, 2.42, 0.0, 0.0], [0.0, 0.68, 0.0, 0.7, 6.04, 6.05, 0.0, 1.0], [0.2, 25.0, 0.0, 0.0])
(152487891, [2.0, 0.56, 0.0, 0.64, 0.0, 3.6, 0.0, 2.41, 0.0, 0.0], [0.0, 0.68, 0.0, 0.7, 6.04, 6.05, 0.0, 1.0], [0.2, 25.0, 0.0, 0.0])
(152587615, [2.0, 0.56, 0.0, 0.64, 0.0, 3.6, 0.0, 2.41, 0.0, 0.0], [0.0, 0.68, 0.0, 0.7, 6.04, 6.05, 0.0, 1.0], [0.2, 25.0, 0.0, 0.0])
(152688499, [2.0, 0.57, 0.0, 0.64, 0.0, 3.6, 0.0, 2.4, 0.0, 0.0], [0.0, 0.69, 0.0, 0.7, 6.05, 6.06, 0.0, 1.0], [0.2, 25.0, 0.0, 0.0])
(152787682, [2.0, 0.56, 0.0, 0.64, 0.0, 3.6, 0.0, 2.41, 0.0, 0.0], [0.0, 0.68, 0.0, 0.69, 6.05, 6.06, 0.0, 1.0], [0.2, 25.0, 0.0, 0.0])
(152890164, [2.0, 0.57, 0.0, 0.64, 0.0, 0.68, 0.0, 2.39, 0.0, 0.0], [0.0, 0.69, 0.0, 0.7, 6.05, 6.06, 0.0, 1.0], [0.2, 25.0, 0.0, 0.0])
(152988977, [2.0, 0.56, 0.0, 0.64, 0.0, 0.68, 0.0, 2.39, 0.0, 0.0], [0.0, 0.69, 0.0, 0.7, 6.05, 6.06, 0.0, 1.0], [0.2, 25.0, 0.0, 0.0])
(153089484, [2.0, 0.57, 0.0, 0.64, 0.0, 3.6, 0.0, 2.4, 0.0, 0.0], [0.0, 0.69, 0.0, 0.7, 6.05, 6.06, 0.0, 1.0], [0.2, 25.0, 0.0, 0.0])
(153188931, [2.0, 0.56, 0.0, 0.64, 0.0, 3.6, 0.0, 2.39, 0.0, 0.0], [0.0, 0.68, 0.0, 0.7, 6.05, 6.06, 0.0, 1.0], [0.2, 25.0, 0.0, 0.0])
(153289293, [2.0, 0.56, 0.0, 0.64, 0.0, 3.6, 0.0, 2.4, 0.0, 0.0], [0.0, 0.69, 0.0, 0.7, 6.05, 6.06, 0.0, 1.0], [0.2, 25.0, 0.0, 0.0])
(153389040, [2.0, 0.56, 0.0, 0.64, 0.0, 3.6, 0.0, 2.4, 0.0, 0.0], [0.0, 0.69, 0.0, 0.7, 6.05, 6.06, 0.0, 1.0], [0.2, 25.0, 0.0, 0.0])
(153489004, [2.0, 0.57, 0.0, 0.64, 0.0, 0.64, 0.0, 2.4, 0.0, 0.0], [0.0, 0.68, 0.0, 0.7, 6.06, 6.07, 0.0, 1.0], [0.2, 25.0, 0.0, 0.0])
(153588902, [2.0, 0.56, 0.0, 0.64, 0.0, 0.64, 0.0, 2.38, 0.0, 0.0], [0.0, 0.67, 0.0, 0.7, 6.06, 6.07, 0.0, 1.0], [0.2, 25.0, 0.0, 0.0])
(153689163, [2.0, 0.57, 0.0, 0.64, 0.0, 3.6, 0.0, 2.39, 0.0, 0.0], [0.0, 0.68, 0.0, 0.7, 6.06, 6.07, 0.0, 1.0], [0.2, 25.0, 0.0, 0.0])
(153789284, [2.0, 0.56, 0.0, 0.64, 0.0, 3.6, 0.0, 2.4, 0.0, 0.0], [0.0, 0.69, 0.0, 0.72, 6.07, 6.08, 0.0, 1.0], [0.2, 25.0, 0.0, 0.0])
(153889075, [2.0, 0.57, 0.0, 0.63, 0.0, 3.6, 0.0, 2.39, 0.0, 0.0], [0.0, 0.69, 0.0, 0.74, 6.04, 6.05, 0.0, 1.0], [0.2, 25.0, 0.0, 0.0])
(153989058, [2.0, 0.56, 0.0, 0.64, 0.0, 3.6, 0.0, 2.4, 0.0, 0.0], [0.0, 0.69, 0.0, 0.74, 6.06, 6.07, 0.0, 1.0], [0.2, 25.0, 0.0, 0.0])
(154089078, [2.0, 0.57, 0.0, 0.64, 0.0, 0.66, 0.0, 2.4, 0.0, 0.0], [0.0, 0.69, 0.0, 0.73, 6.06, 6.07, 0.0, 1.0], [0.2, 25.0, 0.0, 0.0])
(154189134, [2.0, 0.56, 0.0, 0.64, 0.0, 0.66, 0.0, 2.41, 0.0, 0.0], [0.0, 0.69, 0.0, 0.71, 6.05, 6.06, 0.0, 1.0], [0.2, 25.0, 0.0, 0.0])
(154289454, [2.0, 0.56, 0.0, 0.64, 0.0, 3.6, 0.0, 2.41, 0.0, 0.0], [0.0, 0.69, 0.0, 0.72, 6.05, 6.06, 0.0, 1.0], [0.2, 25.0, 0.0, 0.0])
(154389027, [2.0, 0.56, 0.0, 0.64, 0.0, 3.6, 0.0, 2.41, 0.0, 0.0], [0.0, 0.69, 0.0, 0.71, 6.05, 6.06, 0.0, 1.0], [0.2, 25.0, 0.0, 0.0])
(154489019, [2.0, 0.56, 0.0, 0.64, 0.0, 3.6, 0.0, 2.4, 0.0, 0.0], [0.0, 0.69, 0.0, 0.71, 6.04, 6.05, 0.0, 1.0], [0.2, 25.0, 0.0, 0.0])
(154589082, [2.0, 0.57, 0.0, 0.64, 0.0, 3.6, 0.0, 2.4, 0.0, 0.0], [0.0, 0.69, 0.0, 0.69, 6.06, 6.07, 0.0, 1.0], [0.2, 25.0, 0.0, 0.0])
(154689134, [2.0, 0.56, 0.0, 0.64, 0.0, 3.6, 0.0, 2.39, 0.0, 0.0], [0.0, 0.69, 0.0, 0.69, 6.05, 6.06, 0.0, 1.0], [0.2, 25.0, 0.0, 0.0])
(154789142, [2.0, 0.56, 0.0, 0.64, 0.0, 3.6, 0.0, 2.41, 0.0, 0.0], [0.0, 0.69, 0.0, 0.69, 6.05, 6.06, 0.0, 1.0], [0.2, 25.0, 0.0, 0.0])
(154889073, [2.0, 0.56, 0.0, 0.64, 0.0, 0.69, 0.0, 2.39, 0.0, 0.0], [0.0, 0.69, 0.0, 0.7, 6.05, 6.06, 0.0, 1.0], [0.2, 25.0, 0.0, 0.0])
(154989436, [2.0, 0.56, 0.0, 0.63, 0.0, 0.69, 0.0, 2.39, 0.0, 0.0], [0.0, 0.69, 0.0, 0.7, 6.04, 6.05, 0.0, 1.0], [0.2, 25.0, 0.0, 0.0])
(155089085, [2.0, 0.56, 0.0, 0.64, 0.0, 3.6, 0.0, 2.39, 0.0, 0.0], [0.0, 0.69, 0.0, 0.7, 6.05, 6.06, 0.0, 1.0], [0.2, 25.0, 0.0, 0.0])
(155189447, [2.0, 0.56, 0.0, 0.64, 0.0, 3.6, 0.0, 2.42, 0.0, 0.0], [0.0, 0.69, 0.0, 0.69, 6.06, 6.07, 0.0, 1.0], [0.2, 25.0, 0.0, 0.0])
(155289284, [2.0, 0.56, 0.0, 0.64, 0.0, 3.6, 0.0, 2.42, 0.0, 0.0], [0.0, 0.69, 0.0, 0.7, 6.05, 6.06, 0.0, 1.0], [0.2, 25.0, 0.0, 0.0])
(155389458, [2.0, 0.56, 0.0, 0.64, 0.0, 3.6, 0.0, 2.39, 0.0, 0.0], [0.0, 0.7, 0.0, 0.7, 6.05, 6.06, 0.0, 1.0], [0.2, 25.0, 0.0, 0.0])
(155489104, [2.0, 0.56, 0.0, 0.64, 0.0, 3.6, 0.0, 2.39, 0.0, 0.0], [0.0, 0.7, 0.0, 0.7, 6.06, 6.07, 0.0, 1.0], [0.2, 25.0, 0.0, 0.0])
(155589029, [2.0, 0.56, 0.0, 0.64, 0.0, 3.6, 0.0, 2.39, 0.0, 0.0], [0.0, 0.7, 0.0, 0.7, 6.06, 6.07, 0.0, 1.0], [0.2, 25.0, 0.0, 0.0])
(155689091, [2.0, 0.56, 0.0, 0.64, 0.0, 3.6, 0.0, 2.42, 0.0, 0.0], [0.0, 0.7, 0.0, 0.69, 6.06, 6.07, 0.0, 1.0], [0.2, 25.0, 0.0, 0.0])
(155789251, [2.0, 0.56, 0.0, 0.64, 0.0, 3.6, 0.0, 2.43, 0.0, 0.0], [0.0, 0.71, 0.0, 0.7, 6.06, 6.07, 0.0, 1.0], [0.2, 25.0, 0.0, 0.0])
(155889566, [2.0, 0.57, 0.0, 0.64, 0.0, 3.6, 0.0, 2.4, 0.0, 0.0], [0.0, 0.7, 0.0, 0.7, 6.06, 6.07, 0.0, 1.0], [0.2, 25.0, 0.0, 0.0])
(155989139, [2.0, 0.56, 0.0, 0.64, 0.0, 3.6, 0.0, 2.4, 0.0, 0.0], [0.0, 0.7, 0.0, 0.69, 6.07, 6.08, 0.0, 1.0], [0.2, 25.0, 0.0, 0.0])
(156089069, [2.0, 0.56, 0.0, 0.64, 0.0, 3.6, 0.0, 2.4, 0.0, 0.0], [0.0, 0.71, 0.0, 0.69, 6.08, 6.09, 0.0, 1.0], [0.2, 25.0, 0.0, 0.0])
(156189642, [2.0, 0.56, 0.0, 0.64, 0.0, 0.67, 0.0, 2.4, 0.0, 0.0], [0.0, 0.7, 0.0, 0.7, 6.09, 6.08, 0.0, 1.0], [0.2, 25.0, 0.0, 0.0])
(156289171, [2.0, 0.56, 0.0, 0.64, 0.0, 0.67, 0.0, 2.39, 0.0, 0.0], [0.0, 0.7, 0.0, 0.69, 6.09, 6.09, 0.0, 1.0], [0.2, 25.0, 0.0, 0.0])
(156390122, [2.0, 0.56, 0.0, 0.64, 0.0, 3.6, 0.0, 2.4, 0.0, 0.0], [0.0, 0.69, 0.0, 0.69, 6.09, 6.1, 0.0, 1.0], [0.2, 25.0, 0.0, 0.0])
(156489841, [2.0, 0.56, 0.0, 0.64, 0.0, 3.6, 0.0, 2.43, 0.0, 0.0], [0.0, 0.7, 0.0, 0.69, 6.09, 6.1, 0.0, 1.0], [0.2, 25.0, 0.0, 0.0])
(156589090, [2.0, 0.56, 0.0, 0.64, 0.0, 3.6, 0.0, 2.4, 0.0, 0.0], [0.0, 0.71, 0.0, 0.69, 6.09, 6.09, 0.0, 1.0], [0.2, 25.0, 0.0, 0.0])
(156688953, [2.0, 0.57, 0.0, 0.64, 0.0, 3.6, 0.0, 2.41, 0.0, 0.0], [-0.06, 0.7, -0.06, 0.69, 6.07, 6.09, 0.0, 1.0], [0.2, 25.0, 0.0, 0.0])
(156789648, [2.0, 0.56, 0.0, 0.64, 0.0, 3.6, 0.0, 2.4, 0.0, 0.0], [-3.3, 0.63, -3.32, 0.61, 4.42, 6.04, 0.0, 1.0], [0.2, 25.0, 0.0, 0.0])
(156888976, [2.0, 0.56, 0.0, 0.64, 0.0, 3.6, 0.0, 2.41, 0.0, 0.0], [-5.18, 0.63, -5.22, 0.61, 0.06, 5.91, 0.0, 1.0], [0.2, 25.0, 0.0, 0.0])
(156988961, [2.0, 0.56, 0.0, 0.63, 0.0, 3.6, 0.0, 2.41, 0.0, 0.0], [-6.11, 0.64, -6.16, 0.68, 352.99, 5.79, 0.0, 1.0], [0.2, 25.0, 0.0, 0.0])
(157089202, [2.0, 0.56, 0.0, 0.64, 0.0, 3.6, 0.0, 2.4, 0.0, 0.0], [-6.57, 0.66, -6.62, 0.72, 343.21, 5.76, 0.0, 1.0], [0.2, 25.0, 0.0, 0.0])
(157189089, [2.0, 0.56, 0.0, 0.64, 0.0, 3.6, 0.0, 2.38, 0.0, 0.0], [-7.55, 0.66, -5.99, 0.74, 339.16, 5.75, 0.0, 1.0], [0.2, 25.0, 0.0, 0.0])
(157289636, [2.0, 0.56, 0.0, 0.64, 0.0, 3.6, 0.0, 2.42, 0.0, 0.0], [-8.32, 0.67, -4.98, 0.74, 339.07, 5.74, 0.0, 1.0], [0.2, 25.0, 0.0, 0.0])
(157389082, [2.0, 0.56, 0.0, 0.64, 0.0, 3.6, 0.0, 2.41, 0.0, 0.0], [-8.68, 0.69, -4.09, 0.75, 338.96, 5.75, 0.0, 1.0], [0.2, 25.0, 0.0, 0.0])
(157490134, [2.0, 0.56, 0.0, 0.63, 0.0, 3.6, 0.0, 2.39, 0.0, 0.0], [-8.79, 0.71, -3.29, 0.74, 338.84, 5.75, 0.0, 1.0], [0.2, 25.0, 0.0, 0.0])
(157589051, [2.0, 0.56, 0.0, 0.63, 0.0, 3.6, 0.0, 2.41, 0.0, 0.0], [-8.75, 0.7, -2.58, 0.73, 338.71, 5.75, 0.0, 1.0], [0.2, 25.0, 0.0, 0.0])
(157689065, [2.0, 0.57, 0.0, 0.64, 0.0, 3.6, 0.0, 2.4, 0.0, 0.0], [-8.61, 0.71, -1.96, 0.73, 338.59, 5.75, 0.0, 1.0], [0.2, 25.0, 0.0, 0.0])
(157789206, [2.0, 0.56, 0.0, 0.64, 0.0, 3.6, 0.0, 2.41, 0.0, 0.0], [-8.41, 0.73, -1.41, 0.72, 338.48, 5.75, 0.0, 1.0], [0.2, 25.0, 0.0, 0.0])
(157889400, [2.0, 0.57, 0.0, 0.64, 0.0, 3.6, 0.0, 2.39, 0.0, 0.0], [-8.17, 0.72, -0.94, 0.71, 338.37, 5.75, 0.0, 1.0], [0.2, 25.0, 0.0, 0.0])
(157989086, [2.0, 0.56, 0.0, 0.64, 0.0, 3.6, 0.0, 2.39, 0.0, 0.0], [-7.9, 0.71, -0.53, 0.74, 338.27, 5.74, 0.0, 1.0], [0.2, 25.0, 0.0, 0.0])
(158089082, [2.0, 0.56, 0.0, 0.64, 0.0, 3.6, 0.0, 2.41, 0.0, 0.0], [-7.61, 0.71, -0.19, 0.75, 338.17, 5.74, 0.0, 1.0], [0.2, 25.0, 0.0, 0.0])
(158189101, [2.0, 0.56, 0.0, 0.64, 0.0, 3.6, 0.0, 2.41, 0.0, 0.0], [-7.32, 0.73, 0.09, 0.75, 338.08, 5.75, 0.0, 1.0], [0.2, 25.0, 0.0, 0.0])
(158289118, [2.0, 0.56, 0.0, 0.64, 0.0, 3.6, 0.0, 2.42, 0.0, 0.0], [-7.04, 0.74, 0.34, 0.74, 338.01, 5.76, 0.0, 1.0], [0.2, 25.0, 0.0, 0.0])
(158389080, [2.0, 0.56, 0.0, 0.63, 0.0, 3.6, 0.0, 2.38, 0.0, 0.0], [-6.76, 0.72, 0.55, 0.76, 337.94, 5.76, 0.0, 1.0], [0.2, 25.0, 0.0, 0.0])
