(31183684, [1.0, 0.74, 0.0, 3.6, 0.0, 3.6, 0.0, 3.6, 0.0, 0.0], [0.0, 0.8, 0.0, 0.26, 359.42, 359.44, 0.0, 1.0], [0.2, 25.0, 0.0, 0.0])
(31283501, [1.0, 0.74, 0.0, 3.6, 0.0, 3.6, 0.0, 3.6, 0.0, 0.0], [0.0, 0.8, 0.0, 0.27, 359.42, 359.44, 0.0, 1.0], [0.2, 25.0, 0.0, 0.0])
(31383573, [1.0, 0.74, 0.0, 3.6, 0.0, 3.6, 0.0, 3.6, 0.0, 0.0], [0.0, 0.8, 0.0, 0.26, 359.41, 359.43, 0.0, 1.0], [0.2, 25.0, 0.0, 0.0])
(31483550, [2.0, 0.74, 0.0, 3.6, 0.0, 3.6, 0.0, 3.6, 0.0, 0.0], [0.0, 0.79, 0.0, 0.26, 359.41, 359.43, 0.0, 1.0], [0.2, 25.0, 0.0, 0.0])
(31583891, [2.0, 0.74, 0.0, 3.6, 0.0, 3.6, 0.0, 3.6, 0.0, 0.0], [0.0, 0.79, 0.0, 0.26, 359.41, 359.43, 0.0, 1.0], [0.2, 25.0, 0.0, 0.0])
(31683491, [1.0, 0.74, 0.0, 3.6, 0.0, 3.6, 0.0, 3.6, 0.0, 0.0], [0.0, 0.8, 0.0, 0.26, 359.41, 359.43, 0.0, 1.0], [0.2, 25.0, 0.0, 0.0])
(31784199, [1.0, 0.74, 0.0, 3.6, 0.0, 3.6, 0.0, 3.6, 0.0, 0.0], [0.0, 0.8, 0.0, 0.27, 359.4, 359.43, 0.0, 1.0], [0.2, 25.0, 0.0, 0.0])
(31883532, [1.0, 0.74, 0.0, 3.6, 0.0, 3.6, 0.0, 3.6, 0.0, 0.0], [0.0, 0.79, 0.0, 0.27, 359.4, 359.42, 0.0, 1.0], [0.2, 25.0, 0.0, 0.0])
(31983706, [2.0, 0.74, 0.0, 3.6, 0.0, 3.6, 0.0, 3.6, 0.0, 0.0], [0.0, 0.79, 0.0, 0.27, 359.4, 359.42, 0.0, 1.0], [0.2, 25.0, 0.0, 0.0])
(32083480, [2.0, 0.74, 0.0, 3.6, 0.0, 3.6, 0.0, 3.6, 0.0, 0.0], [0.0, 0.79, 0.0, 0.27, 359.4, 359.42, 0.0, 1.0], [0.2, 25.0, 0.0, 0.0])
(32183509, [1.0, 0.74, 0.0, 3.6, 0.0, 3.6, 0.0, 3.6, 0.0, 0.0], [0.0, 0.79, 0.0, 0.27, 359.39, 359.41, 0.0, 1.0], [0.2, 25.0, 0.0, 0.0])
(32283518, [1.0, 0.74, 0.0, 3.6, 0.0, 3.6, 0.0, 3.6, 0.0, 0.0], [0.0, 0.79, 0.0, 0.27, 359.39, 359.41, 0.0, 1.0], [0.2, 25.0, 0.0, 0.0])
(32385947, [1.0, 0.74, 0.0, 3.6, 0.0, 3.6, 0.0, 3.6, 0.0, 0.0], [0.0, 0.79, 0.0, 0.28, 359.39, 359.41, 0.0, 1.0], [0.2, 25.0, 0.0, 0.0])
(32492354, [2.0, 0.74, 0.0, 3.6, 0.0, 3.6, 0.0, 3.6, 0.0, 0.0], [0.0, 0.79, 0.0, 0.27, 359.38, 359.4, 0.0, 1.0], [0.2, 25.0, 0.0, 0.0])
(32591924, [2.0, 0.74, 0.0, 3.6, 0.0, 3.6, 0.0, 3.6, 0.0, 0.0], [0.0, 0.79, 0.0, 0.27, 359.38, 359.4, 0.0, 1.0], [0.2, 25.0, 0.0, 0.0])
(32691907, [1.0, 0.74, 0.0, 3.6, 0.0, 3.6, 0.0, 3.6, 0.0, 0.0], [0.0, 0.79, 0.0, 0.27, 359.38, 359.4, 0.0, 1.0], [0.2, 25.0, 0.0, 0.0])
(32792019, [1.0, 0.74, 0.0, 3.6, 0.0, 3.6, 0.0, 3.6, 0.0, 0.0], [0.0, 0.79, 0.0, 0.28, 359.37, 359.39, 0.0, 1.0], [0.2, 25.0, 0.0, 0.0])
(32891949, [1.0, 0.74, 0.0, 3.6, 0.0, 3.6, 0.0, 3.6, 0.0, 0.0], [0.0, 0.79, 0.0, 0.28, 359.37, 359.39, 0.0, 1.0], [0.2, 25.0, 0.0, 0.0])
(32991919, [2.0, 0.74, 0.0, 3.6, 0.0, 3.6, 0.0, 3.6, 0.0, 0.0], [0.0, 0.8, 0.0, 0.27, 359.36, 359.39, 0.0, 1.0], [0.2, 25.0, 0.0, 0.0])
(33091961, [2.0, 0.74, 0.0, 3.6, 0.0, 3.6, 0.0, 3.6, 0.0, 0.0], [0.0, 0.8, 0.0, 0.28, 359.36, 359.39, 0.0, 1.0], [0.2, 25.0, 0.0, 0.0])
(33192002, [1.0, 0.74, 0.0, 3.6, 0.0, 3.6, 0.0, 3.6, 0.0, 0.0], [0.0, 0.8, 0.0, 0.28, 359.36, 359.38, 0.0, 1.0], [0.2, 25.0, 0.0, 0.0])
(33291921, [1.0, 0.74, 0.0, 3.6, 0.0, 3.6, 0.0, 3.6, 0.0, 0.0], [0.0, 0.8, 0.0, 0.27, 359.36, 359.38, 0.0, 1.0], [0.2, 25.0, 0.0, 0.0])
(33392472, [1.0, 0.74, 0.0, 3.6, 0.0, 3.6, 0.0, 3.6, 0.0, 0.0], [0.0, 0.8, 0.0, 0.27, 359.35, 359.37, 0.0, 1.0], [0.2, 25.0, 0.0, 0.0])
(33491955, [2.0, 0.74, 0.0, 3.6, 0.0, 3.6, 0.0, 3.6, 0.0, 0.0], [0.0, 0.8, 0.0, 0.28, 359.35, 359.37, 0.0, 1.0], [0.2, 25.0, 0.0, 0.0])
(33592139, [2.0, 0.74, 0.0, 3.6, 0.0, 3.6, 0.0, 3.6, 0.0, 0.0], [0.0, 0.8, 0.0, 0.28, 359.35, 359.37, 0.0, 1.0], [0.2, 25.0, 0.0, 0.0])
(33692623, [1.0, 0.74, 0.0, 3.6, 0.0, 3.6, 0.0, 3.6, 0.0, 0.0], [0.0, 0.8, 0.0, 0.28, 359.34, 359.36, 0.0, 1.0], [0.2, 25.0, 0.0, 0.0])
(33791996, [1.0, 0.74, 0.0, 3.6, 0.0, 3.6, 0.0, 3.6, 0.0, 0.0], [0.0, 0.8, 0.0, 0.29, 359.35, 359.37, 0.0, 1.0], [0.2, 25.0, 0.0, 0.0])
(33892382, [1.0, 0.74, 0.0, 3.6, 0.0, 3.6, 0.0, 3.6, 0.0, 0.0], [0.0, 0.8, 0.0, 0.29, 359.35, 359.37, 0.0, 1.0], [0.2, 25.0, 0.0, 0.0])
(33992010, [2.0, 0.74, 0.0, 3.6, 0.0, 3.6, 0.0, 3.6, 0.0, 0.0], [0.0, 0.81, 0.0, 0.28, 359.34, 359.36, 0.0, 1.0], [0.2, 25.0, 0.0, 0.0])
(34092027, [2.0, 0.74, 0.0, 3.6, 0.0, 3.6, 0.0, 3.6, 0.0, 0.0], [0.0, 0.8, 0.0, 0.28, 359.34, 359.36, 0.0, 1.0], [0.2, 25.0, 0.0, 0.0])
(34191989, [1.0, 0.74, 0.0, 3.6, 0.0, 3.6, 0.0, 3.6, 0.0, 0.0], [0.0, 0.8, 0.0, 0.28, 359.33, 359.35, 0.0, 1.0], [0.2, 25.0, 0.0, 0.0])
(34303391, [1.0, 0.74, 0.0, 3.6, 0.0, 3.6, 0.0, 3.6, 0.0, 0.0], [0.0, 0.8, 0.0, 0.28, 359.33, 359.35, 0.0, 1.0], [0.2, 25.0, 0.0, 0.0])
(34403500, [1.0, 0.74, 0.0, 3.6, 0.0, 3.6, 0.0, 3.6, 0.0, 0.0], [0.0, 0.8, 0.0, 0.28, 359.33, 359.35, 0.0, 1.0], [0.2, 25.0, 0.0, 0.0])
(34503664, [2.0, 0.74, 0.0, 3.6, 0.0, 3.6, 0.0, 3.6, 0.0, 0.0], [0.0, 0.81, 0.0, 0.28, 359.32, 359.34, 0.0, 1.0], [0.2, 25.0, 0.0, 0.0])
(34603626, [2.0, 0.74, 0.0, 3.6, 0.0, 3.6, 0.0, 3.6, 0.0, 0.0], [0.0, 0.8, 0.0, 0.28, 359.32, 359.34, 0.0, 1.0], [0.2, 25.0, 0.0, 0.0])
(34703352, [1.0, 0.74, 0.0, 3.6, 0.0, 3.6, 0.0, 3.6, 0.0, 0.0], [0.0, 0.8, 0.0, 0.28, 359.31, 359.33, 0.0, 1.0], [0.2, 25.0, 0.0, 0.0])
(34804269, [1.0, 0.74, 0.0, 3.6, 0.0, 3.6, 0.0, 3.6, 0.0, 0.0], [0.0, 0.81, 0.0, 0.28, 359.31, 359.33, 0.0, 1.0], [0.2, 25.0, 0.0, 0.0])
(34903519, [1.0, 0.74, 0.0, 3.6, 0.0, 3.6, 0.0, 3.6, 0.0, 0.0], [0.0, 0.8, 0.0, 0.28, 359.3, 359.32, 0.0, 1.0], [0.2, 25.0, 0.0, 0.0])
(35003743, [2.0, 0.74, 0.0, 3.6, 0.0, 3.6, 0.0, 3.6, 0.0, 0.0], [0.0, 0.8, 0.0, 0.29, 359.3, 359.32, 0.0, 1.0], [0.2, 25.0, 0.0, 0.0])
(35103588, [2.0, 0.74, 0.0, 3.6, 0.0, 3.6, 0.0, 3.6, 0.0, 0.0], [0.0, 0.81, 0.0, 0.29, 359.3, 359.32, 0.0, 1.0], [0.2, 25.0, 0.0, 0.0])
(35203670, [1.0, 0.74, 0.0, 3.6, 0.0, 3.6, 0.0, 3.6, 0.0, 0.0], [0.0, 0.8, 0.0, 0.29, 359.29, 359.32, 0.0, 1.0], [0.2, 25.0, 0.0, 0.0])
(35304183, [1.0, 0.74, 0.0, 3.6, 0.0, 3.6, 0.0, 3.6, 0.0, 0.0], [0.0, 0.8, 0.0, 0.29, 359.29, 359.31, 0.0, 1.0], [0.2, 25.0, 0.0, 0.0])
(35406282, [1.0, 0.74, 0.0, 3.6, 0.0, 3.6, 0.0, 3.6, 0.0, 0.0], [0.0, 0.8, 0.0, 0.29, 359.29, 359.31, 0.0, 1.0], [0.2, 25.0, 0.0, 0.0])
(35521232, [2.0, 0.74, 0.0, 3.6, 0.0, 3.6, 0.0, 3.6, 0.0, 0.0], [0.0, 0.81, 0.0, 0.28, 359.28, 359.3, 0.0, 1.0], [0.2, 25.0, 0.0, 0.0])
(35621586, [2.0, 0.74, 0.0, 3.6, 0.0, 3.6, 0.0, 3.6, 0.0, 0.0], [0.0, 0.81, 0.0, 0.28, 359.28, 359.3, 0.0, 1.0], [0.2, 25.0, 0.0, 0.0])
(35732833, [1.0, 0.74, 0.0, 3.6, 0.0, 3.6, 0.0, 3.6, 0.0, 0.0], [0.0, 0.81, 0.0, 0.28, 359.27, 359.3, 0.0, 1.0], [0.2, 25.0, 0.0, 0.0])
(35831990, [1.0, 0.74, 0.0, 3.6, 0.0, 3.6, 0.0, 3.6, 0.0, 0.0], [0.0, 0.81, 0.0, 0.29, 359.27, 359.29, 0.0, 1.0], [0.2, 25.0, 0.0, 0.0])
(35932335, [1.0, 0.74, 0.0, 3.6, 0.0, 3.6, 0.0, 3.6, 0.0, 0.0], [0.0, 0.8, 0.0, 0.28, 359.27, 359.29, 0.0, 1.0], [0.2, 25.0, 0.0, 0.0])
(36031911, [2.0, 0.74, 0.0, 3.6, 0.0, 3.6, 0.0, 3.6, 0.0, 0.0], [0.0, 0.8, 0.0, 0.28, 359.27, 359.29, 0.0, 1.0], [0.2, 25.0, 0.0, 0.0])
(36131902, [2.0, 0.74, 0.0, 3.6, 0.0, 3.6, 0.0, 3.6, 0.0, 0.0], [0.0, 0.8, 0.0, 0.28, 359.27, 359.29, 0.0, 1.0], [0.2, 25.0, 0.0, 0.0])
(36232369, [1.0, 0.74, 0.0, 3.6, 0.0, 3.6, 0.0, 3.6, 0.0, 0.0], [0.0, 0.8, 0.0, 0.27, 359.27, 359.29, 0.0, 1.0], [0.2, 25.0, 0.0, 0.0])
(36332903, [1.0, 0.74, 0.0, 3.6, 0.0, 3.6, 0.0, 3.6, 0.0, 0.0], [0.0, 0.8, 0.0, 0.27, 359.27, 359.29, 0.0, 1.0], [0.2, 25.0, 0.0, 0.0])
(36432306, [1.0, 0.74, 0.0, 3.6, 0.0, 3.6, 0.0, 3.6, 0.0, 0.0], [0.0, 0.8, 0.0, 0.27, 359.27, 359.29, 0.0, 1.0], [0.2, 25.0, 0.0, 0.0])
(36532397, [2.0, 0.74, 0.0, 3.6, 0.0, 3.6, 0.0, 3.6, 0.0, 0.0], [0.0, 0.8, 0.0, 0.28, 359.27, 359.29, 0.0, 1.0], [0.2, 25.0, 0.0, 0.0])
(36632398, [2.0, 0.74, 0.0, 3.6, 0.0, 3.6, 0.0, 3.6, 0.0, 0.0], [0.0, 0.8, 0.0, 0.28, 359.26, 359.29, 0.0, 1.0], [0.2, 25.0, 0.0, 0.0])
(36732274, [1.0, 0.74, 0.0, 3.6, 0.0, 3.6, 0.0, 3.6, 0.0, 0.0], [0.0, 0.8, 0.0, 0.28, 359.26, 359.28, 0.0, 1.0], [0.2, 25.0, 0.0, 0.0])
(36834257, [1.0, 0.74, 0.0, 3.6, 0.0, 3.6, 0.0, 3.6, 0.0, 0.0], [0.0, 0.8, 0.0, 0.28, 359.26, 359.28, 0.0, 1.0], [0.2, 25.0, 0.0, 0.0])
(36934392, [1.0, 0.74, 0.0, 3.6, 0.0, 3.6, 0.0, 3.6, 0.0, 0.0], [0.0, 0.81, 0.0, 0.28, 359.25, 359.27, 0.0, 1.0], [0.2, 25.0, 0.0, 0.0])
(37036980, [2.0, 0.74, 0.0, 3.6, 0.0, 3.6, 0.0, 3.6, 0.0, 0.0], [0.0, 0.8, 0.0, 0.28, 359.25, 359.27, 0.0, 1.0], [0.2, 25.0, 0.0, 0.0])
(37137329, [2.0, 0.74, 0.0, 3.6, 0.0, 3.6, 0.0, 3.6, 0.0, 0.0], [0.0, 0.8, 0.0, 0.28, 359.24, 359.26, 0.0, 1.0], [0.2, 25.0, 0.0, 0.0])
(37257914, [1.0, 0.74, 0.0, 3.6, 0.0, 3.6, 0.0, 3.6, 0.0, 0.0], [0.0, 0.8, 0.0, 0.28, 359.24, 359.26, 0.0, 1.0], [0.2, 25.0, 0.0, 0.0])
(37356908, [1.0, 0.74, 0.0, 3.6, 0.0, 3.6, 0.0, 3.6, 0.0, 0.0], [0.0, 0.8, 0.0, 0.28, 359.24, 359.26, 0.0, 1.0], [0.2, 25.0, 0.0, 0.0])
(37456965, [1.0, 0.74, 0.0, 3.6, 0.0, 3.6, 0.0, 3.6, 0.0, 0.0], [0.0, 0.8, 0.0, 0.28, 359.24, 359.26, 0.0, 1.0], [0.2, 25.0, 0.0, 0.0])
(37556900, [2.0, 0.74, 0.0, 3.6, 0.0, 3.6, 0.0, 3.6, 0.0, 0.0], [0.0, 0.8, 0.0, 0.28, 359.23, 359.25, 0.0, 1.0], [0.2, 25.0, 0.0, 0.0])
(37664958, [2.0, 0.74, 0.0, 3.6, 0.0, 3.6, 0.0, 3.6, 0.0, 0.0], [0.0, 0.8, 0.0, 0.28, 359.23, 359.25, 0.0, 1.0], [0.2, 25.0, 0.0, 0.0])
(37765516, [1.0, 0.74, 0.0, 3.6, 0.0, 3.6, 0.0, 3.6, 0.0, 0.0], [0.0, 0.8, 0.0, 0.28, 359.22, 359.24, 0.0, 1.0], [0.2, 25.0, 0.0, 0.0])
(37865486, [1.0, 0.74, 0.0, 3.6, 0.0, 3.6, 0.0, 3.6, 0.0, 0.0], [0.0, 0.8, 0.0, 0.28, 359.22, 359.24, 0.0, 1.0], [0.2, 25.0, 0.0, 0.0])
(37965397, [1.0, 0.74, 0.0, 3.6, 0.0, 3.6, 0.0, 3.6, 0.0, 0.0], [0.0, 0.8, 0.0, 0.28, 359.22, 359.24, 0.0, 1.0], [0.2, 25.0, 0.0, 0.0])
(38065375, [2.0, 0.74, 0.0, 3.6, 0.0, 3.6, 0.0, 3.6, 0.0, 0.0], [0.0, 0.8, 0.0, 0.28, 359.21, 359.23, 0.0, 1.0], [0.2, 25.0, 0.0, 0.0])
(38166263, [2.0, 0.74, 0.0, 3.6, 0.0, 3.6, 0.0, 3.6, 0.0, 0.0], [0.0, 0.8, 0.0, 0.28, 359.21, 359.23, 0.0, 1.0], [0.2, 25.0, 0.0, 0.0])
(38266258, [1.0, 0.74, 0.0, 3.6, 0.0, 3.6, 0.0, 3.6, 0.0, 0.0], [0.0, 0.8, 0.0, 0.28, 359.21, 359.23, 0.0, 1.0], [0.2, 25.0, 0.0, 0.0])
(38366134, [1.0, 0.74, 0.0, 3.6, 0.0, 3.6, 0.0, 3.6, 0.0, 0.0], [0.0, 0.81, 0.0, 0.28, 359.2, 359.22, 0.0, 1.0], [0.2, 25.0, 0.0, 0.0])
(38466454, [1.0, 0.74, 0.0, 3.6, 0.0, 3.6, 0.0, 3.6, 0.0, 0.0], [0.0, 0.81, 0.0, 0.28, 359.2, 359.22, 0.0, 1.0], [0.2, 25.0, 0.0, 0.0])
(38566309, [2.0, 0.74, 0.0, 3.6, 0.0, 3.6, 0.0, 3.6, 0.0, 0.0], [0.0, 0.82, 0.0, 0.28, 359.19, 359.21, 0.0, 1.0], [0.2, 25.0, 0.0, 0.0])
(38666105, [2.0, 0.74, 0.0, 3.6, 0.0, 3.6, 0.0, 3.6, 0.0, 0.0], [0.0, 0.81, 0.0, 0.28, 359.19, 359.21, 0.0, 1.0], [0.2, 25.0, 0.0, 0.0])
(38769753, [1.0, 0.74, 0.0, 3.6, 0.0, 3.6, 0.0, 3.6, 0.0, 0.0], [0.0, 0.81, 0.0, 0.28, 359.19, 359.21, 0.0, 1.0], [0.2, 25.0, 0.0, 0.0])
(38869813, [1.0, 0.74, 0.0, 3.6, 0.0, 3.6, 0.0, 3.6, 0.0, 0.0], [0.0, 0.81, 0.0, 0.28, 359.19, 359.21, 0.0, 1.0], [0.2, 25.0, 0.0, 0.0])
(38971671, [1.0, 0.74, 0.0, 3.6, 0.0, 3.6, 0.0, 3.6, 0.0, 0.0], [0.0, 0.81, 0.0, 0.28, 359.19, 359.21, 0.0, 1.0], [0.2, 25.0, 0.0, 0.0])
(39072007, [2.0, 0.74, 0.0, 3.6, 0.0, 3.6, 0.0, 3.6, 0.0, 0.0], [0.0, 0.81, 0.0, 0.28, 359.19, 359.21, 0.0, 1.0], [0.2, 25.0, 0.0, 0.0])
(39171675, [2.0, 0.74, 0.0, 3.6, 0.0, 3.6, 0.0, 3.6, 0.0, 0.0], [0.0, 0.81, 0.0, 0.28, 359.18, 359.2, 0.0, 1.0], [0.2, 25.0, 0.0, 0.0])
(39271671, [1.0, 0.74, 0.0, 3.6, 0.0, 3.6, 0.0, 3.6, 0.0, 0.0], [0.0, 0.81, 0.0, 0.28, 359.18, 359.2, 0.0, 1.0], [0.2, 25.0, 0.0, 0.0])
(39375818, [1.0, 0.74, 0.0, 3.6, 0.0, 3.6, 0.0, 3.6, 0.0, 0.0], [0.0, 0.81, 0.0, 0.28, 359.18, 359.2, 0.0, 1.0], [0.2, 25.0, 0.0, 0.0])
(39475828, [1.0, 0.74, 0.0, 3.6, 0.0, 3.6, 0.0, 3.6, 0.0, 0.0], [0.0, 0.81, 0.0, 0.28, 359.18, 359.2, 0.0, 1.0], [0.2, 25.0, 0.0, 0.0])
(39575888, [2.0, 0.74, 0.0, 3.6, 0.0, 3.6, 0.0, 3.6, 0.0, 0.0], [0.0, 0.82, 0.0, 0.27, 359.17, 359.19, 0.0, 1.0], [0.2, 25.0, 0.0, 0.0])
(39675793, [2.0, 0.74, 0.0, 3.6, 0.0, 3.6, 0.0, 3.6, 0.0, 0.0], [0.0, 0.82, 0.0, 0.27, 359.17, 359.19, 0.0, 1.0], [0.2, 25.0, 0.0, 0.0])
(39780308, [1.0, 0.74, 0.0, 3.6, 0.0, 3.6, 0.0, 3.6, 0.0, 0.0], [0.0, 0.82, 0.0, 0.27, 359.17, 359.19, 0.0, 1.0], [0.2, 25.0, 0.0, 0.0])
(39878465, [1.0, 0.74, 0.0, 3.6, 0.0, 3.6, 0.0, 3.6, 0.0, 0.0], [0.0, 0.82, 0.0, 0.27, 359.17, 359.19, 0.0, 1.0], [0.2, 25.0, 0.0, 0.0])
(39980813, [1.0, 0.74, 0.0, 3.6, 0.0, 3.6, 0.0, 3.6, 0.0, 0.0], [0.0, 0.83, 0.0, 0.27, 359.16, 359.19, 0.0, 1.0], [0.2, 25.0, 0.0, 0.0])
(40080663, [2.0, 0.74, 0.0, 3.6, 0.0, 3.6, 0.0, 3.6, 0.0, 0.0], [0.0, 0.82, 0.0, 0.27, 359.16, 359.18, 0.0, 1.0], [0.2, 25.0, 0.0, 0.0])
(40180781, [2.0, 0.74, 0.0, 3.6, 0.0, 3.6, 0.0, 3.6, 0.0, 0.0], [0.0, 0.82, 0.0, 0.26, 359.16, 359.18, 0.0, 1.0], [0.2, 25.0, 0.0, 0.0])
(40280762, [1.0, 0.74, 0.0, 3.6, 0.0, 3.6, 0.0, 3.6, 0.0, 0.0], [0.0, 0.82, 0.0, 0.26, 359.16, 359.18, 0.0, 1.0], [0.2, 25.0, 0.0, 0.0])
(40380773, [1.0, 0.74, 0.0, 3.6, 0.0, 3.6, 0.0, 3.6, 0.0, 0.0], [0.0, 0.82, 0.0, 0.26, 359.15, 359.17, 0.0, 1.0], [0.2, 25.0, 0.0, 0.0])
(40480849, [1.0, 0.74, 0.0, 3.6, 0.0, 3.6, 0.0, 3.6, 0.0, 0.0], [0.0, 0.82, 0.0, 0.26, 359.15, 359.17, 0.0, 1.0], [0.2, 25.0, 0.0, 0.0])
(40580955, [2.0, 0.74, 0.0, 3.6, 0.0, 3.6, 0.0, 3.6, 0.0, 0.0], [0.0, 0.82, 0.0, 0.27, 359.15, 359.17, 0.0, 1.0], [0.2, 25.0, 0.0, 0.0])
(40680804, [2.0, 0.74, 0.0, 3.6, 0.0, 3.6, 0.0, 3.6, 0.0, 0.0], [0.0, 0.82, 0.0, 0.26, 359.14, 359.17, 0.0, 1.0], [0.2, 25.0, 0.0, 0.0])
(40780778, [1.0, 0.74, 0.0, 3.6, 0.0, 3.6, 0.0, 3.6, 0.0, 0.0], [0.0, 0.83, 0.0, 0.26, 359.14, 359.16, 0.0, 1.0], [0.2, 25.0, 0.0, 0.0])
(42282410, [2.0, 0.74, 0.0, 3.6, 0.0, 3.6, 0.0, 3.6, 0.0, 0.0], [0.0, 0.84, 0.0, 0.25, 359.11, 359.14, 0.0, 1.0], [0.2, 25.0, 0.0, 0.0])
(42382395, [1.0, 0.74, 0.0, 3.6, 0.0, 3.6, 0.0, 3.6, 0.0, 0.0], [0.0, 0.84, 0.0, 0.25, 359.11, 359.14, 0.0, 1.0], [0.2, 25.0, 0.0, 0.0])
(42483431, [1.0, 0.74, 0.0, 3.6, 0.0, 3.6, 0.0, 3.6, 0.0, 0.0], [0.0, 0.84, 0.0, 0.25, 359.11, 359.13, 0.0, 1.0], [0.2, 25.0, 0.0, 0.0])
(42582404, [1.0, 0.74, 0.0, 3.6, 0.0, 3.6, 0.0, 3.6, 0.0, 0.0], [0.0, 0.84, 0.0, 0.25, 359.11, 359.13, 0.0, 1.0], [0.2, 25.0, 0.0, 0.0])
(42682472, [2.0, 0.74, 0.0, 3.6, 0.0, 3.6, 0.0, 3.6, 0.0, 0.0], [0.0, 0.84, 0.0, 0.25, 359.11, 359.13, 0.0, 1.0], [0.2, 25.0, 0.0, 0.0])
(42782527, [2.0, 0.74, 0.0, 3.6, 0.0, 3.6, 0.0, 3.6, 0.0, 0.0], [0.0, 0.84, 0.0, 0.25, 359.11, 359.13, 0.0, 1.0], [0.2, 25.0, 0.0, 0.0])
(42882481, [1.0, 0.74, 0.0, 3.6, 0.0, 3.6, 0.0, 3.6, 0.0, 0.0], [0.0, 0.84, 0.0, 0.25, 359.1, 359.12, 0.0, 1.0], [0.2, 25.0, 0.0, 0.0])
(42983060, [1.0, 0.74, 0.0, 3.6, 0.0, 3.6, 0.0, 3.6, 0.0, 0.0], [0.0, 0.84, 0.0, 0.25, 359.1, 359.12, 0.0, 1.0], [0.2, 25.0, 0.0, 0.0])
(43082252, [1.0, 0.74, 0.0, 3.6, 0.0, 3.6, 0.0, 3.6, 0.0, 0.0], [0.0, 0.84, 0.0, 0.24, 359.1, 359.12, 0.0, 1.0], [0.2, 25.0, 0.0, 0.0])
(43182651, [2.0, 0.74, 0.0, 3.6, 0.0, 3.6, 0.0, 3.6, 0.0, 0.0], [0.0, 0.84, 0.0, 0.24, 359.1, 359.12, 0.0, 1.0], [0.2, 25.0, 0.0, 0.0])
(43282427, [2.0, 0.74, 0.0, 3.6, 0.0, 3.6, 0.0, 3.6, 0.0, 0.0], [0.0, 0.84, 0.0, 0.24, 359.09, 359.11, 0.0, 1.0], [0.2, 25.0, 0.0, 0.0])
(43382186, [1.0, 0.74, 0.0, 3.6, 0.0, 3.6, 0.0, 3.6, 0.0, 0.0], [0.0, 0.84, 0.0, 0.24, 359.09, 359.11, 0.0, 1.0], [0.2, 25.0, 0.0, 0.0])
(43482307, [1.0, 0.74, 0.0, 3.6, 0.0, 3.6, 0.0, 3.6, 0.0, 0.0], [0.0, 0.84, 0.0, 0.24, 359.09, 359.11, 0.0, 1.0], [0.2, 25.0, 0.0, 0.0])
(43582493, [1.0, 0.74, 0.0, 3.6, 0.0, 3.6, 0.0, 3.6, 0.0, 0.0], [0.0, 0.84, 0.0, 0.25, 359.08, 359.1, 0.0, 1.0], [0.2, 25.0, 0.0, 0.0])
(43685416, [2.0, 0.74, 0.0, 3.6, 0.0, 3.6, 0.0, 3.6, 0.0, 0.0], [0.0, 0.84, 0.0, 0.25, 359.08, 359.1, 0.0, 1.0], [0.2, 25.0, 0.0, 0.0])
(43785069, [2.0, 0.74, 0.0, 3.6, 0.0, 3.6, 0.0, 3.6, 0.0, 0.0], [0.0, 0.84, 0.0, 0.24, 359.08, 359.1, 0.0, 1.0], [0.2, 25.0, 0.0, 0.0])
(43885419, [1.0, 0.74, 0.0, 3.6, 0.0, 3.6, 0.0, 3.6, 0.0, 0.0], [0.0, 0.84, 0.0, 0.25, 359.08, 359.1, 0.0, 1.0], [0.2, 25.0, 0.0, 0.0])
(43984867, [1.0, 0.74, 0.0, 3.6, 0.0, 3.6, 0.0, 3.6, 0.0, 0.0], [0.0, 0.84, 0.0, 0.25, 359.08, 359.1, 0.0, 1.0], [0.2, 25.0, 0.0, 0.0])
(44084889, [1.0, 0.74, 0.0, 3.6, 0.0, 3.6, 0.0, 3.6, 0.0, 0.0], [0.0, 0.84, 0.0, 0.25, 359.07, 359.09, 0.0, 1.0], [0.2, 25.0, 0.0, 0.0])
(44185095, [2.0, 0.74, 0.0, 3.6, 0.0, 3.6, 0.0, 3.6, 0.0, 0.0], [0.0, 0.84, 0.0, 0.25, 359.07, 359.09, 0.0, 1.0], [0.2, 25.0, 0.0, 0.0])
(44284879, [2.0, 0.74, 0.0, 3.6, 0.0, 3.6, 0.0, 3.6, 0.0, 0.0], [0.0, 0.84, 0.0, 0.25, 359.07, 359.09, 0.0, 1.0], [0.2, 25.0, 0.0, 0.0])
(44384884, [1.0, 0.74, 0.0, 3.6, 0.0, 3.6, 0.0, 3.6, 0.0, 0.0], [0.0, 0.84, 0.0, 0.25, 359.07, 359.09, 0.0, 1.0], [0.2, 25.0, 0.0, 0.0])
(44484899, [1.0, 0.74, 0.0, 3.6, 0.0, 3.6, 0.0, 3.6, 0.0, 0.0], [0.0, 0.84, 0.0, 0.25, 359.07, 359.09, 0.0, 1.0], [0.2, 25.0, 0.0, 0.0])
(44584885, [1.0, 0.74, 0.0, 3.6, 0.0, 3.6, 0.0, 3.6, 0.0, 0.0], [0.0, 0.85, 0.0, 0.25, 359.06, 359.08, 0.0, 1.0], [0.2, 25.0, 0.0, 0.0])
(44685033, [2.0, 0.74, 0.0, 3.6, 0.0, 3.6, 0.0, 3.6, 0.0, 0.0], [0.0, 0.84, 0.0, 0.25, 359.06, 359.08, 0.0, 1.0], [0.2, 25.0, 0.0, 0.0])
(44786609, [2.0, 0.74, 0.0, 3.6, 0.0, 3.6, 0.0, 3.6, 0.0, 0.0], [0.0, 0.84, 0.0, 0.25, 359.06, 359.08, 0.0, 1.0], [0.2, 25.0, 0.0, 0.0])
(44886584, [1.0, 0.74, 0.0, 3.6, 0.0, 3.6, 0.0, 3.6, 0.0, 0.0], [0.0, 0.84, 0.0, 0.25, 359.06, 359.08, 0.0, 1.0], [0.2, 25.0, 0.0, 0.0])
(44986629, [1.0, 0.74, 0.0, 3.6, 0.0, 3.6, 0.0, 3.6, 0.0, 0.0], [0.0, 0.84, 0.0, 0.25, 359.05, 359.07, 0.0, 1.0], [0.2, 25.0, 0.0, 0.0])
(45088918, [1.0, 0.74, 0.0, 3.6, 0.0, 3.6, 0.0, 3.6, 0.0, 0.0], [0.0, 0.84, 0.0, 0.25, 359.05, 359.07, 0.0, 1.0], [0.2, 25.0, 0.0, 0.0])
(45188995, [2.0, 0.74, 0.0, 3.6, 0.0, 3.6, 0.0, 3.6, 0.0, 0.0], [0.0, 0.84, 0.0, 0.24, 359.04, 359.06, 0.0, 1.0], [0.2, 25.0, 0.0, 0.0])
(45296637, [2.0, 0.74, 0.0, 3.6, 0.0, 3.6, 0.0, 3.6, 0.0, 0.0], [0.0, 0.84, 0.0, 0.24, 359.03, 359.05, 0.0, 1.0], [0.2, 25.0, 0.0, 0.0])
(45396886, [1.0, 0.74, 0.0, 3.6, 0.0, 3.6, 0.0, 3.6, 0.0, 0.0], [0.0, 0.84, 0.0, 0.24, 359.03, 359.05, 0.0, 1.0], [0.2, 25.0, 0.0, 0.0])
(45498178, [1.0, 0.74, 0.0, 3.6, 0.0, 3.6, 0.0, 3.6, 0.0, 0.0], [0.0, 0.84, 0.0, 0.24, 359.03, 359.05, 0.0, 1.0], [0.2, 25.0, 0.0, 0.0])
(45598357, [1.0, 0.74, 0.0, 3.6, 0.0, 3.6, 0.0, 3.6, 0.0, 0.0], [0.0, 0.84, 0.0, 0.24, 359.02, 359.04, 0.0, 1.0], [0.2, 25.0, 0.0, 0.0])
(45699187, [2.0, 0.74, 0.0, 3.6, 0.0, 3.6, 0.0, 3.6, 0.0, 0.0], [0.0, 0.84, 0.0, 0.24, 359.02, 359.04, 0.0, 1.0], [0.2, 25.0, 0.0, 0.0])
(45804344, [2.0, 0.74, 0.0, 3.6, 0.0, 3.6, 0.0, 3.6, 0.0, 0.0], [0.0, 0.84, 0.0, 0.24, 359.02, 359.04, 0.0, 1.0], [0.2, 25.0, 0.0, 0.0])
(45902886, [1.0, 0.74, 0.0, 3.6, 0.0, 3.6, 0.0, 3.6, 0.0, 0.0], [0.0, 0.84, 0.0, 0.24, 359.01, 359.04, 0.0, 1.0], [0.2, 25.0, 0.0, 0.0])
(46002840, [1.0, 0.74, 0.0, 3.6, 0.0, 3.6, 0.0, 3.6, 0.0, 0.0], [0.0, 0.84, 0.0, 0.23, 359.01, 359.04, 0.0, 1.0], [0.2, 25.0, 0.0, 0.0])
(46102793, [1.0, 0.74, 0.0, 3.6, 0.0, 3.6, 0.0, 3.6, 0.0, 0.0], [0.0, 0.84, 0.0, 0.23, 359.01, 359.03, 0.0, 1.0], [0.2, 25.0, 0.0, 0.0])
(46202878, [2.0, 0.74, 0.0, 3.6, 0.0, 3.6, 0.0, 3.6, 0.0, 0.0], [0.0, 0.84, 0.0, 0.24, 359.01, 359.03, 0.0, 1.0], [0.2, 25.0, 0.0, 0.0])
(46308379, [2.0, 0.74, 0.0, 3.6, 0.0, 3.6, 0.0, 3.6, 0.0, 0.0], [0.0, 0.84, 0.0, 0.24, 359.01, 359.03, 0.0, 1.0], [0.2, 25.0, 0.0, 0.0])
(46408350, [1.0, 0.74, 0.0, 3.6, 0.0, 3.6, 0.0, 3.6, 0.0, 0.0], [0.0, 0.83, 0.0, 0.24, 359.0, 359.02, 0.0, 1.0], [0.2, 25.0, 0.0, 0.0])
(46508258, [1.0, 0.74, 0.0, 3.6, 0.0, 3.6, 0.0, 3.6, 0.0, 0.0], [0.0, 0.84, 0.0, 0.25, 359.0, 359.02, 0.0, 1.0], [0.2, 25.0, 0.0, 0.0])
(46608290, [1.0, 0.74, 0.0, 3.6, 0.0, 3.6, 0.0, 3.6, 0.0, 0.0], [0.0, 0.84, 0.0, 0.24, 359.0, 359.02, 0.0, 1.0], [0.2, 25.0, 0.0, 0.0])
(46708158, [2.0, 0.74, 0.0, 3.6, 0.0, 3.6, 0.0, 3.6, 0.0, 0.0], [0.0, 0.83, 0.0, 0.24, 358.99, 359.01, 0.0, 1.0], [0.2, 25.0, 0.0, 0.0])
(46808210, [2.0, 0.74, 0.0, 3.6, 0.0, 3.6, 0.0, 3.6, 0.0, 0.0], [0.0, 0.83, 0.0, 0.25, 358.99, 359.01, 0.0, 1.0], [0.2, 25.0, 0.0, 0.0])
(46908373, [1.0, 0.74, 0.0, 3.6, 0.0, 3.6, 0.0, 3.6, 0.0, 0.0], [0.0, 0.83, 0.0, 0.25, 358.98, 359.0, 0.0, 1.0], [0.2, 25.0, 0.0, 0.0])
(47008402, [1.0, 0.74, 0.0, 3.6, 0.0, 3.6, 0.0, 3.6, 0.0, 0.0], [0.0, 0.83, 0.0, 0.26, 358.98, 359.0, 0.0, 1.0], [0.2, 25.0, 0.0, 0.0])
(47108753, [1.0, 0.74, 0.0, 3.6, 0.0, 3.6, 0.0, 3.6, 0.0, 0.0], [0.0, 0.83, 0.0, 0.26, 358.98, 359.0, 0.0, 1.0], [0.2, 25.0, 0.0, 0.0])
(47208381, [2.0, 0.74, 0.0, 3.6, 0.0, 3.6, 0.0, 3.6, 0.0, 0.0], [0.0, 0.83, 0.0, 0.26, 358.97, 358.99, 0.0, 1.0], [0.2, 25.0, 0.0, 0.0])
(47308418, [2.0, 0.74, 0.0, 3.6, 0.0, 3.6, 0.0, 3.6, 0.0, 0.0], [0.0, 0.83, 0.0, 0.26, 358.97, 358.99, 0.0, 1.0], [0.2, 25.0, 0.0, 0.0])
(47408312, [1.0, 0.74, 0.0, 3.6, 0.0, 3.6, 0.0, 3.6, 0.0, 0.0], [0.0, 0.83, 0.0, 0.27, 358.97, 358.99, 0.0, 1.0], [0.2, 25.0, 0.0, 0.0])
(47508423, [1.0, 0.74, 0.0, 3.6, 0.0, 3.6, 0.0, 3.6, 0.0, 0.0], [0.0, 0.83, 0.0, 0.27, 358.97, 358.99, 0.0, 1.0], [0.2, 25.0, 0.0, 0.0])
(47608443, [1.0, 0.74, 0.0, 3.6, 0.0, 3.6, 0.0, 3.6, 0.0, 0.0], [0.0, 0.82, 0.0, 0.27, 358.97, 358.98, 0.0, 1.0], [0.2, 25.0, 0.0, 0.0])
(47708377, [2.0, 0.74, 0.0, 3.6, 0.0, 3.6, 0.0, 3.6, 0.0, 0.0], [0.0, 0.83, 0.0, 0.27, 358.97, 358.98, 0.0, 1.0], [0.2, 25.0, 0.0, 0.0])
(47808468, [2.0, 0.74, 0.0, 3.6, 0.0, 3.6, 0.0, 3.6, 0.0, 0.0], [0.0, 0.83, 0.0, 0.27, 358.97, 358.97, 0.0, 1.0], [0.2, 25.0, 0.0, 0.0])
(47908430, [1.0, 0.74, 0.0, 3.6, 0.0, 3.6, 0.0, 3.6, 0.0, 0.0], [-3.18, 0.83, 0.26, 0.27, 358.97, 358.97, 0.0, 1.0], [0.2, 25.0, 0.0, 0.0])
(48008377, [1.0, 0.74, 0.0, 3.6, 0.0, 3.6, 0.0, 3.6, 0.0, 0.0], [-6.61, 0.83, -0.25, 0.27, 358.97, 358.97, 0.0, 1.0], [0.2, 25.0, 0.0, 0.0])
(48108406, [1.0, 0.74, 0.0, 3.6, 0.0, 3.6, 0.0, 3.6, 0.0, 0.0], [-8.31, 0.83, -0.51, 0.27, 358.97, 358.97, 0.0, 1.0], [0.2, 25.0, 0.0, 0.0])
(48208406, [2.0, 0.74, 0.0, 3.6, 0.0, 3.6, 0.0, 3.6, 0.0, 0.0], [-9.14, 0.83, -0.39, 0.27, 358.97, 358.97, 0.0, 1.0], [0.2, 25.0, 0.0, 0.0])
(48309120, [2.0, 0.74, 0.0, 3.6, 0.0, 3.6, 0.0, 3.6, 0.0, 0.0], [-9.54, 0.83, 0.39, 0.27, 358.97, 358.96, 0.0, 1.0], [0.2, 25.0, 0.0, 0.0])
(48409394, [1.0, 0.74, 0.0, 3.6, 0.0, 3.6, 0.0, 3.6, 0.0, 0.0], [-9.74, 0.83, 0.64, 0.27, 358.97, 358.96, 0.0, 1.0], [0.2, 25.0, 0.0, 0.0])
(48508900, [1.0, 0.74, 0.0, 3.6, 0.0, 3.6, 0.0, 3.6, 0.0, 0.0], [-9.85, 0.83, -0.07, 0.27, 358.97, 358.96, 0.0, 1.0], [0.2, 25.0, 0.0, 0.0])
(48608925, [1.0, 0.74, 0.0, 3.6, 0.0, 3.6, 0.0, 3.6, 0.0, 0.0], [-9.91, 0.83, -0.42, 0.27, 358.97, 358.95, 0.0, 1.0], [0.2, 25.0, 0.0, 0.0])
(48708942, [2.0, 0.74, 0.0, 3.6, 0.0, 3.6, 0.0, 3.6, 0.0, 0.0], [-9.93, 0.83, -0.46, 0.28, 358.97, 358.95, 0.0, 1.0], [0.2, 25.0, 0.0, 0.0])
(48808835, [2.0, 0.74, 0.0, 3.6, 0.0, 3.6, 0.0, 3.6, 0.0, 0.0], [-9.93, 0.83, 0.35, 0.27, 358.97, 358.95, 0.0, 1.0], [0.2, 25.0, 0.0, 0.0])
(48909456, [1.0, 0.74, 0.0, 3.6, 0.0, 3.6, 0.0, 3.6, 0.0, 0.0], [-9.93, 0.83, 0.73, 0.28, 358.97, 358.94, 0.0, 1.0], [0.2, 25.0, 0.0, 0.0])
(49008902, [1.0, 0.74, 0.0, 3.6, 0.0, 3.6, 0.0, 3.6, 0.0, 0.0], [-9.95, 0.83, -0.01, 0.28, 358.97, 358.94, 0.0, 1.0], [0.2, 25.0, 0.0, 0.0])
(49108925, [1.0, 0.74, 0.0, 3.6, 0.0, 3.6, 0.0, 3.6, 0.0, 0.0], [-9.96, 0.83, -0.39, 0.28, 358.97, 358.93, 0.0, 1.0], [0.2, 25.0, 0.0, 0.0])
(49208910, [2.0, 0.74, 0.0, 3.6, 0.0, 3.6, 0.0, 3.6, 0.0, 0.0], [-9.96, 0.83, -0.56, 0.28, 358.97, 358.93, 0.0, 1.0], [0.2, 25.0, 0.0, 0.0])
(49308952, [2.0, 0.74, 0.0, 3.6, 0.0, 3.6, 0.0, 3.6, 0.0, 0.0], [-9.94, 0.84, 0.29, 0.27, 358.97, 358.93, 0.0, 1.0], [0.2, 25.0, 0.0, 0.0])
(49408941, [2.0, 0.74, 0.0, 3.6, 0.0, 3.6, 0.0, 3.6, 0.0, 0.0], [-9.94, 0.84, 0.72, 0.27, 358.97, 358.92, 0.0, 1.0], [0.2, 25.0, 0.0, 0.0])
(49509655, [1.0, 0.74, 0.0, 3.6, 0.0, 3.6, 0.0, 3.6, 0.0, 0.0], [-9.95, 0.84, 0.03, 0.26, 358.97, 358.92, 0.0, 1.0], [0.2, 25.0, 0.0, 0.0])
(49609226, [1.0, 0.74, 0.0, 3.6, 0.0, 3.6, 0.0, 3.6, 0.0, 0.0], [-9.96, 0.83, -0.37, 0.26, 358.97, 358.91, 0.0, 1.0], [0.2, 25.0, 0.0, 0.0])
(49709271, [2.0, 0.74, 0.0, 3.6, 0.0, 3.6, 0.0, 3.6, 0.0, 0.0], [-9.96, 0.83, -0.55, 0.26, 358.97, 358.91, 0.0, 1.0], [0.2, 25.0, 0.0, 0.0])
(49809256, [2.0, 0.74, 0.0, 3.6, 0.0, 3.6, 0.0, 3.6, 0.0, 0.0], [-9.94, 0.84, 0.3, 0.26, 358.97, 358.9, 0.0, 1.0], [0.2, 25.0, 0.0, 0.0])
(49909312, [2.0, 0.74, 0.0, 3.6, 0.0, 3.6, 0.0, 3.6, 0.0, 0.0], [-9.94, 0.84, 0.73, 0.26, 358.97, 358.9, 0.0, 1.0], [0.2, 25.0, 0.0, 0.0])
(50009241, [1.0, 0.74, 0.0, 3.6, 0.0, 3.6, 0.0, 3.6, 0.0, 0.0], [-9.95, 0.84, 0.11, 0.26, 358.97, 358.89, 0.0, 1.0], [0.2, 25.0, 0.0, 0.0])
(50109223, [1.0, 0.74, 0.0, 3.6, 0.0, 3.6, 0.0, 3.6, 0.0, 0.0], [-9.96, 0.84, -0.33, 0.26, 358.97, 358.89, 0.0, 1.0], [0.2, 25.0, 0.0, 0.0])
(50209239, [1.0, 0.74, 0.0, 3.6, 0.0, 3.6, 0.0, 3.6, 0.0, 0.0], [-9.96, 0.84, -0.55, 0.26, 358.97, 358.89, 0.0, 1.0], [0.2, 25.0, 0.0, 0.0])
(50309194, [2.0, 0.73, 0.0, 3.6, 0.0, 3.6, 0.0, 3.6, 0.0, 0.0], [-9.94, 0.84, 0.18, 0.26, 358.97, 358.89, 0.0, 1.0], [0.2, 25.0, 0.0, 0.0])
(50409225, [2.0, 0.73, 0.0, 3.6, 0.0, 3.6, 0.0, 3.6, 0.0, 0.0], [-9.93, 0.84, 0.68, 0.26, 358.97, 358.88, 0.0, 1.0], [0.2, 25.0, 0.0, 0.0])
(50509124, [1.0, 0.73, 0.0, 3.6, 0.0, 3.6, 0.0, 3.6, 0.0, 0.0], [-9.95, 0.84, 0.18, 0.26, 358.97, 358.88, 0.0, 1.0], [0.2, 25.0, 0.0, 0.0])
(50609214, [1.0, 0.73, 0.0, 3.6, 0.0, 3.6, 0.0, 3.6, 0.0, 0.0], [-9.96, 0.84, -0.28, 0.26, 358.97, 358.88, 0.0, 1.0], [0.2, 25.0, 0.0, 0.0])
(50715089, [1.0, 0.73, 0.0, 3.6, 0.0, 3.6, 0.0, 3.6, 0.0, 0.0], [-9.96, 0.84, -0.51, 0.26, 358.97, 358.88, 0.0, 1.0], [0.2, 25.0, 0.0, 0.0])
(50813855, [2.0, 0.73, 0.0, 3.6, 0.0, 3.6, 0.0, 3.6, 0.0, 0.0], [-9.95, 0.84, 0.12, 0.26, 358.97, 358.87, 0.0, 1.0], [0.2, 25.0, 0.0, 0.0])
(50913865, [2.0, 0.73, 0.0, 3.6, 0.0, 3.6, 0.0, 3.6, 0.0, 0.0], [-9.94, 0.84, 0.66, 0.25, 358.97, 358.87, 0.0, 1.0], [0.2, 25.0, 0.0, 0.0])
(51014001, [1.0, 0.73, 0.0, 3.6, 0.0, 3.6, 0.0, 3.6, 0.0, 0.0], [-9.95, 0.84, 0.17, 0.25, 358.97, 358.87, 0.0, 1.0], [0.2, 25.0, 0.0, 0.0])
(51113892, [1.0, 0.73, 0.0, 3.6, 0.0, 3.6, 0.0, 3.6, 0.0, 0.0], [-9.96, 0.84, -0.28, 0.25, 358.97, 358.87, 0.0, 1.0], [0.2, 25.0, 0.0, 0.0])
(51213870, [1.0, 0.73, 0.0, 3.6, 0.0, 3.6, 0.0, 3.6, 0.0, 0.0], [-9.96, 0.83, -0.51, 0.25, 358.97, 358.86, 0.0, 1.0], [0.2, 25.0, 0.0, 0.0])
(51313974, [2.0, 0.74, 0.0, 3.6, 0.0, 3.6, 0.0, 3.6, 0.0, 0.0], [-9.95, 0.84, 0.02, 0.25, 358.97, 358.86, 0.0, 1.0], [0.2, 25.0, 0.0, 0.0])
(51414631, [2.0, 0.74, 0.0, 3.6, 0.0, 3.6, 0.0, 3.6, 0.0, 0.0], [-9.94, 0.84, 0.59, 0.25, 358.97, 358.86, 0.0, 1.0], [0.2, 25.0, 0.0, 0.0])
(51513856, [1.0, 0.74, 0.0, 3.6, 0.0, 3.6, 0.0, 3.6, 0.0, 0.0], [-9.95, 0.84, 0.21, 0.25, 358.97, 358.85, 0.0, 1.0], [0.2, 25.0, 0.0, 0.0])
(51613861, [1.0, 0.74, 0.0, 3.6, 0.0, 3.6, 0.0, 3.6, 0.0, 0.0], [-9.96, 0.84, -0.28, 0.25, 358.97, 358.85, 0.0, 1.0], [0.2, 25.0, 0.0, 0.0])
(51713883, [1.0, 0.74, 0.0, 3.6, 0.0, 3.6, 0.0, 3.6, 0.0, 0.0], [-9.96, 0.84, -0.53, 0.25, 358.97, 358.85, 0.0, 1.0], [0.2, 25.0, 0.0, 0.0])
(51816447, [2.0, 0.74, 0.0, 3.6, 0.0, 3.6, 0.0, 3.6, 0.0, 0.0], [-9.95, 0.84, 0.01, 0.25, 358.97, 358.84, 0.0, 1.0], [0.2, 25.0, 0.0, 0.0])
(51916718, [2.0, 0.74, 0.0, 3.6, 0.0, 3.6, 0.0, 3.6, 0.0, 0.0], [-9.94, 0.84, 0.59, 0.25, 358.97, 358.84, 0.0, 1.0], [0.2, 25.0, 0.0, 0.0])
(52027287, [1.0, 0.74, 0.0, 3.6, 0.0, 3.6, 0.0, 3.6, 0.0, 0.0], [-9.95, 0.84, 0.2, 0.26, 358.97, 358.83, 0.0, 1.0], [0.2, 25.0, 0.0, 0.0])
(52127334, [1.0, 0.74, 0.0, 3.6, 0.0, 3.6, 0.0, 3.6, 0.0, 0.0], [-9.96, 0.84, -0.28, 0.26, 358.97, 358.83, 0.0, 1.0], [0.2, 25.0, 0.0, 0.0])
(52229286, [1.0, 0.74, 0.0, 3.6, 0.0, 3.6, 0.0, 3.6, 0.0, 0.0], [-9.96, 0.84, -0.53, 0.26, 358.97, 358.82, 0.0, 1.0], [0.2, 25.0, 0.0, 0.0])
(52327628, [2.0, 0.74, 0.0, 3.6, 0.0, 3.6, 0.0, 3.6, 0.0, 0.0], [-9.95, 0.84, 0.09, 0.25, 358.97, 358.82, 0.0, 1.0], [0.2, 25.0, 0.0, 0.0])
(52427674, [2.0, 0.74, 0.0, 3.6, 0.0, 3.6, 0.0, 3.6, 0.0, 0.0], [-9.94, 0.84, 0.63, 0.26, 358.97, 358.82, 0.0, 1.0], [0.2, 25.0, 0.0, 0.0])
(52527626, [1.0, 0.74, 0.0, 3.6, 0.0, 3.6, 0.0, 3.6, 0.0, 0.0], [-9.95, 0.84, 0.23, 0.26, 358.97, 358.82, 0.0, 1.0], [0.2, 25.0, 0.0, 0.0])
(56580129, [1.0, 0.74, 0.0, 3.6, 0.0, 0.51, 0.0, 3.6, 0.0, 0.0], [0.0, 0.81, 0.0, 0.25, 358.68, 358.7, 0.0, 1.0], [0.2, 25.0, 0.0, 0.0])
(56680164, [1.0, 0.74, 0.0, 3.6, 0.0, 0.51, 0.0, 3.6, 0.0, 0.0], [0.0, 0.81, 0.0, 0.26, 358.67, 358.69, 0.0, 1.0], [0.2, 25.0, 0.0, 0.0])
(56781812, [1.0, 0.74, 0.0, 3.6, 0.0, 0.51, 0.0, 3.6, 0.0, 0.0], [0.0, 0.8, 0.0, 0.26, 358.67, 358.69, 0.0, 1.0], [0.2, 25.0, 0.0, 0.0])
(56881853, [2.0, 0.74, 0.0, 3.6, 0.0, 0.51, 0.0, 3.6, 0.0, 0.0], [0.0, 0.8, 0.0, 0.26, 358.67, 358.69, 0.0, 1.0], [0.2, 25.0, 0.0, 0.0])
(56981639, [2.0, 0.74, 0.0, 3.6, 0.0, 0.51, 0.0, 3.6, 0.0, 0.0], [0.0, 0.81, 0.0, 0.26, 358.67, 358.69, 0.0, 1.0], [0.2, 25.0, 0.0, 0.0])
(57081746, [1.0, 0.74, 0.0, 3.6, 0.0, 0.51, 0.0, 3.6, 0.0, 0.0], [0.0, 0.81, 0.0, 0.26, 358.67, 358.69, 0.0, 1.0], [0.2, 25.0, 0.0, 0.0])
(57181924, [1.0, 0.74, 0.0, 3.6, 0.0, 0.51, 0.0, 3.6, 0.0, 0.0], [0.0, 0.81, 0.0, 0.26, 358.66, 358.68, 0.0, 1.0], [0.2, 25.0, 0.0, 0.0])
(57281530, [1.0, 0.74, 0.0, 3.6, 0.0, 0.51, 0.0, 3.6, 0.0, 0.0], [0.0, 0.81, 0.0, 0.26, 358.66, 358.68, 0.0, 1.0], [0.2, 25.0, 0.0, 0.0])
(57381669, [2.0, 0.74, 0.0, 3.6, 0.0, 0.51, 0.0, 3.6, 0.0, 0.0], [0.0, 0.81, 0.0, 0.26, 358.65, 358.67, 0.0, 1.0], [0.2, 25.0, 0.0, 0.0])
(57481609, [2.0, 0.74, 0.0, 3.6, 0.0, 0.51, 0.0, 3.6, 0.0, 0.0], [0.0, 0.81, 0.0, 0.26, 358.65, 358.67, 0.0, 1.0], [0.2, 25.0, 0.0, 0.0])
(57581501, [1.0, 0.74, 0.0, 3.6, 0.0, 0.51, 0.0, 3.6, 0.0, 0.0], [0.0, 0.81, 0.0, 0.26, 358.64, 358.67, 0.0, 1.0], [0.2, 25.0, 0.0, 0.0])
(57681749, [1.0, 0.74, 0.0, 3.6, 0.0, 0.51, 0.0, 3.6, 0.0, 0.0], [0.0, 0.81, 0.0, 0.26, 358.64, 358.67, 0.0, 1.0], [0.2, 25.0, 0.0, 0.0])
(57781647, [1.0, 0.74, 0.0, 3.6, 0.0, 0.51, 0.0, 3.6, 0.0, 0.0], [0.0, 0.81, 0.0, 0.26, 358.64, 358.66, 0.0, 1.0], [0.2, 25.0, 0.0, 0.0])
(57881655, [2.0, 0.74, 0.0, 3.6, 0.0, 3.6, 0.0, 3.6, 0.0, 0.0], [0.0, 0.8, 0.0, 0.25, 358.64, 358.66, 0.0, 1.0], [0.2, 25.0, 0.0, 0.0])
(57982098, [2.0, 0.74, 0.0, 3.6, 0.0, 3.6, 0.0, 3.6, 0.0, 0.0], [0.0, 0.81, 0.0, 0.26, 358.64, 358.66, 0.0, 1.0], [0.2, 25.0, 0.0, 0.0])
(58082141, [1.0, 0.74, 0.0, 3.6, 0.0, 3.6, 0.0, 3.6, 0.0, 0.0], [0.0, 0.8, 0.0, 0.26, 358.64, 358.66, 0.0, 1.0], [0.2, 25.0, 0.0, 0.0])
(58182083, [1.0, 0.74, 0.0, 3.6, 0.0, 3.6, 0.0, 3.6, 0.0, 0.0], [0.0, 0.81, 0.0, 0.25, 358.63, 358.65, 0.0, 1.0], [0.2, 25.0, 0.0, 0.0])
(58282119, [1.0, 0.74, 0.0, 3.6, 0.0, 3.6, 0.0, 3.6, 0.0, 0.0], [0.0, 0.81, 0.0, 0.25, 358.63, 358.65, 0.0, 1.0], [0.2, 25.0, 0.0, 0.0])
(58382083, [2.0, 0.74, 0.0, 3.6, 0.0, 3.6, 0.0, 3.6, 0.0, 0.0], [0.0, 0.81, 0.0, 0.25, 358.63, 358.65, 0.0, 1.0], [0.2, 25.0, 0.0, 0.0])
(58482064, [2.0, 0.74, 0.0, 3.6, 0.0, 3.6, 0.0, 3.6, 0.0, 0.0], [0.0, 0.81, 0.0, 0.25, 358.63, 358.65, 0.0, 1.0], [0.2, 25.0, 0.0, 0.0])
(58586367, [1.0, 0.74, 0.0, 3.6, 0.0, 3.6, 0.0, 3.6, 0.0, 0.0], [0.0, 0.81, 0.0, 0.26, 358.62, 358.64, 0.0, 1.0], [0.2, 25.0, 0.0, 0.0])
(58686232, [1.0, 0.74, 0.0, 3.6, 0.0, 3.6, 0.0, 3.6, 0.0, 0.0], [0.0, 0.81, 0.0, 0.26, 358.61, 358.63, 0.0, 1.0], [0.2, 25.0, 0.0, 0.0])
(58786276, [1.0, 0.74, 0.0, 3.6, 0.0, 3.6, 0.0, 3.6, 0.0, 0.0], [0.0, 0.81, 0.0, 0.25, 358.61, 358.63, 0.0, 1.0], [0.2, 25.0, 0.0, 0.0])
(58886084, [2.0, 0.74, 0.0, 3.6, 0.0, 3.6, 0.0, 3.6, 0.0, 0.0], [0.0, 0.81, 0.0, 0.26, 358.61, 358.63, 0.0, 1.0], [0.2, 25.0, 0.0, 0.0])
(58986235, [2.0, 0.74, 0.0, 3.6, 0.0, 3.6, 0.0, 3.6, 0.0, 0.0], [0.0, 0.81, 0.0, 0.26, 358.6, 358.63, 0.0, 1.0], [0.2, 25.0, 0.0, 0.0])
(59086389, [1.0, 0.74, 0.0, 3.6, 0.0, 3.6, 0.0, 3.6, 0.0, 0.0], [0.0, 0.81, 0.0, 0.26, 358.6, 358.62, 0.0, 1.0], [0.2, 25.0, 0.0, 0.0])
(59186512, [1.0, 0.74, 0.0, 3.6, 0.0, 3.6, 0.0, 3.6, 0.0, 0.0], [0.0, 0.81, 0.0, 0.26, 358.6, 358.62, 0.0, 1.0], [0.2, 25.0, 0.0, 0.0])
(59286119, [1.0, 0.74, 0.0, 3.6, 0.0, 3.6, 0.0, 3.6, 0.0, 0.0], [0.0, 0.81, 0.0, 0.26, 358.6, 358.62, 0.0, 1.0], [0.2, 25.0, 0.0, 0.0])
(59386247, [2.0, 0.74, 0.0, 3.6, 0.0, 3.6, 0.0, 3.6, 0.0, 0.0], [0.0, 0.81, 0.0, 0.26, 358.6, 358.62, 0.0, 1.0], [0.2, 25.0, 0.0, 0.0])
(59486217, [2.0, 0.74, 0.0, 3.6, 0.0, 3.6, 0.0, 3.6, 0.0, 0.0], [0.0, 0.81, 0.0, 0.26, 358.59, 358.62, 0.0, 1.0], [0.2, 25.0, 0.0, 0.0])
(59586126, [1.0, 0.74, 0.0, 3.6, 0.0, 3.6, 0.0, 3.6, 0.0, 0.0], [0.0, 0.81, 0.0, 0.26, 358.59, 358.61, 0.0, 1.0], [0.2, 25.0, 0.0, 0.0])
(59686222, [1.0, 0.74, 0.0, 3.6, 0.0, 3.6, 0.0, 3.6, 0.0, 0.0], [0.0, 0.81, 0.0, 0.26, 358.59, 358.61, 0.0, 1.0], [0.2, 25.0, 0.0, 0.0])
(59786265, [1.0, 0.74, 0.0, 3.6, 0.0, 3.6, 0.0, 3.6, 0.0, 0.0], [0.0, 0.81, 0.0, 0.26, 358.59, 358.61, 0.0, 1.0], [0.2, 25.0, 0.0, 0.0])
(59886268, [2.0, 0.74, 0.0, 3.6, 0.0, 3.6, 0.0, 3.6, 0.0, 0.0], [0.0, 0.8, 0.0, 0.26, 358.59, 358.61, 0.0, 1.0], [0.2, 25.0, 0.0, 0.0])
(59986331, [2.0, 0.74, 0.0, 3.6, 0.0, 3.6, 0.0, 3.6, 0.0, 0.0], [0.0, 0.81, 0.0, 0.25, 358.59, 358.61, 0.0, 1.0], [0.2, 25.0, 0.0, 0.0])
(60086280, [1.0, 0.74, 0.0, 3.6, 0.0, 3.6, 0.0, 3.6, 0.0, 0.0], [0.0, 0.8, 0.0, 0.25, 358.58, 358.61, 0.0, 1.0], [0.2, 25.0, 0.0, 0.0])
(60187048, [1.0, 0.74, 0.0, 3.6, 0.0, 3.6, 0.0, 3.6, 0.0, 0.0], [0.0, 0.8, 0.0, 0.25, 358.58, 358.6, 0.0, 1.0], [0.2, 25.0, 0.0, 0.0])
(60286259, [1.0, 0.74, 0.0, 3.6, 0.0, 3.6, 0.0, 3.6, 0.0, 0.0], [0.0, 0.8, 0.0, 0.25, 358.58, 358.6, 0.0, 1.0], [0.2, 25.0, 0.0, 0.0])
(60386307, [2.0, 0.74, 0.0, 3.6, 0.0, 3.6, 0.0, 3.6, 0.0, 0.0], [0.0, 0.8, 0.0, 0.26, 358.57, 358.59, 0.0, 1.0], [0.2, 25.0, 0.0, 0.0])
(60486241, [2.0, 0.74, 0.0, 3.6, 0.0, 3.6, 0.0, 3.6, 0.0, 0.0], [0.0, 0.8, 0.0, 0.26, 358.57, 358.59, 0.0, 1.0], [0.2, 25.0, 0.0, 0.0])
(60586498, [1.0, 0.74, 0.0, 3.6, 0.0, 3.6, 0.0, 3.6, 0.0, 0.0], [0.0, 0.8, 0.0, 0.26, 358.57, 358.59, 0.0, 1.0], [0.2, 25.0, 0.0, 0.0])
(60686576, [1.0, 0.74, 0.0, 3.6, 0.0, 3.6, 0.0, 3.6, 0.0, 0.0], [0.0, 0.8, 0.0, 0.26, 358.57, 358.59, 0.0, 1.0], [0.2, 25.0, 0.0, 0.0])
(60786286, [1.0, 0.74, 0.0, 3.6, 0.0, 3.6, 0.0, 3.6, 0.0, 0.0], [0.0, 0.8, 0.0, 0.26, 358.56, 358.58, 0.0, 1.0], [0.2, 25.0, 0.0, 0.0])
(60886251, [1.0, 0.74, 0.0, 3.6, 0.0, 3.6, 0.0, 3.6, 0.0, 0.0], [0.0, 0.8, 0.0, 0.26, 358.56, 358.58, 0.0, 1.0], [0.2, 25.0, 0.0, 0.0])
(60986080, [2.0, 0.74, 0.0, 3.6, 0.0, 3.6, 0.0, 3.6, 0.0, 0.0], [0.0, 0.8, 0.0, 0.26, 358.56, 358.58, 0.0, 1.0], [0.2, 25.0, 0.0, 0.0])
(61086259, [2.0, 0.74, 0.0, 3.6, 0.0, 3.6, 0.0, 3.6, 0.0, 0.0], [0.0, 0.8, 0.0, 0.26, 358.55, 358.57, 0.0, 1.0], [0.2, 25.0, 0.0, 0.0])
(61186254, [1.0, 0.74, 0.0, 3.6, 0.0, 3.6, 0.0, 3.6, 0.0, 0.0], [0.0, 0.8, 0.0, 0.27, 358.55, 358.57, 0.0, 1.0], [0.2, 25.0, 0.0, 0.0])
(61286133, [1.0, 0.74, 0.0, 3.6, 0.0, 3.6, 0.0, 3.6, 0.0, 0.0], [0.0, 0.8, 0.0, 0.26, 358.55, 358.57, 0.0, 1.0], [0.2, 25.0, 0.0, 0.0])
(61386751, [1.0, 0.74, 0.0, 3.6, 0.0, 3.6, 0.0, 3.6, 0.0, 0.0], [0.0, 0.8, 0.0, 0.26, 358.54, 358.57, 0.0, 1.0], [0.2, 25.0, 0.0, 0.0])
(61486356, [2.0, 0.74, 0.0, 3.6, 0.0, 3.6, 0.0, 3.6, 0.0, 0.0], [0.0, 0.8, 0.0, 0.26, 358.54, 358.56, 0.0, 1.0], [0.2, 25.0, 0.0, 0.0])
(61586286, [2.0, 0.74, 0.0, 3.6, 0.0, 3.6, 0.0, 3.6, 0.0, 0.0], [0.0, 0.8, 0.0, 0.26, 358.54, 358.56, 0.0, 1.0], [0.2, 25.0, 0.0, 0.0])
(61686308, [1.0, 0.74, 0.0, 3.6, 0.0, 3.6, 0.0, 3.6, 0.0, 0.0], [0.0, 0.8, 0.0, 0.26, 358.54, 358.56, 0.0, 1.0], [0.2, 25.0, 0.0, 0.0])
(61786362, [1.0, 0.74, 0.0, 3.6, 0.0, 3.6, 0.0, 3.6, 0.0, 0.0], [0.0, 0.8, 0.0, 0.25, 358.53, 358.55, 0.0, 1.0], [0.2, 25.0, 0.0, 0.0])
(61886304, [1.0, 0.74, 0.0, 3.6, 0.0, 3.6, 0.0, 3.6, 0.0, 0.0], [0.0, 0.8, 0.0, 0.25, 358.53, 358.55, 0.0, 1.0], [0.2, 25.0, 0.0, 0.0])
(61986273, [2.0, 0.74, 0.0, 3.6, 0.0, 3.6, 0.0, 3.6, 0.0, 0.0], [0.0, 0.8, 0.0, 0.26, 358.53, 358.55, 0.0, 1.0], [0.2, 25.0, 0.0, 0.0])
(62086349, [2.0, 0.74, 0.0, 3.6, 0.0, 3.6, 0.0, 3.6, 0.0, 0.0], [0.0, 0.8, 0.0, 0.26, 358.53, 358.55, 0.0, 1.0], [0.2, 25.0, 0.0, 0.0])
(62186250, [1.0, 0.74, 0.0, 3.6, 0.0, 3.6, 0.0, 3.6, 0.0, 0.0], [0.0, 0.8, 0.0, 0.26, 358.53, 358.55, 0.0, 1.0], [0.2, 25.0, 0.0, 0.0])
(62290199, [1.0, 0.74, 0.0, 3.6, 0.0, 3.6, 0.0, 3.6, 0.0, 0.0], [0.0, 0.8, 0.0, 0.26, 358.52, 358.54, 0.0, 1.0], [0.2, 25.0, 0.0, 0.0])
(62390179, [1.0, 0.74, 0.0, 3.6, 0.0, 3.6, 0.0, 3.6, 0.0, 0.0], [0.0, 0.8, 0.0, 0.26, 358.52, 358.54, 0.0, 1.0], [0.2, 25.0, 0.0, 0.0])
(62490199, [2.0, 0.74, 0.0, 3.6, 0.0, 3.6, 0.0, 3.6, 0.0, 0.0], [0.0, 0.8, 0.0, 0.26, 358.52, 358.54, 0.0, 1.0], [0.2, 25.0, 0.0, 0.0])
(62594084, [2.0, 0.74, 0.0, 3.6, 0.0, 3.6, 0.0, 3.6, 0.0, 0.0], [0.0, 0.8, 0.0, 0.26, 358.52, 358.54, 0.0, 1.0], [0.2, 25.0, 0.0, 0.0])
(62694303, [1.0, 0.74, 0.0, 3.6, 0.0, 3.6, 0.0, 3.6, 0.0, 0.0], [0.0, 0.8, 0.0, 0.27, 358.52, 358.54, 0.0, 1.0], [0.2, 25.0, 0.0, 0.0])
(62794274, [1.0, 0.74, 0.0, 3.6, 0.0, 3.6, 0.0, 3.6, 0.0, 0.0], [0.0, 0.8, 0.0, 0.27, 358.52, 358.54, 0.0, 1.0], [0.2, 25.0, 0.0, 0.0])
(62894047, [1.0, 0.74, 0.0, 3.6, 0.0, 3.6, 0.0, 3.6, 0.0, 0.0], [0.0, 0.8, 0.0, 0.27, 358.52, 358.54, 0.0, 1.0], [0.2, 25.0, 0.0, 0.0])
(62994053, [2.0, 0.74, 0.0, 3.6, 0.0, 3.6, 0.0, 3.6, 0.0, 0.0], [0.0, 0.8, 0.0, 0.27, 358.52, 358.54, 0.0, 1.0], [0.2, 25.0, 0.0, 0.0])
(63094677, [2.0, 0.74, 0.0, 3.6, 0.0, 3.6, 0.0, 3.6, 0.0, 0.0], [0.0, 0.8, 0.0, 0.27, 358.51, 358.53, 0.0, 1.0], [0.2, 25.0, 0.0, 0.0])
(63194209, [1.0, 0.74, 0.0, 3.6, 0.0, 3.6, 0.0, 3.6, 0.0, 0.0], [0.0, 0.8, 0.0, 0.27, 358.51, 358.53, 0.0, 1.0], [0.2, 25.0, 0.0, 0.0])
(63294072, [1.0, 0.74, 0.0, 3.6, 0.0, 3.6, 0.0, 3.6, 0.0, 0.0], [0.0, 0.8, 0.0, 0.26, 358.51, 358.53, 0.0, 1.0], [0.2, 25.0, 0.0, 0.0])
(63394172, [1.0, 0.74, 0.0, 3.6, 0.0, 3.6, 0.0, 3.6, 0.0, 0.0], [0.0, 0.8, 0.0, 0.26, 358.51, 358.53, 0.0, 1.0], [0.2, 25.0, 0.0, 0.0])
(63494199, [2.0, 0.74, 0.0, 3.6, 0.0, 3.6, 0.0, 3.6, 0.0, 0.0], [0.0, 0.8, 0.0, 0.27, 358.5, 358.53, 0.0, 1.0], [0.2, 25.0, 0.0, 0.0])
(63594281, [2.0, 0.74, 0.0, 3.6, 0.0, 3.6, 0.0, 3.6, 0.0, 0.0], [0.0, 0.8, 0.0, 0.27, 358.5, 358.52, 0.0, 1.0], [0.2, 25.0, 0.0, 0.0])
(63694270, [1.0, 0.74, 0.0, 3.6, 0.0, 3.6, 0.0, 3.6, 0.0, 0.0], [0.0, 0.8, 0.0, 0.26, 358.5, 358.52, 0.0, 1.0], [0.2, 25.0, 0.0, 0.0])
(63795132, [1.0, 0.74, 0.0, 3.6, 0.0, 3.6, 0.0, 3.6, 0.0, 0.0], [0.0, 0.8, 0.0, 0.27, 358.49, 358.51, 0.0, 1.0], [0.2, 25.0, 0.0, 0.0])
(63894311, [1.0, 0.74, 0.0, 3.6, 0.0, 3.6, 0.0, 3.6, 0.0, 0.0], [0.0, 0.8, 0.0, 0.27, 358.48, 358.51, 0.0, 1.0], [0.2, 25.0, 0.0, 0.0])
(63994250, [2.0, 0.74, 0.0, 3.6, 0.0, 3.6, 0.0, 3.6, 0.0, 0.0], [0.0, 0.8, 0.0, 0.27, 358.49, 358.51, 0.0, 1.0], [0.2, 25.0, 0.0, 0.0])
(64094232, [2.0, 0.74, 0.0, 3.6, 0.0, 3.6, 0.0, 3.6, 0.0, 0.0], [0.0, 0.8, 0.0, 0.27, 358.49, 358.51, 0.0, 1.0], [0.2, 25.0, 0.0, 0.0])
(64194272, [1.0, 0.74, 0.0, 3.6, 0.0, 3.6, 0.0, 3.6, 0.0, 0.0], [0.0, 0.8, 0.0, 0.27, 358.48, 358.5, 0.0, 1.0], [0.2, 25.0, 0.0, 0.0])
(64294107, [1.0, 0.74, 0.0, 3.6, 0.0, 3.6, 0.0, 3.6, 0.0, 0.0], [0.0, 0.81, 0.0, 0.26, 358.48, 358.5, 0.0, 1.0], [0.2, 25.0, 0.0, 0.0])
(64394209, [1.0, 0.74, 0.0, 3.6, 0.0, 3.6, 0.0, 3.6, 0.0, 0.0], [0.0, 0.81, 0.0, 0.26, 358.47, 358.49, 0.0, 1.0], [0.2, 25.0, 0.0, 0.0])
(64494211, [2.0, 0.74, 0.0, 3.6, 0.0, 3.6, 0.0, 3.6, 0.0, 0.0], [0.0, 0.81, 0.0, 0.26, 358.47, 358.49, 0.0, 1.0], [0.2, 25.0, 0.0, 0.0])
(64594086, [2.0, 0.74, 0.0, 3.6, 0.0, 3.6, 0.0, 3.6, 0.0, 0.0], [0.0, 0.81, 0.0, 0.26, 358.47, 358.49, 0.0, 1.0], [0.2, 25.0, 0.0, 0.0])
(64694042, [1.0, 0.74, 0.0, 3.6, 0.0, 3.6, 0.0, 3.6, 0.0, 0.0], [0.0, 0.8, 0.0, 0.26, 358.46, 358.49, 0.0, 1.0], [0.2, 25.0, 0.0, 0.0])
(64794306, [1.0, 0.74, 0.0, 3.6, 0.0, 3.6, 0.0, 3.6, 0.0, 0.0], [0.0, 0.81, 0.0, 0.26, 358.46, 358.48, 0.0, 1.0], [0.2, 25.0, 0.0, 0.0])
(64894079, [1.0, 0.74, 0.0, 3.6, 0.0, 3.6, 0.0, 3.6, 0.0, 0.0], [0.0, 0.81, 0.0, 0.26, 358.46, 358.48, 0.0, 1.0], [0.2, 25.0, 0.0, 0.0])
(64994051, [2.0, 0.74, 0.0, 3.6, 0.0, 3.6, 0.0, 3.6, 0.0, 0.0], [0.0, 0.8, 0.0, 0.26, 358.46, 358.48, 0.0, 1.0], [0.2, 25.0, 0.0, 0.0])
(65094221, [2.0, 0.74, 0.0, 3.6, 0.0, 3.6, 0.0, 3.6, 0.0, 0.0], [0.0, 0.8, 0.0, 0.26, 358.46, 358.48, 0.0, 1.0], [0.2, 25.0, 0.0, 0.0])
(65194321, [1.0, 0.74, 0.0, 3.6, 0.0, 3.6, 0.0, 3.6, 0.0, 0.0], [0.0, 0.8, 0.0, 0.26, 358.45, 358.47, 0.0, 1.0], [0.2, 25.0, 0.0, 0.0])
(65294241, [1.0, 0.74, 0.0, 3.6, 0.0, 3.6, 0.0, 3.6, 0.0, 0.0], [0.0, 0.8, 0.0, 0.27, 358.45, 358.47, 0.0, 1.0], [0.2, 25.0, 0.0, 0.0])
(65394238, [1.0, 0.74, 0.0, 3.6, 0.0, 3.6, 0.0, 3.6, 0.0, 0.0], [0.0, 0.8, 0.0, 0.27, 358.45, 358.47, 0.0, 1.0], [0.2, 25.0, 0.0, 0.0])
(65494227, [2.0, 0.74, 0.0, 3.6, 0.0, 3.6, 0.0, 3.6, 0.0, 0.0], [0.0, 0.8, 0.0, 0.26, 358.45, 358.47, 0.0, 1.0], [0.2, 25.0, 0.0, 0.0])
(65594648, [2.0, 0.74, 0.0, 3.6, 0.0, 3.6, 0.0, 3.6, 0.0, 0.0], [0.0, 0.8, 0.0, 0.26, 358.44, 358.46, 0.0, 1.0], [0.2, 25.0, 0.0, 0.0])
(65694239, [1.0, 0.74, 0.0, 3.6, 0.0, 3.6, 0.0, 3.6, 0.0, 0.0], [0.0, 0.8, 0.0, 0.26, 358.44, 358.46, 0.0, 1.0], [0.2, 25.0, 0.0, 0.0])
(65794200, [1.0, 0.74, 0.0, 3.6, 0.0, 3.6, 0.0, 3.6, 0.0, 0.0], [0.0, 0.8, 0.0, 0.26, 358.44, 358.46, 0.0, 1.0], [0.2, 25.0, 0.0, 0.0])
(65894227, [1.0, 0.74, 0.0, 3.6, 0.0, 3.6, 0.0, 3.6, 0.0, 0.0], [0.0, 0.8, 0.0, 0.26, 358.43, 358.45, 0.0, 1.0], [0.2, 25.0, 0.0, 0.0])
(65994250, [2.0, 0.74, 0.0, 3.6, 0.0, 3.6, 0.0, 3.6, 0.0, 0.0], [0.0, 0.8, 0.0, 0.26, 358.43, 358.45, 0.0, 1.0], [0.2, 25.0, 0.0, 0.0])
(66094215, [2.0, 0.74, 0.0, 3.6, 0.0, 3.6, 0.0, 3.6, 0.0, 0.0], [0.0, 0.8, 0.0, 0.25, 358.42, 358.44, 0.0, 1.0], [0.2, 25.0, 0.0, 0.0])
(66194182, [1.0, 0.74, 0.0, 3.6, 0.0, 3.6, 0.0, 3.6, 0.0, 0.0], [0.0, 0.8, 0.0, 0.25, 358.42, 358.44, 0.0, 1.0], [0.2, 25.0, 0.0, 0.0])
(66294118, [1.0, 0.74, 0.0, 3.6, 0.0, 3.6, 0.0, 3.6, 0.0, 0.0], [0.0, 0.8, 0.0, 0.25, 358.42, 358.44, 0.0, 1.0], [0.2, 25.0, 0.0, 0.0])
(66394228, [1.0, 0.74, 0.0, 3.6, 0.0, 3.6, 0.0, 3.6, 0.0, 0.0], [0.0, 0.8, 0.0, 0.25, 358.41, 358.44, 0.0, 1.0], [0.2, 25.0, 0.0, 0.0])
(66494198, [2.0, 0.74, 0.0, 3.6, 0.0, 3.6, 0.0, 3.6, 0.0, 0.0], [0.0, 0.8, 0.0, 0.25, 358.41, 358.43, 0.0, 1.0], [0.2, 25.0, 0.0, 0.0])
(66595705, [2.0, 0.74, 0.0, 3.6, 0.0, 3.6, 0.0, 3.6, 0.0, 0.0], [0.0, 0.8, 0.0, 0.25, 358.41, 358.43, 0.0, 1.0], [0.2, 25.0, 0.0, 0.0])
(66695046, [1.0, 0.74, 0.0, 3.6, 0.0, 3.6, 0.0, 3.6, 0.0, 0.0], [0.0, 0.8, 0.0, 0.25, 358.4, 358.43, 0.0, 1.0], [0.2, 25.0, 0.0, 0.0])
(66794761, [1.0, 0.74, 0.0, 3.6, 0.0, 3.6, 0.0, 3.6, 0.0, 0.0], [0.0, 0.8, 0.0, 0.25, 358.4, 358.42, 0.0, 1.0], [0.2, 25.0, 0.0, 0.0])
(66894855, [1.0, 0.74, 0.0, 3.6, 0.0, 3.6, 0.0, 3.6, 0.0, 0.0], [0.0, 0.8, 0.0, 0.25, 358.4, 358.42, 0.0, 1.0], [0.2, 25.0, 0.0, 0.0])
(66994895, [2.0, 0.74, 0.0, 3.6, 0.0, 3.6, 0.0, 3.6, 0.0, 0.0], [0.0, 0.8, 0.0, 0.25, 358.4, 358.42, 0.0, 1.0], [0.2, 25.0, 0.0, 0.0])
(67094785, [2.0, 0.74, 0.0, 3.6, 0.0, 3.6, 0.0, 3.6, 0.0, 0.0], [0.0, 0.8, 0.0, 0.25, 358.4, 358.42, 0.0, 1.0], [0.2, 25.0, 0.0, 0.0])
(67195522, [1.0, 0.74, 0.0, 3.6, 0.0, 3.6, 0.0, 3.6, 0.0, 0.0], [0.0, 0.8, 0.0, 0.25, 358.39, 358.42, 0.0, 1.0], [0.2, 25.0, 0.0, 0.0])
(67294790, [1.0, 0.74, 0.0, 3.6, 0.0, 3.6, 0.0, 3.6, 0.0, 0.0], [0.0, 0.8, 0.0, 0.25, 358.39, 358.41, 0.0, 1.0], [0.2, 25.0, 0.0, 0.0])
(67394896, [1.0, 0.74, 0.0, 3.6, 0.0, 3.6, 0.0, 3.6, 0.0, 0.0], [0.0, 0.8, 0.0, 0.25, 358.39, 358.41, 0.0, 1.0], [0.2, 25.0, 0.0, 0.0])
(67494842, [2.0, 0.74, 0.0, 3.6, 0.0, 3.6, 0.0, 3.6, 0.0, 0.0], [0.0, 0.81, 0.0, 0.25, 358.39, 358.41, 0.0, 1.0], [0.2, 25.0, 0.0, 0.0])
(67594791, [2.0, 0.74, 0.0, 3.6, 0.0, 3.6, 0.0, 3.6, 0.0, 0.0], [0.0, 0.81, 0.0, 0.25, 358.38, 358.4, 0.0, 1.0], [0.2, 25.0, 0.0, 0.0])
(67697778, [1.0, 0.74, 0.0, 3.6, 0.0, 3.6, 0.0, 3.6, 0.0, 0.0], [0.0, 0.81, 0.0, 0.25, 358.38, 358.4, 0.0, 1.0], [0.2, 25.0, 0.0, 0.0])
(67797724, [1.0, 0.74, 0.0, 3.6, 0.0, 3.6, 0.0, 3.6, 0.0, 0.0], [0.0, 0.81, 0.0, 0.25, 358.38, 358.4, 0.0, 1.0], [0.2, 25.0, 0.0, 0.0])
(67897740, [1.0, 0.74, 0.0, 3.6, 0.0, 3.6, 0.0, 3.6, 0.0, 0.0], [0.0, 0.81, 0.0, 0.25, 358.38, 358.4, 0.0, 1.0], [0.2, 25.0, 0.0, 0.0])
(67997884, [1.0, 0.74, 0.0, 3.6, 0.0, 3.6, 0.0, 3.6, 0.0, 0.0], [0.0, 0.81, 0.0, 0.26, 358.37, 358.39, 0.0, 1.0], [0.2, 25.0, 0.0, 0.0])
(68097761, [2.0, 0.74, 0.0, 3.6, 0.0, 3.6, 0.0, 3.6, 0.0, 0.0], [0.0, 0.82, 0.0, 0.25, 358.37, 358.39, 0.0, 1.0], [0.2, 25.0, 0.0, 0.0])
(68198212, [2.0, 0.74, 0.0, 3.6, 0.0, 3.6, 0.0, 3.6, 0.0, 0.0], [0.0, 0.81, 0.0, 0.25, 358.37, 358.39, 0.0, 1.0], [0.2, 25.0, 0.0, 0.0])
(68297660, [1.0, 0.74, 0.0, 3.6, 0.0, 3.6, 0.0, 3.6, 0.0, 0.0], [0.0, 0.8, 0.0, 0.25, 358.37, 358.39, 0.0, 1.0], [0.2, 25.0, 0.0, 0.0])
(68399725, [1.0, 0.74, 0.0, 3.6, 0.0, 3.6, 0.0, 3.6, 0.0, 0.0], [0.0, 0.81, 0.0, 0.26, 358.37, 358.39, 0.0, 1.0], [0.2, 25.0, 0.0, 0.0])
(68501840, [2.0, 0.74, 0.0, 3.6, 0.0, 3.6, 0.0, 3.6, 0.0, 0.0], [0.0, 0.81, 0.0, 0.26, 358.36, 358.38, 0.0, 1.0], [0.2, 25.0, 0.0, 0.0])
(68601778, [2.0, 0.74, 0.0, 3.6, 0.0, 3.6, 0.0, 3.6, 0.0, 0.0], [0.0, 0.81, 0.0, 0.26, 358.36, 358.38, 0.0, 1.0], [0.2, 25.0, 0.0, 0.0])
(68701721, [2.0, 0.74, 0.0, 3.6, 0.0, 3.6, 0.0, 3.6, 0.0, 0.0], [0.0, 0.8, 0.0, 0.26, 358.35, 358.37, 0.0, 1.0], [0.2, 25.0, 0.0, 0.0])
(68801917, [1.0, 0.74, 0.0, 3.6, 0.0, 3.6, 0.0, 3.6, 0.0, 0.0], [0.0, 0.8, 0.0, 0.26, 358.35, 358.37, 0.0, 1.0], [0.2, 25.0, 0.0, 0.0])
(68901855, [1.0, 0.74, 0.0, 3.6, 0.0, 3.6, 0.0, 3.6, 0.0, 0.0], [0.0, 0.8, 0.0, 0.27, 358.34, 358.37, 0.0, 1.0], [0.2, 25.0, 0.0, 0.0])
(69007379, [1.0, 0.74, 0.0, 3.6, 0.0, 3.6, 0.0, 3.6, 0.0, 0.0], [0.0, 0.81, 0.0, 0.27, 358.34, 358.36, 0.0, 1.0], [0.2, 25.0, 0.0, 0.0])
(69106508, [2.0, 0.74, 0.0, 3.6, 0.0, 3.6, 0.0, 3.6, 0.0, 0.0], [0.0, 0.81, 0.0, 0.28, 358.34, 358.36, 0.0, 1.0], [0.2, 25.0, 0.0, 0.0])
(69212864, [2.0, 0.74, 0.0, 3.6, 0.0, 3.6, 0.0, 3.6, 0.0, 0.0], [0.0, 0.99, 0.0, 0.15, 355.34, 355.37, 0.0, 1.0], [0.2, 25.0, 0.0, 0.0])
(69313004, [1.0, 0.74, 0.0, 3.6, 0.0, 3.6, 0.0, 3.6, 0.0, 0.0], [0.0, 0.47, 0.0, 0.71, 351.2, 351.22, 0.0, 1.0], [0.2, 25.0, 0.0, 0.0])
(69412910, [1.0, 0.74, 0.0, 3.6, 0.0, 3.6, 0.0, 3.6, 0.0, 0.0], [0.0, 0.97, 0.0, 0.57, 350.13, 350.16, 0.0, 1.0], [0.2, 25.0, 0.0, 0.0])
(69512885, [1.0, 0.74, 0.0, 3.6, 0.0, 3.6, 0.0, 3.6, 0.0, 0.0], [0.0, 0.84, 0.0, 0.41, 350.24, 350.26, 0.01, 1.0], [0.2, 25.0, 0.0, 0.0])
(69612873, [2.0, 0.75, 0.0, 3.6, 0.0, 3.6, 0.0, 3.6, 0.0, 0.0], [0.0, 1.33, 0.0, -1.17, 347.72, 347.75, 0.01, 1.0], [0.2, 25.0, 0.0, 0.0])
(69712875, [2.0, 0.75, 0.0, 3.6, 0.0, 3.6, 0.0, 3.6, 0.0, 0.0], [0.0, 1.78, 0.0, -0.65, 337.88, 337.91, 0.05, 1.0], [0.2, 25.0, 0.0, 0.0])
(69812878, [1.0, 0.75, 0.0, 3.6, 0.0, 3.6, 0.0, 3.6, 0.0, 0.0], [0.0, 0.75, 0.0, 0.42, 326.49, 326.51, 0.05, 1.0], [0.2, 25.0, 0.0, 0.0])
(69912809, [1.0, 0.75, 0.0, 3.6, 0.0, 3.6, 0.0, 3.6, 0.0, 0.0], [0.0, 0.91, 0.0, 0.69, 329.88, 329.9, 0.12, 1.0], [0.2, 25.0, 0.0, 0.0])
(70012737, [1.0, 0.75, 0.0, 3.6, 0.0, 3.6, 0.0, 3.6, 0.0, 0.0], [0.0, 1.16, 0.0, 0.07, 327.86, 327.88, 0.12, 1.0], [0.2, 25.0, 0.0, 0.0])
(70112865, [2.0, 0.75, 0.0, 3.6, 0.0, 3.6, 0.0, 3.6, 0.0, 0.0], [0.0, 0.5, 0.0, 0.62, 326.45, 326.47, 0.18, 1.0], [0.2, 25.0, 0.0, 0.0])
(70212947, [2.0, 0.75, 0.0, 3.6, 0.0, 3.6, 0.0, 3.6, 0.0, 0.0], [0.0, 0.43, 0.0, 1.07, 327.02, 327.04, 0.18, 1.0], [0.2, 25.0, 0.0, 0.0])
(70312749, [1.0, 0.75, 0.0, 3.6, 0.0, 3.6, 0.0, 3.6, 0.0, 0.0], [0.0, 0.57, 0.0, 0.75, 327.09, 327.11, 0.19, 1.0], [0.2, 25.0, 0.0, 0.0])
(70412815, [1.0, 0.75, 0.0, 3.6, 0.0, 3.6, 0.0, 3.6, 0.0, 0.0], [0.0, 0.57, 0.0, 0.74, 327.03, 327.04, 0.19, 1.0], [0.2, 25.0, 0.0, 0.0])
(70512825, [1.0, 0.75, 0.0, 3.6, 0.0, 3.6, 0.0, 3.6, 0.0, 0.0], [0.0, 0.56, 0.0, 0.67, 326.83, 326.85, 0.15, 1.0], [0.2, 25.0, 0.0, 0.0])
(70612793, [2.0, 1.37, 0.0, 3.6, 0.0, 3.6, 0.0, 3.6, 0.0, 0.0], [0.0, 0.66, 0.0, 0.46, 325.15, 325.17, 0.15, 1.0], [0.2, 25.0, 0.0, 0.0])
(70713223, [2.0, 1.37, 0.0, 3.6, 0.0, 3.6, 0.0, 3.6, 0.0, 0.0], [0.0, 0.85, 0.0, 0.38, 319.04, 319.06, 0.14, 1.0], [0.2, 25.0, 0.0, 0.0])
(70812915, [1.0, 1.37, 0.0, 3.6, 0.0, 3.6, 0.0, 3.6, 0.0, 0.0], [0.0, 0.88, 0.0, 0.32, 310.63, 310.65, 0.14, 1.0], [0.2, 25.0, 0.0, 0.0])
(70912895, [1.0, 1.37, 0.0, 3.6, 0.0, 3.6, 0.0, 3.6, 0.0, 0.0], [0.0, 1.5, 0.0, -0.59, 300.45, 300.48, 0.13, 1.0], [0.2, 25.0, 0.0, 0.0])
(71012872, [1.0, 1.37, 0.0, 3.6, 0.0, 3.6, 0.0, 3.6, 0.0, 0.0], [0.0, 8.11, 0.0, 0.44, 290.96, 291.08, 0.13, 1.0], [0.2, 25.0, 0.0, 0.0])
(71112864, [2.0, 1.37, 0.0, 3.6, 0.0, 0.05, 0.0, 3.6, 0.0, 0.0], [0.0, 21.29, 0.0, 2.72, 282.56, 282.85, 0.12, 1.0], [0.2, 25.0, 0.0, 0.0])
(71212829, [2.0, 1.37, 0.0, 3.6, 0.0, 0.05, 0.0, 3.6, 0.0, 0.0], [0.0, 31.48, 0.0, 6.61, 278.17, 278.6, 0.12, 1.0], [0.2, 25.0, 0.0, 0.0])
(71312863, [1.0, 1.37, 0.0, 3.6, 0.0, 0.05, 0.0, 3.6, 0.0, 0.0], [0.0, 37.23, 0.0, 7.83, 280.17, 280.67, 0.11, 1.0], [0.44, 25.0, 0.0, 0.0])
(71413430, [1.0, 1.37, 0.0, 3.6, 0.0, 0.05, 0.0, 3.6, 0.0, 0.0], [0.0, 38.68, 0.0, 9.79, 283.17, 283.68, 0.11, 1.0], [0.4, 25.0, 0.0, 0.0])
(71513354, [1.0, 1.37, 0.0, 3.6, 0.0, 0.05, 0.0, 3.6, 0.0, 0.0], [0.0, 40.26, 0.0, 13.46, 284.77, 285.31, 0.1, 1.0], [0.43, 25.0, 0.0, 0.0])
(71613452, [2.0, 0.13, 0.0, 3.6, 0.0, 0.05, 0.0, 3.6, 0.0, 0.0], [0.0, 41.61, 0.0, 17.09, 285.07, 285.63, 0.1, 1.0], [0.31, 25.0, 0.0, 0.0])
(71715939, [2.0, 0.13, 0.0, 3.6, 0.0, 0.05, 0.0, 3.6, 0.0, 0.0], [0.0, 42.87, 0.0, 18.87, 284.15, 284.73, 0.09, 1.0], [0.35, 25.0, 0.0, 0.0])
(71816908, [1.0, 0.13, 0.0, 3.6, 0.0, 0.05, 0.0, 3.6, 0.0, 0.0], [0.0, 43.19, 0.0, 18.98, 282.53, 283.11, 0.09, 1.0], [0.32, 25.0, 0.0, 0.0])
(71917040, [1.0, 0.13, 0.0, 3.6, 0.0, 0.05, 0.0, 3.6, 0.0, 0.0], [0.0, 43.42, 0.0, 17.56, 281.57, 282.15, 0.07, 1.0], [0.33, 25.0, 0.0, 0.0])
(72017350, [1.0, 0.13, 0.0, 3.6, 0.0, 0.05, 0.0, 3.6, 0.0, 0.0], [0.0, 43.43, 0.0, 14.45, 282.27, 282.84, 0.07, 1.0], [0.34, 25.0, 0.0, 0.0])
(72117393, [2.0, 0.13, 0.0, 3.6, 0.0, 0.03, 0.0, 3.6, 0.0, 0.0], [0.0, 41.79, 0.0, 12.65, 282.73, 283.28, 0.06, 1.0], [0.34, 25.0, 0.0, 0.0])
(72228736, [2.0, 0.13, 0.0, 3.6, 0.0, 0.03, 0.0, 3.6, 0.0, 0.0], [0.0, 40.93, 0.0, 12.74, 281.15, 281.69, 0.06, 1.0], [0.36, 25.0, 0.0, 0.0])
(72328596, [1.0, 0.13, 0.0, 3.6, 0.0, 0.03, 0.0, 3.6, 0.0, 0.0], [0.0, 40.82, 0.0, 12.39, 280.95, 281.49, 0.05, 1.0], [0.37, 25.0, 0.0, 0.0])
(72428856, [1.0, 0.13, 0.0, 3.6, 0.0, 0.03, 0.0, 3.6, 0.0, 0.0], [0.0, 39.94, 0.0, 12.79, 280.87, 281.4, 0.05, 1.0], [0.36, 25.0, 0.0, 0.0])
(72528801, [1.0, 0.13, 0.0, 3.6, 0.0, 0.03, 0.0, 3.6, 0.0, 0.0], [0.0, 39.86, 0.0, 12.97, 280.86, 281.39, 0.04, 1.0], [0.36, 25.0, 0.0, 0.0])
(72628781, [2.0, 0.17, 0.0, 3.6, 0.0, 0.03, 0.0, 3.6, 0.0, 0.0], [0.0, 40.56, 0.0, 14.01, 280.65, 281.19, 0.04, 1.0], [0.36, 25.0, 0.0, 0.0])
(72728722, [2.0, 0.17, 0.0, 3.6, 0.0, 0.03, 0.0, 3.6, 0.0, 0.0], [0.0, 41.92, 0.0, 14.84, 280.78, 281.33, 0.03, 1.0], [0.36, 25.0, 0.0, 0.0])
(72828755, [1.0, 0.17, 0.0, 3.6, 0.0, 0.03, 0.0, 3.6, 0.0, 0.0], [0.0, 43.66, 0.0, 15.32, 280.66, 281.23, 0.03, 1.0], [0.36, 25.0, 0.0, 0.0])
(72928829, [1.0, 0.17, 0.0, 3.6, 0.0, 0.03, 0.0, 3.6, 0.0, 0.0], [0.0, 45.38, 0.0, 15.74, 280.33, 280.93, 0.03, 1.0], [0.35, 25.0, 0.0, 0.0])
