(43174557, [2.0, 0.52, 0.0, 0.65, 0.0, 3.6, 0.0, 2.39, 0.0, 0.0], [0.0, 0.65, 0.0, 0.33, 139.31, 139.32, 0.0, 1.0], [0.2, 25.0, 0.0, 0.0])
(43273989, [2.0, 0.53, 0.0, 0.65, 0.0, 3.6, 0.0, 2.39, 0.0, 0.0], [0.0, 0.65, 0.0, 0.33, 139.31, 139.32, 0.0, 1.0], [0.2, 25.0, 0.0, 0.0])
(43374026, [2.0, 0.52, 0.0, 0.65, 0.0, 3.6, 0.0, 2.42, 0.0, 0.0], [0.0, 0.65, 0.0, 0.33, 139.3, 139.31, 0.0, 1.0], [0.2, 25.0, 0.0, 0.0])
(43473865, [2.0, 0.52, 0.0, 0.65, 0.0, 3.6, 0.0, 2.34, 0.0, 0.0], [0.0, 0.65, 0.0, 0.33, 139.3, 139.31, 0.0, 1.0], [0.2, 25.0, 0.0, 0.0])
(43575084, [2.0, 0.52, 0.0, 0.65, 0.0, 3.6, 0.0, 2.37, 0.0, 0.0], [0.0, 0.65, 0.0, 0.33, 139.29, 139.3, 0.0, 1.0], [0.2, 25.0, 0.0, 0.0])
(43673980, [2.0, 0.52, 0.0, 0.65, 0.0, 3.6, 0.0, 2.39, 0.0, 0.0], [0.0, 0.65, 0.0, 0.33, 139.29, 139.3, 0.0, 1.0], [0.2, 25.0, 0.0, 0.0])
(43774468, [2.0, 0.52, 0.0, 0.65, 0.0, 3.6, 0.0, 2.4, 0.0, 0.0], [0.0, 0.66, 0.0, 0.33, 139.28, 139.29, 0.0, 1.0], [0.2, 25.0, 0.0, 0.0])
(43874102, [2.0, 0.53, 0.0, 0.65, 0.0, 3.6, 0.0, 2.39, 0.0, 0.0], [0.0, 0.66, 0.0, 0.32, 139.28, 139.28, 0.0, 1.0], [0.2, 25.0, 0.0, 0.0])
(43974850, [2.0, 0.53, 0.0, 0.65, 0.0, 3.6, 0.0, 2.38, 0.0, 0.0], [0.0, 0.66, 0.0, 0.32, 139.27, 139.28, 0.0, 1.0], [0.2, 25.0, 0.0, 0.0])
(44074105, [2.0, 0.52, 0.0, 0.66, 0.0, 3.6, 0.0, 2.38, 0.0, 0.0], [0.0, 0.66, 0.0, 0.32, 139.26, 139.27, 0.0, 1.0], [0.2, 25.0, 0.0, 0.0])
(44173853, [2.0, 0.52, 0.0, 0.65, 0.0, 0.78, 0.0, 3.6, 0.0, 0.0], [0.0, 0.66, 0.0, 0.31, 139.25, 139.26, 0.0, 1.0], [0.2, 25.0, 0.0, 0.0])
(44274008, [2.0, 0.53, 0.0, 0.65, 0.0, 0.78, 0.0, 2.37, 0.0, 0.0], [0.0, 0.66, 0.0, 0.31, 139.25, 139.26, 0.0, 1.0], [0.2, 25.0, 0.0, 0.0])
(44373861, [2.0, 0.52, 0.0, 0.65, 0.0, 0.83, 0.0, 2.36, 0.0, 0.0], [0.0, 0.67, 0.0, 0.31, 139.24, 139.25, 0.0, 1.0], [0.2, 25.0, 0.0, 0.0])
(44473932, [2.0, 0.53, 0.0, 0.65, 0.0, 0.83, 0.0, 2.36, 0.0, 0.0], [0.0, 0.66, 0.0, 0.31, 139.24, 139.24, 0.0, 1.0], [0.2, 25.0, 0.0, 0.0])
(44574084, [2.0, 0.52, 0.0, 0.65, 0.0, 3.6, 0.0, 2.37, 0.0, 0.0], [0.0, 0.67, 0.0, 0.31, 139.23, 139.24, 0.0, 1.0], [0.2, 25.0, 0.0, 0.0])
(44673962, [2.0, 0.53, 0.0, 0.65, 0.0, 3.6, 0.0, 2.37, 0.0, 0.0], [0.0, 0.67, 0.0, 0.31, 139.22, 139.23, 0.0, 1.0], [0.2, 25.0, 0.0, 0.0])
(44773866, [2.0, 0.53, 0.0, 0.65, 0.0, 3.6, 0.0, 2.43, 0.0, 0.0], [0.0, 0.67, 0.0, 0.31, 139.22, 139.23, 0.0, 1.0], [0.2, 25.0, 0.0, 0.0])
(44874671, [2.0, 0.52, 0.0, 0.65, 0.0, 3.6, 0.0, 2.44, 0.0, 0.0], [0.0, 0.67, 0.0, 0.3, 139.21, 139.22, 0.0, 1.0], [0.2, 25.0, 0.0, 0.0])
(44973855, [2.0, 0.53, 0.0, 0.65, 0.0, 3.6, 0.0, 2.4, 0.0, 0.0], [0.0, 0.67, 0.0, 0.3, 139.2, 139.21, 0.0, 1.0], [0.2, 25.0, 0.0, 0.0])
(45074293, [2.0, 0.53, 0.0, 0.65, 0.0, 3.6, 0.0, 2.39, 0.0, 0.0], [0.0, 0.67, 0.0, 0.3, 139.19, 139.2, 0.0, 1.0], [0.2, 25.0, 0.0, 0.0])
(45174071, [2.0, 0.52, 0.0, 0.65, 0.0, 3.6, 0.0, 2.37, 0.0, 0.0], [0.0, 0.67, 0.0, 0.3, 139.19, 139.2, 0.0, 1.0], [0.2, 25.0, 0.0, 0.0])
(45274657, [2.0, 0.53, 0.0, 0.65, 0.0, 3.6, 0.0, 2.36, 0.0, 0.0], [0.0, 0.68, 0.0, 0.3, 139.18, 139.19, 0.0, 1.0], [0.2, 25.0, 0.0, 0.0])
(45374531, [2.0, 0.53, 0.0, 0.65, 0.0, 3.6, 0.0, 2.4, 0.0, 0.0], [0.0, 0.67, 0.0, 0.3, 139.18, 139.19, 0.0, 1.0], [0.2, 25.0, 0.0, 0.0])
(45474445, [2.0, 0.52, 0.0, 0.65, 0.0, 3.6, 0.0, 2.42, 0.0, 0.0], [0.0, 0.67, 0.0, 0.3, 139.18, 139.19, 0.0, 1.0], [0.2, 25.0, 0.0, 0.0])
(45574050, [2.0, 0.52, 0.0, 0.66, 0.0, 3.6, 0.0, 2.42, 0.0, 0.0], [0.0, 0.66, 0.0, 0.31, 139.17, 139.18, 0.0, 1.0], [0.2, 25.0, 0.0, 0.0])
(45674687, [2.0, 0.53, 0.0, 0.65, 0.0, 3.6, 0.0, 2.39, 0.0, 0.0], [0.0, 0.67, 0.0, 0.33, 139.13, 139.14, 0.0, 1.0], [0.2, 25.0, 0.0, 0.0])
(45773866, [2.0, 0.53, 0.0, 0.65, 0.0, 3.6, 0.0, 2.39, 0.0, 0.0], [0.0, 0.66, 0.0, 0.34, 139.09, 139.1, 0.0, 1.0], [0.2, 25.0, 0.0, 0.0])
(45874614, [2.0, 0.53, 0.0, 0.66, 0.0, 3.6, 0.0, 3.6, 0.0, 0.0], [0.0, 0.65, 0.0, 0.36, 139.14, 139.15, 0.0, 1.0], [0.2, 25.0, 0.0, 0.0])
(45973849, [2.0, 0.52, 0.0, 0.65, 0.0, 3.6, 0.0, 2.38, 0.0, 0.0], [0.0, 0.66, 0.0, 0.37, 139.12, 139.13, 0.0, 1.0], [0.2, 25.0, 0.0, 0.0])
(46074724, [2.0, 0.52, 0.0, 0.65, 0.0, 3.6, 0.0, 2.42, 0.0, 0.0], [0.0, 0.68, 0.0, 0.35, 139.11, 139.12, 0.0, 1.0], [0.2, 25.0, 0.0, 0.0])
(46173858, [2.0, 0.52, 0.0, 0.65, 0.0, 3.6, 0.0, 2.42, 0.0, 0.0], [0.0, 0.68, 0.0, 0.36, 139.1, 139.11, 0.0, 1.0], [0.2, 25.0, 0.0, 0.0])
(46274223, [2.0, 0.53, 0.0, 0.65, 0.0, 3.6, 0.0, 2.39, 0.0, 0.0], [0.0, 0.68, 0.0, 0.36, 139.08, 139.09, 0.0, 1.0], [0.2, 25.0, 0.0, 0.0])
(46373985, [2.0, 0.52, 0.0, 0.65, 0.0, 3.6, 0.0, 2.36, 0.0, 0.0], [0.0, 0.68, 0.0, 0.36, 139.1, 139.1, 0.0, 1.0], [0.2, 25.0, 0.0, 0.0])
(46474706, [2.0, 0.53, 0.0, 0.65, 0.0, 3.6, 0.0, 2.39, 0.0, 0.0], [0.0, 0.69, 0.0, 0.35, 139.08, 139.09, 0.0, 1.0], [0.2, 25.0, 0.0, 0.0])
(46574551, [2.0, 0.53, 0.0, 0.65, 0.0, 3.6, 0.0, 2.39, 0.0, 0.0], [0.0, 0.69, 0.0, 0.35, 139.08, 139.09, 0.0, 1.0], [7.65, 25.0, 0.0, 0.0])
(46674084, [2.0, 0.53, 0.0, 0.66, 0.0, 3.6, 0.0, 2.4, 0.0, 0.0], [0.0, 0.69, 0.0, 0.34, 139.07, 139.08, 0.0, 1.0], [0.2, 25.0, 0.0, 0.0])
(46774011, [2.0, 0.53, 0.0, 0.65, 0.0, 3.6, 0.0, 2.4, 0.0, 0.0], [0.0, 0.69, 0.0, 0.35, 139.06, 139.07, 0.0, 1.0], [0.2, 25.0, 0.0, 0.0])
(46873974, [2.0, 0.52, 0.0, 0.65, 0.0, 3.6, 0.0, 2.38, 0.0, 0.0], [0.0, 0.7, 0.0, 0.35, 139.07, 139.08, 0.0, 1.0], [0.2, 25.0, 0.0, 0.0])
(46973978, [2.0, 0.53, 0.0, 0.65, 0.0, 3.6, 0.0, 2.38, 0.0, 0.0], [0.0, 0.69, 0.0, 0.35, 139.07, 139.08, 0.0, 1.0], [0.2, 25.0, 0.0, 0.0])
(47074088, [2.0, 0.52, 0.0, 0.65, 0.0, 3.6, 0.0, 2.41, 0.0, 0.0], [0.0, 0.71, 0.0, 0.35, 139.06, 139.07, 0.0, 1.0], [0.2, 25.0, 0.0, 0.0])
(47174665, [2.0, 0.53, 0.0, 0.65, 0.0, 3.6, 0.0, 2.41, 0.0, 0.0], [0.0, 0.71, 0.0, 0.34, 139.05, 139.06, 0.0, 1.0], [0.51, 25.0, 0.0, 0.0])
(47274265, [2.0, 0.52, 0.0, 0.65, 0.0, 3.6, 0.0, 2.33, 0.0, 0.0], [0.0, 0.7, 0.0, 0.35, 139.06, 139.07, 0.0, 1.0], [0.5, 25.0, 0.0, 0.0])
(47374427, [2.0, 0.52, 0.0, 0.65, 0.0, 3.6, 0.0, 2.4, 0.0, 0.0], [0.0, 0.71, 0.0, 0.35, 139.06, 139.07, 0.0, 1.0], [0.49, 25.0, 0.0, 0.0])
(47473948, [2.0, 0.52, 0.0, 0.66, 0.0, 3.6, 0.0, 2.38, 0.0, 0.0], [0.0, 0.71, 0.0, 0.34, 139.05, 139.06, 0.0, 1.0], [0.2, 25.0, 0.0, 0.0])
(47574594, [2.0, 0.53, 0.0, 0.65, 0.0, 3.6, 0.0, 2.38, 0.0, 0.0], [0.0, 0.71, 0.0, 0.35, 139.03, 139.04, 0.0, 1.0], [0.45, 25.0, 0.0, 0.0])
(47673880, [2.0, 0.53, 0.0, 0.65, 0.0, 3.6, 0.0, 2.39, 0.0, 0.0], [0.0, 0.71, 0.0, 0.34, 139.03, 139.04, 0.0, 1.0], [0.2, 25.0, 0.0, 0.0])
(47774261, [2.0, 0.52, 0.0, 0.65, 0.0, 3.6, 0.0, 2.39, 0.0, 0.0], [0.0, 0.7, 0.0, 0.34, 139.04, 139.05, 0.0, 1.0], [0.2, 25.0, 0.0, 0.0])
(47874198, [2.0, 0.53, 0.0, 0.65, 0.0, 3.6, 0.0, 2.38, 0.0, 0.0], [0.0, 0.7, 0.0, 0.34, 139.02, 139.03, 0.0, 1.0], [0.34, 25.0, 0.0, 0.0])
(47974708, [2.0, 0.52, 0.0, 0.65, 0.0, 3.6, 0.0, 2.37, 0.0, 0.0], [0.0, 0.71, 0.0, 0.34, 139.03, 139.04, 0.0, 1.0], [0.29, 25.0, 0.0, 0.0])
(48074289, [2.0, 0.52, 0.0, 0.65, 0.0, 3.6, 0.0, 2.37, 0.0, 0.0], [0.0, 0.71, 0.0, 0.34, 139.01, 139.02, 0.0, 1.0], [0.25, 25.0, 0.0, 0.0])
(48174487, [2.0, 0.52, 0.0, 0.65, 0.0, 3.6, 0.0, 2.4, 0.0, 0.0], [0.0, 0.72, 0.0, 0.32, 139.01, 138.99, 0.0, 1.0], [0.2, 25.0, 0.0, 0.0])
(48273856, [2.0, 0.52, 0.0, 0.65, 0.0, 3.6, 0.0, 2.4, 0.0, 0.0], [0.0, 0.71, 0.0, 0.36, 139.01, 138.99, 0.0, 1.0], [0.2, 25.0, 0.0, 0.0])
(48374528, [2.0, 0.53, 0.0, 0.65, 0.0, 3.6, 0.0, 2.43, 0.0, 0.0], [0.0, 0.71, 0.0, 0.37, 139.01, 138.98, 0.0, 1.0], [0.2, 25.0, 0.0, 0.0])
(48473913, [2.0, 0.52, 0.0, 0.65, 0.0, 3.6, 0.0, 2.38, 0.0, 0.0], [0.0, 0.71, 0.0, 0.41, 139.01, 138.94, 0.0, 1.0], [0.2, 25.0, 0.0, 0.0])
(48574112, [2.0, 0.53, 0.0, 0.65, 0.0, 0.7, 0.0, 2.38, 0.0, 0.0], [0.0, 0.73, 0.0, 0.47, 139.01, 138.78, 0.0, 1.0], [0.2, 25.0, 0.0, 0.0])
(48674019, [2.0, 0.52, 0.0, 0.66, 0.0, 0.7, 0.0, 2.41, 0.0, 0.0], [-0.85, 0.65, 0.46, 0.48, 139.01, 138.6, 0.0, 1.0], [0.2, 25.0, 0.0, 0.0])
(48774457, [2.0, 0.53, 0.0, 0.65, 0.0, 3.6, 0.0, 2.42, 0.0, 0.0], [-1.72, 0.67, 0.94, 0.41, 139.01, 138.5, 0.0, 1.0], [0.2, 25.0, 0.0, 0.0])
(48874141, [2.0, 0.52, 0.0, 0.65, 0.0, 3.6, 0.0, 2.38, 0.0, 0.0], [-1.73, 0.69, 1.67, 0.42, 139.01, 138.33, 0.0, 1.0], [0.2, 25.0, 0.0, 0.0])
(48973970, [2.0, 0.52, 0.0, 0.65, 0.0, 3.6, 0.0, 2.41, 0.0, 0.0], [-1.72, 0.67, 2.04, 0.46, 139.01, 138.11, 0.01, 1.0], [0.2, 25.0, 0.0, 0.0])
(49074081, [2.0, 0.52, 0.0, 0.65, 0.0, 3.6, 0.0, 2.41, 0.0, 0.0], [-1.74, 0.64, 2.21, 0.43, 139.01, 137.95, 0.01, 1.0], [0.2, 25.0, 0.0, 0.0])
(49173940, [2.0, 0.52, 0.0, 0.65, 0.0, 3.6, 0.0, 2.39, 0.0, 0.0], [-1.73, 0.71, 2.3, 0.42, 139.01, 137.72, 0.01, 1.0], [0.2, 25.0, 0.0, 0.0])
(49274133, [2.0, 0.53, 0.0, 0.65, 0.0, 3.6, 0.0, 2.4, 0.0, 0.0], [-1.73, 0.65, 2.35, 0.49, 139.01, 137.39, 0.01, 1.0], [0.2, 25.0, 0.0, 0.0])
(49374095, [2.0, 0.52, 0.0, 0.65, 0.0, 3.6, 0.0, 2.4, 0.0, 0.0], [-1.74, 0.71, 2.36, 0.46, 139.01, 137.06, 0.01, 1.0], [0.2, 25.0, 0.0, 0.0])
(49474504, [2.0, 0.52, 0.0, 0.65, 0.0, 0.8, 0.0, 2.42, 0.0, 0.0], [-1.93, 0.7, 2.19, 0.36, 139.01, 136.72, 0.01, 1.0], [0.2, 25.0, 0.0, 0.0])
(49574071, [2.0, 0.52, 0.0, 0.65, 0.0, 0.8, 0.0, 2.38, 0.0, 0.0], [-2.12, 0.61, 2.01, 0.38, 139.01, 136.32, 0.01, 1.0], [0.2, 25.0, 0.0, 0.0])
(49674203, [2.0, 0.52, 0.0, 0.65, 0.0, 3.6, 0.0, 2.4, 0.0, 0.0], [-2.03, 0.83, 2.1, 0.42, 139.01, 135.76, 0.01, 1.0], [0.2, 25.0, 0.0, 0.0])
(49773968, [2.0, 0.52, 0.0, 0.65, 0.0, 3.6, 0.0, 2.41, 0.0, 0.0], [-1.88, 0.86, 2.25, 0.34, 139.01, 135.26, 0.01, 1.0], [0.2, 25.0, 0.0, 0.0])
(49874609, [2.0, 0.52, 0.0, 0.64, 0.0, 3.6, 0.0, 2.36, 0.0, 0.0], [-1.82, 0.82, 2.31, 0.45, 139.01, 134.6, 0.01, 1.0], [0.2, 25.0, 0.0, 0.0])
(49973967, [2.0, 0.52, 0.0, 0.64, 0.0, 3.6, 0.0, 2.43, 0.0, 0.0], [-1.79, 0.63, 2.34, 0.43, 139.01, 133.58, 0.01, 1.0], [0.2, 25.0, 0.0, 0.0])
(50074869, [2.0, 0.52, 0.0, 0.64, 0.0, 3.6, 0.0, 2.43, 0.0, 0.0], [-1.78, 0.65, 2.35, 0.18, 139.01, 132.75, 0.01, 1.0], [0.2, 25.0, 0.0, 0.0])
(50173969, [2.0, 0.52, 0.0, 0.64, 0.0, 3.6, 0.0, 2.45, 0.0, 0.0], [-1.77, 0.66, 2.36, 0.06, 139.01, 131.87, 0.02, 1.0], [0.2, 25.0, 0.0, 0.0])
(50274105, [2.0, 0.51, 0.0, 0.63, 0.0, 3.6, 0.0, 2.41, 0.0, 0.0], [-1.76, 0.31, 2.37, -0.22, 139.01, 130.92, 0.02, 1.0], [0.2, 25.0, 0.0, 0.0])
(50374130, [2.0, 0.51, 0.0, 0.63, 0.0, 3.6, 0.0, 2.43, 0.0, 0.0], [-1.77, 0.21, 2.36, -1.08, 139.01, 130.23, 0.01, 1.0], [0.2, 25.0, 0.0, 0.0])
(50474475, [2.0, 0.5, 0.0, 0.63, 0.0, 3.6, 0.0, 2.43, 0.0, 0.0], [-1.77, 0.18, 2.37, -2.01, 139.01, 129.81, 0.01, 1.0], [0.2, 25.0, 0.0, 0.0])
(50574005, [2.0, 0.49, 0.0, 0.63, 0.0, 3.6, 0.0, 2.43, 0.0, 0.0], [-1.75, 0.22, 2.4, -2.66, 139.01, 129.46, 0.01, 1.0], [0.2, 25.0, 0.0, 0.0])
(50674653, [2.0, 0.47, 0.0, 0.62, 0.0, 3.6, 0.0, 2.46, 0.0, 0.0], [-1.73, 0.16, 2.43, -2.62, 139.01, 129.24, 0.01, 1.0], [0.2, 25.0, 0.0, 0.0])
(50774073, [2.0, 0.46, 0.0, 0.62, 0.0, 3.6, 0.0, 2.46, 0.0, 0.0], [-1.71, -0.4, 2.45, -1.95, 139.01, 129.12, 0.03, 1.0], [0.2, 25.0, 0.0, 0.0])
(50874705, [2.0, 0.44, 0.0, 0.62, 0.0, 3.6, 0.0, 3.6, 0.0, 0.0], [-1.7, -0.96, 2.47, -1.14, 139.01, 129.26, 0.03, 1.0], [0.2, 25.0, 0.0, 0.0])
(50974120, [2.0, 0.42, 0.0, 0.62, 0.0, 3.6, 0.0, 3.6, 0.0, 0.0], [-1.66, -0.56, 2.5, -0.73, 139.01, 129.58, 0.03, 1.0], [0.2, 25.0, 0.0, 0.0])
(51075026, [2.0, 0.39, 0.0, 0.61, 0.0, 3.6, 0.0, 2.48, 0.0, 0.0], [-1.62, -0.12, 2.52, -0.6, 139.01, 129.75, 0.03, 1.0], [0.2, 25.0, 0.0, 0.0])
(51173991, [2.0, 0.35, 0.0, 0.62, 0.0, 3.6, 0.0, 2.48, 0.0, 0.0], [-1.58, 0.68, 2.55, -1.09, 139.01, 129.69, 0.03, 1.0], [0.2, 25.0, 0.0, 0.0])
(51274189, [2.0, 0.32, 0.0, 0.61, 0.0, 3.6, 0.0, 2.5, 0.0, 0.0], [-1.53, 0.47, 2.58, -1.49, 139.01, 129.74, 0.03, 1.0], [0.2, 25.0, 0.0, 0.0])
(51373912, [2.0, 0.29, 0.0, 0.61, 0.0, 3.6, 0.0, 2.5, 0.0, 0.0], [-1.48, 0.37, 2.62, -1.65, 139.01, 129.91, 0.03, 1.0], [0.2, 25.0, 0.0, 0.0])
(51474300, [2.0, 0.23, 0.0, 0.6, 0.0, 3.6, 0.0, 2.44, 0.0, 0.0], [-1.43, 1.08, 2.64, -1.87, 139.01, 130.23, 0.03, 1.0], [0.2, 25.0, 0.0, 0.0])
(51574184, [2.0, 0.2, 0.0, 0.59, 0.0, 3.6, 0.0, 2.44, 0.0, 0.0], [-1.38, 2.91, 2.67, -4.76, 139.01, 130.33, 0.07, 1.0], [0.2, 25.0, 0.0, 0.0])
(51674003, [2.0, 0.2, 0.0, 0.59, 0.0, 3.6, 0.0, 3.6, 0.0, 0.0], [-1.36, 1.76, 2.68, -5.31, 139.01, 128.53, 0.07, 1.0], [0.2, 25.0, 0.0, 0.0])
(51774859, [2.0, 0.21, 0.0, 0.59, 0.0, 3.6, 0.0, 2.49, 0.0, 0.0], [-1.35, 1.29, 2.69, -5.27, 139.01, 127.37, 0.06, 1.0], [0.2, 25.0, 0.0, 0.0])
(51874006, [2.0, 0.21, 0.0, 0.59, 0.0, 3.6, 0.0, 2.55, 0.0, 0.0], [-1.35, 1.26, 2.69, -5.06, 139.01, 127.77, 0.06, 1.0], [0.2, 25.0, 0.0, 0.0])
(51974357, [2.0, 0.2, 0.0, 0.59, 0.0, 3.6, 0.0, 2.5, 0.0, 0.0], [-1.34, 2.42, 2.69, -7.57, 139.01, 128.56, 0.05, 1.0], [0.2, 25.0, 0.0, 0.0])
(52074172, [2.0, 0.2, 0.0, 0.59, 0.0, 3.6, 0.0, 2.5, 0.0, 0.0], [-1.34, 1.64, 2.69, -10.55, 139.01, 128.99, 0.05, 1.0], [0.2, 25.0, 0.0, 0.0])
(52174086, [2.0, 0.19, 0.0, 0.59, 0.0, 3.6, 0.0, 2.5, 0.0, 0.0], [-1.33, 1.71, 2.69, -13.64, 139.01, 129.85, 0.05, 1.0], [0.2, 25.0, 0.0, 0.0])
(52274320, [2.0, 0.19, 0.0, 0.59, 0.0, 3.6, 0.0, 2.48, 0.0, 0.0], [-1.33, 1.71, 2.7, -16.89, 139.01, 130.21, 0.05, 1.0], [0.2, 25.0, 0.0, 0.0])
(52374144, [2.0, 0.18, 0.0, 0.59, 0.0, 3.6, 0.0, 2.48, 0.0, 0.0], [-1.32, 1.64, 2.7, -20.27, 139.01, 129.87, 0.04, 1.0], [0.2, 25.0, 0.0, 0.0])
(52474008, [2.0, 0.18, 0.0, 0.59, 0.0, 3.6, 0.0, 2.5, 0.0, 0.0], [-1.31, 0.76, 2.71, -23.92, 139.01, 130.07, 0.04, 1.0], [0.21, 25.0, 0.0, 0.0])
(381774046, [2.0, 0.61, 0.0, 0.67, 0.0, 3.6, 0.0, 2.37, 0.0, 0.0], [0.0, 0.74, 0.0, 0.33, 103.43, 103.44, 0.0, 1.0], [0.2, 25.0, 0.0, 0.0])
(381873548, [2.0, 0.61, 0.0, 0.67, 0.0, 3.6, 0.0, 2.36, 0.0, 0.0], [0.0, 0.74, 0.0, 0.33, 103.42, 103.43, 0.0, 1.0], [0.2, 25.0, 0.0, 0.0])
(381973563, [2.0, 0.61, 0.0, 0.67, 0.0, 3.6, 0.0, 2.34, 0.0, 0.0], [0.0, 0.74, 0.0, 0.33, 103.41, 103.42, 0.0, 1.0], [0.2, 25.0, 0.0, 0.0])
(382073561, [2.0, 0.61, 0.0, 0.67, 0.0, 3.6, 0.0, 2.35, 0.0, 0.0], [0.0, 0.74, 0.0, 0.34, 103.4, 103.41, 0.0, 1.0], [0.2, 25.0, 0.0, 0.0])
(382173723, [2.0, 0.61, 0.0, 0.67, 0.0, 3.6, 0.0, 2.36, 0.0, 0.0], [0.0, 0.74, 0.0, 0.34, 103.38, 103.39, 0.0, 1.0], [0.2, 25.0, 0.0, 0.0])
(382273696, [2.0, 0.61, 0.0, 0.67, 0.0, 3.6, 0.0, 2.35, 0.0, 0.0], [0.0, 0.74, 0.0, 0.33, 103.37, 103.38, 0.0, 1.0], [0.2, 25.0, 0.0, 0.0])
(382373677, [2.0, 0.61, 0.0, 0.67, 0.0, 3.6, 0.0, 2.36, 0.0, 0.0], [0.0, 0.74, 0.0, 0.33, 103.37, 103.37, 0.0, 1.0], [0.2, 25.0, 0.0, 0.0])
(382473647, [2.0, 0.61, 0.0, 0.67, 0.0, 3.6, 0.0, 2.36, 0.0, 0.0], [0.0, 0.75, 0.0, 0.33, 103.36, 103.37, 0.0, 1.0], [0.2, 25.0, 0.0, 0.0])
(382573646, [2.0, 0.61, 0.0, 0.67, 0.0, 3.6, 0.0, 2.35, 0.0, 0.0], [0.0, 0.75, 0.0, 0.33, 103.35, 103.36, 0.0, 1.0], [0.2, 25.0, 0.0, 0.0])
(382674155, [2.0, 0.61, 0.0, 0.67, 0.0, 3.6, 0.0, 2.36, 0.0, 0.0], [0.0, 0.75, 0.0, 0.33, 103.34, 103.35, 0.0, 1.0], [0.2, 25.0, 0.0, 0.0])
(382773688, [2.0, 0.61, 0.0, 0.67, 0.0, 3.6, 0.0, 2.36, 0.0, 0.0], [0.0, 0.74, 0.0, 0.33, 103.32, 103.33, 0.0, 1.0], [0.2, 25.0, 0.0, 0.0])
(382873771, [2.0, 0.61, 0.0, 0.67, 0.0, 3.6, 0.0, 2.35, 0.0, 0.0], [0.0, 0.74, 0.0, 0.33, 103.31, 103.32, 0.0, 1.0], [0.2, 25.0, 0.0, 0.0])
(382973987, [2.0, 0.61, 0.0, 0.67, 0.0, 3.6, 0.0, 2.36, 0.0, 0.0], [0.0, 0.74, 0.0, 0.33, 103.3, 103.31, 0.0, 1.0], [0.2, 25.0, 0.0, 0.0])
(383073579, [2.0, 0.61, 0.0, 0.67, 0.0, 3.6, 0.0, 2.36, 0.0, 0.0], [0.0, 0.74, 0.0, 0.33, 103.29, 103.3, 0.0, 1.0], [0.2, 25.0, 0.0, 0.0])
(383173584, [2.0, 0.61, 0.0, 0.67, 0.0, 3.6, 0.0, 2.36, 0.0, 0.0], [0.0, 0.74, 0.0, 0.32, 103.28, 103.29, 0.0, 1.0], [0.2, 25.0, 0.0, 0.0])
(383273600, [2.0, 0.61, 0.0, 0.67, 0.0, 3.6, 0.0, 2.35, 0.0, 0.0], [0.0, 0.74, 0.0, 0.32, 103.27, 103.28, 0.0, 1.0], [0.2, 25.0, 0.0, 0.0])
(383373733, [2.0, 0.61, 0.0, 0.67, 0.0, 3.6, 0.0, 2.38, 0.0, 0.0], [0.0, 0.75, 0.0, 0.32, 103.25, 103.26, 0.0, 1.0], [0.2, 25.0, 0.0, 0.0])
(383473647, [2.0, 0.61, 0.0, 0.67, 0.0, 3.6, 0.0, 2.35, 0.0, 0.0], [0.0, 0.74, 0.0, 0.32, 103.24, 103.25, 0.0, 1.0], [0.2, 25.0, 0.0, 0.0])
(383573661, [2.0, 0.61, 0.0, 0.67, 0.0, 3.6, 0.0, 2.35, 0.0, 0.0], [0.0, 0.75, 0.0, 0.32, 103.23, 103.24, 0.0, 1.0], [0.2, 25.0, 0.0, 0.0])
(383673698, [2.0, 0.61, 0.0, 0.67, 0.0, 3.6, 0.0, 2.35, 0.0, 0.0], [0.0, 0.75, 0.0, 0.32, 103.22, 103.23, 0.0, 1.0], [0.2, 25.0, 0.0, 0.0])
(383773651, [2.0, 0.61, 0.0, 0.67, 0.0, 3.6, 0.0, 2.36, 0.0, 0.0], [0.0, 0.75, 0.0, 0.32, 103.21, 103.22, 0.0, 1.0], [0.2, 25.0, 0.0, 0.0])
(383873755, [2.0, 0.61, 0.0, 0.67, 0.0, 3.6, 0.0, 2.36, 0.0, 0.0], [0.0, 0.75, 0.0, 0.32, 103.19, 103.2, 0.0, 1.0], [0.2, 25.0, 0.0, 0.0])
(383973595, [2.0, 0.61, 0.0, 0.67, 0.0, 3.6, 0.0, 2.36, 0.0, 0.0], [0.0, 0.75, 0.0, 0.32, 103.18, 103.19, 0.0, 1.0], [0.2, 25.0, 0.0, 0.0])
(384073633, [2.0, 0.61, 0.0, 0.67, 0.0, 3.6, 0.0, 2.34, 0.0, 0.0], [0.0, 0.74, 0.0, 0.32, 103.16, 103.17, 0.0, 1.0], [0.2, 25.0, 0.0, 0.0])
(384174158, [2.0, 0.61, 0.0, 0.67, 0.0, 0.77, 0.0, 2.36, 0.0, 0.0], [0.0, 0.74, 0.0, 0.33, 103.19, 103.2, 0.0, 1.0], [0.2, 25.0, 0.0, 0.0])
(384273596, [2.0, 0.61, 0.0, 0.66, 0.0, 0.77, 0.0, 2.37, 0.0, 0.0], [0.0, 0.74, 0.0, 0.34, 103.17, 103.18, 0.0, 1.0], [0.2, 25.0, 0.0, 0.0])
(384373579, [2.0, 0.61, 0.0, 0.67, 0.0, 3.6, 0.0, 2.34, 0.0, 0.0], [0.0, 0.74, 0.0, 0.36, 103.12, 103.13, 0.0, 1.0], [0.2, 25.0, 0.0, 0.0])
(384473554, [2.0, 0.61, 0.0, 0.67, 0.0, 0.69, 0.0, 2.37, 0.0, 0.0], [0.0, 0.74, 0.0, 0.35, 103.12, 103.13, 0.0, 1.0], [0.2, 25.0, 0.0, 0.0])
(384573569, [2.0, 0.61, 0.0, 0.67, 0.0, 0.69, 0.0, 2.35, 0.0, 0.0], [0.0, 0.73, 0.0, 0.34, 103.09, 103.1, 0.0, 1.0], [0.2, 25.0, 0.0, 0.0])
(384673599, [2.0, 0.61, 0.0, 0.67, 0.0, 3.6, 0.0, 2.35, 0.0, 0.0], [0.0, 0.73, 0.0, 0.33, 103.1, 103.11, 0.0, 1.0], [0.2, 25.0, 0.0, 0.0])
(384773515, [2.0, 0.61, 0.0, 0.67, 0.0, 3.6, 0.0, 2.35, 0.0, 0.0], [0.0, 0.75, 0.0, 0.33, 103.09, 103.1, 0.0, 1.0], [0.2, 25.0, 0.0, 0.0])
(384873713, [2.0, 0.61, 0.0, 0.67, 0.0, 0.72, 0.0, 2.37, 0.0, 0.0], [0.0, 0.76, 0.0, 0.34, 103.08, 103.09, 0.0, 1.0], [0.2, 25.0, 0.0, 0.0])
(384973633, [2.0, 0.61, 0.0, 0.67, 0.0, 0.72, 0.0, 2.37, 0.0, 0.0], [0.0, 0.75, 0.0, 0.33, 103.07, 103.08, 0.0, 1.0], [0.2, 25.0, 0.0, 0.0])
(385074332, [2.0, 0.62, 0.0, 0.67, 0.0, 3.6, 0.0, 2.36, 0.0, 0.0], [0.0, 0.76, 0.0, 0.33, 103.04, 103.05, 0.0, 1.0], [0.2, 25.0, 0.0, 0.0])
(385174703, [2.0, 0.61, 0.0, 0.67, 0.0, 3.6, 0.0, 2.35, 0.0, 0.0], [0.0, 0.75, 0.0, 0.32, 103.05, 103.06, 0.0, 1.0], [0.2, 25.0, 0.0, 0.0])
(385273682, [2.0, 0.61, 0.0, 0.67, 0.0, 0.75, 0.0, 2.35, 0.0, 0.0], [0.0, 0.76, 0.0, 0.33, 103.03, 103.04, 0.0, 1.0], [0.2, 25.0, 0.0, 0.0])
(385373913, [2.0, 0.61, 0.0, 0.67, 0.0, 0.75, 0.0, 2.36, 0.0, 0.0], [0.0, 0.77, 0.0, 0.33, 103.02, 103.03, 0.0, 1.0], [0.2, 25.0, 0.0, 0.0])
(385473566, [2.0, 0.61, 0.0, 0.67, 0.0, 0.8, 0.0, 2.34, 0.0, 0.0], [0.0, 0.76, 0.0, 0.31, 103.02, 103.03, 0.0, 1.0], [0.2, 25.0, 0.0, 0.0])
(385573635, [2.0, 0.61, 0.0, 0.67, 0.0, 0.8, 0.0, 2.34, 0.0, 0.0], [0.0, 0.76, 0.0, 0.32, 102.99, 103.0, 0.0, 1.0], [0.2, 25.0, 0.0, 0.0])
(385673476, [2.0, 0.61, 0.0, 0.67, 0.0, 3.6, 0.0, 2.34, 0.0, 0.0], [0.0, 0.77, 0.0, 0.32, 103.0, 103.01, 0.0, 1.0], [0.2, 25.0, 0.0, 0.0])
(385773514, [2.0, 0.61, 0.0, 0.67, 0.0, 0.82, 0.0, 2.35, 0.0, 0.0], [0.0, 0.77, 0.0, 0.32, 102.99, 103.01, 0.0, 1.0], [0.2, 25.0, 0.0, 0.0])
(385873476, [2.0, 0.61, 0.0, 0.67, 0.0, 0.82, 0.0, 2.36, 0.0, 0.0], [0.0, 0.78, 0.0, 0.32, 102.96, 102.97, 0.0, 1.0], [0.2, 25.0, 0.0, 0.0])
(385973531, [2.0, 0.61, 0.0, 0.67, 0.0, 0.82, 0.0, 2.37, 0.0, 0.0], [0.0, 0.77, 0.0, 0.31, 102.97, 102.98, 0.0, 1.0], [0.2, 25.0, 0.0, 0.0])
(386073587, [2.0, 0.61, 0.0, 0.67, 0.0, 3.6, 0.0, 2.37, 0.0, 0.0], [0.0, 0.77, 0.0, 0.31, 102.96, 102.97, 0.0, 1.0], [0.2, 25.0, 0.0, 0.0])
(386173562, [2.0, 0.61, 0.0, 0.67, 0.0, 0.78, 0.0, 2.36, 0.0, 0.0], [0.0, 0.78, 0.0, 0.31, 102.95, 102.96, 0.0, 1.0], [0.2, 25.0, 0.0, 0.0])
(386273581, [2.0, 0.61, 0.0, 0.67, 0.0, 0.78, 0.0, 2.36, 0.0, 0.0], [0.0, 0.79, 0.0, 0.31, 102.94, 102.95, 0.0, 1.0], [0.2, 25.0, 0.0, 0.0])
(386374384, [2.0, 0.61, 0.0, 0.67, 0.0, 3.6, 0.0, 2.35, 0.0, 0.0], [0.0, 0.77, 0.0, 0.32, 102.92, 102.93, 0.0, 1.0], [0.2, 25.0, 0.0, 0.0])
(386473622, [2.0, 0.61, 0.0, 0.67, 0.0, 0.83, 0.0, 2.36, 0.0, 0.0], [0.0, 0.78, 0.0, 0.31, 102.92, 102.93, 0.0, 1.0], [0.2, 25.0, 0.0, 0.0])
(386573830, [2.0, 0.61, 0.0, 0.67, 0.0, 0.81, 0.0, 2.35, 0.0, 0.0], [0.0, 0.79, 0.0, 0.31, 102.91, 102.92, 0.0, 1.0], [0.2, 25.0, 0.0, 0.0])
(386673619, [2.0, 0.61, 0.0, 0.67, 0.0, 0.81, 0.0, 2.37, 0.0, 0.0], [0.0, 0.78, 0.0, 0.32, 102.87, 102.88, 0.0, 1.0], [0.2, 25.0, 0.0, 0.0])
(386773521, [2.0, 0.61, 0.0, 0.67, 0.0, 0.81, 0.0, 2.33, 0.0, 0.0], [0.0, 0.78, 0.0, 0.3, 102.89, 102.88, 0.0, 1.0], [0.2, 25.0, 0.0, 0.0])
(386873521, [2.0, 0.61, 0.0, 0.67, 0.0, 0.81, 0.0, 2.35, 0.0, 0.0], [0.0, 0.78, 0.0, 0.33, 102.89, 102.87, 0.0, 1.0], [0.2, 25.0, 0.0, 0.0])
(386973504, [2.0, 0.61, 0.0, 0.67, 0.0, 0.81, 0.0, 2.36, 0.0, 0.0], [0.0, 0.79, 0.0, 0.35, 102.89, 102.86, 0.0, 1.0], [0.2, 25.0, 0.0, 0.0])
(387073578, [2.0, 0.61, 0.0, 0.67, 0.0, 0.81, 0.0, 2.36, 0.0, 0.0], [0.0, 0.78, 0.0, 0.33, 102.89, 102.82, 0.0, 1.0], [0.2, 25.0, 0.0, 0.0])
(387173553, [2.0, 0.61, 0.0, 0.67, 0.0, 3.6, 0.0, 2.37, 0.0, 0.0], [0.0, 0.79, 0.0, 0.37, 102.89, 102.74, 0.0, 1.0], [0.2, 25.0, 0.0, 0.0])
(387273553, [2.0, 0.61, 0.0, 0.67, 0.0, 3.6, 0.0, 2.38, 0.0, 0.0], [-0.28, 0.73, 0.32, 0.41, 102.89, 102.62, 0.0, 1.0], [0.2, 25.0, 0.0, 0.0])
(387373580, [2.0, 0.61, 0.0, 0.67, 0.0, 3.6, 0.0, 2.36, 0.0, 0.0], [-1.1, 0.76, 1.3, 0.45, 102.89, 102.48, 0.0, 1.0], [0.2, 25.0, 0.0, 0.0])
(387473540, [2.0, 0.61, 0.0, 0.67, 0.0, 3.6, 0.0, 2.36, 0.0, 0.0], [-1.51, 0.73, 1.78, 0.43, 102.89, 102.41, 0.0, 1.0], [0.2, 25.0, 0.0, 0.0])
(387573523, [2.0, 0.61, 0.0, 0.67, 0.0, 3.6, 0.0, 2.36, 0.0, 0.0], [-1.72, 0.78, 2.01, 0.42, 102.89, 102.24, 0.01, 1.0], [0.2, 25.0, 0.0, 0.0])
(387673738, [2.0, 0.61, 0.0, 0.67, 0.0, 3.6, 0.0, 2.37, 0.0, 0.0], [-1.81, 0.73, 2.14, 0.43, 102.89, 102.08, 0.01, 1.0], [0.2, 25.0, 0.0, 0.0])
(387774136, [2.0, 0.61, 0.0, 0.66, 0.0, 0.89, 0.0, 2.36, 0.0, 0.0], [-2.02, 0.76, 2.03, 0.39, 102.89, 102.02, 0.01, 1.0], [0.2, 25.0, 0.0, 0.0])
(387873700, [2.0, 0.61, 0.0, 0.67, 0.0, 0.89, 0.0, 2.36, 0.0, 0.0], [-2.14, 0.69, 1.96, 0.45, 102.89, 101.7, 0.01, 1.0], [0.2, 25.0, 0.0, 0.0])
(387974232, [2.0, 0.61, 0.0, 0.66, 0.0, 0.88, 0.0, 2.36, 0.0, 0.0], [-2.22, 0.71, 1.91, 0.4, 102.89, 101.27, 0.02, 1.0], [0.2, 25.0, 0.0, 0.0])
(388073721, [2.0, 0.61, 0.0, 0.66, 0.0, 0.89, 0.0, 2.36, 0.0, 0.0], [-2.27, 0.74, 1.87, 0.43, 102.89, 100.86, 0.02, 1.0], [0.2, 25.0, 0.0, 0.0])
(388173554, [2.0, 0.61, 0.0, 0.66, 0.0, 0.88, 0.0, 2.35, 0.0, 0.0], [-2.28, 0.82, 1.86, 0.42, 102.89, 100.28, 0.02, 1.0], [0.2, 25.0, 0.0, 0.0])
(388273624, [2.0, 0.6, 0.0, 0.66, 0.0, 0.88, 0.0, 2.36, 0.0, 0.0], [-2.3, 0.75, 1.85, 0.35, 102.89, 99.48, 0.02, 1.0], [0.2, 25.0, 0.0, 0.0])
(388373502, [2.0, 0.6, 0.0, 0.66, 0.0, 3.6, 0.0, 2.36, 0.0, 0.0], [-2.2, 0.73, 1.95, 0.28, 102.89, 98.53, 0.02, 1.0], [0.2, 25.0, 0.0, 0.0])
(388473645, [2.0, 0.6, 0.0, 0.65, 0.0, 0.91, 0.0, 2.36, 0.0, 0.0], [-2.2, 0.72, 1.95, -0.09, 102.89, 97.57, 0.02, 1.0], [0.2, 25.0, 0.0, 0.0])
(388573572, [2.0, 0.59, 0.0, 0.65, 0.0, 0.92, 0.0, 2.36, 0.0, 0.0], [-2.19, 0.69, 1.97, -0.87, 102.89, 96.48, 0.03, 1.0], [0.2, 25.0, 0.0, 0.0])
(388673601, [2.0, 0.59, 0.0, 0.65, 0.0, 0.91, 0.0, 2.35, 0.0, 0.0], [-2.18, 0.55, 1.99, -1.7, 102.89, 95.09, 0.03, 1.0], [0.2, 25.0, 0.0, 0.0])
(388774155, [2.0, 0.59, 0.0, 0.64, 0.0, 0.95, 0.0, 2.33, 0.0, 0.0], [-2.16, 0.54, 2.01, -2.59, 102.89, 93.89, 0.03, 1.0], [0.2, 25.0, 0.0, 0.0])
(388873560, [2.0, 0.57, 0.0, 0.64, 0.0, 0.98, 0.0, 2.4, 0.0, 0.0], [-2.09, -0.31, 2.08, -3.04, 102.89, 93.03, 0.03, 1.0], [0.2, 25.0, 0.0, 0.0])
(388973630, [2.0, 0.55, 0.0, 0.64, 0.0, 0.99, 0.0, 2.37, 0.0, 0.0], [-2.0, -1.01, 2.17, -3.05, 102.89, 92.57, 0.03, 1.0], [0.2, 25.0, 0.0, 0.0])
(389073551, [2.0, 0.53, 0.0, 0.63, 0.0, 1.01, 0.0, 2.4, 0.0, 0.0], [-1.93, -0.69, 2.23, -2.62, 102.89, 92.39, 0.03, 1.0], [0.2, 25.0, 0.0, 0.0])
(389173742, [2.0, 0.51, 0.0, 0.63, 0.0, 1.05, 0.0, 2.41, 0.0, 0.0], [-1.86, -0.8, 2.29, -2.2, 102.89, 92.55, 0.04, 1.0], [0.2, 25.0, 0.0, 0.0])
(389273686, [2.0, 0.47, 0.0, 0.62, 0.0, 1.05, 0.0, 2.39, 0.0, 0.0], [-1.79, -0.92, 2.37, -1.44, 102.89, 92.85, 0.04, 1.0], [0.2, 25.0, 0.0, 0.0])
(389373675, [2.0, 0.45, 0.0, 0.62, 0.0, 1.09, 0.0, 2.37, 0.0, 0.0], [-1.74, -0.92, 2.43, -0.5, 102.89, 93.26, 0.04, 1.0], [0.2, 25.0, 0.0, 0.0])
(389474321, [2.0, 0.39, 0.0, 0.62, 0.0, 1.09, 0.0, 2.39, 0.0, 0.0], [-1.66, -0.29, 2.49, 0.06, 102.89, 93.71, 0.04, 1.0], [0.2, 25.0, 0.0, 0.0])
(389573638, [2.0, 0.33, 0.0, 0.62, 0.0, 1.17, 0.0, 2.39, 0.0, 0.0], [-1.59, 0.11, 2.54, 0.22, 102.89, 94.29, 0.03, 1.0], [0.2, 25.0, 0.0, 0.0])
(389673788, [2.0, 0.3, 0.0, 0.62, 0.0, 1.23, 0.0, 2.38, 0.0, 0.0], [-1.51, 0.29, 2.59, -0.09, 102.89, 94.9, 0.03, 1.0], [0.2, 25.0, 0.0, 0.0])
(389773652, [2.0, 0.24, 0.0, 0.62, 0.0, 1.26, 0.0, 2.38, 0.0, 0.0], [-1.43, 0.53, 2.64, -0.56, 102.89, 95.45, 0.03, 1.0], [0.2, 25.0, 0.0, 0.0])
(389873589, [2.0, 0.2, 0.0, 0.61, 0.0, 1.26, 0.0, 2.38, 0.0, 0.0], [-1.36, 0.26, 2.68, -3.2, 102.89, 90.54, 0.03, 1.0], [0.2, 25.0, 0.0, 0.0])
(389973585, [2.0, 0.2, 0.0, 0.6, 0.0, 1.38, 0.0, 2.4, 0.0, 0.0], [-1.33, 0.65, 2.7, -5.1, 102.89, 85.1, 0.09, 1.0], [0.2, 25.0, 0.0, 0.0])
(390073915, [2.0, 0.21, 0.0, 0.58, 0.0, 1.38, 0.0, 2.47, 0.0, 0.0], [-1.33, 1.11, 2.7, -5.92, 102.89, 81.44, 0.09, 1.0], [0.2, 25.0, 0.0, 0.0])
(390173568, [2.0, 0.21, 0.0, 0.57, 0.0, 3.6, 0.0, 2.47, 0.0, 0.0], [-1.35, 2.83, 2.68, -7.01, 102.89, 78.98, 0.08, 1.0], [0.2, 25.0, 0.0, 0.0])
(390273880, [2.0, 0.21, 0.0, 0.56, 0.0, 3.6, 0.0, 2.5, 0.0, 0.0], [-1.38, 5.28, 2.67, -8.21, 102.89, 77.13, 0.08, 1.0], [0.2, 25.0, 0.0, 0.0])
(390373592, [2.0, 0.21, 0.0, 0.55, 0.0, 3.6, 0.0, 2.5, 0.0, 0.0], [-1.42, 7.12, 2.65, -9.94, 102.89, 76.15, 0.07, 1.0], [0.2, 25.0, 0.0, 0.0])
(390473550, [2.0, 0.22, 0.0, 0.54, 0.0, 3.6, 0.0, 2.58, 0.0, 0.0], [-1.47, 9.03, 2.62, -12.0, 102.24, 74.89, 0.07, 1.0], [0.2, 25.0, 0.0, 0.0])
(390573573, [2.0, 0.22, 0.0, 0.53, 0.0, 3.6, 0.0, 2.59, 0.0, 0.0], [-1.51, 11.5, 2.6, -13.69, 101.3, 73.58, 0.06, 1.0], [0.2, 25.0, 0.0, 0.0])
(390673608, [2.0, 0.22, 0.0, 0.52, 0.0, 3.6, 0.0, 2.61, 0.0, 0.0], [-1.56, 13.84, 2.57, -15.35, 100.11, 71.92, 0.06, 1.0], [0.21, 25.0, 0.0, 0.0])
(390774699, [2.0, 0.22, 0.0, 0.51, 0.0, 3.6, 0.0, 2.61, 0.0, 0.0], [-1.6, 15.29, 2.54, -15.93, 98.57, 70.11, 0.06, 1.0], [0.22, 25.0, 0.0, 0.0])
(517220639, [2.0, 0.7, 0.0, 0.57, 0.0, 3.6, 0.0, 2.51, 0.0, 0.0], [0.0, 0.72, 0.0, 0.45, 78.65, 78.66, 0.0, 1.0], [0.2, 25.0, 0.0, 0.0])
(517320695, [2.0, 0.7, 0.0, 0.56, 0.0, 3.6, 0.0, 2.45, 0.0, 0.0], [0.0, 0.71, 0.0, 0.45, 78.64, 78.65, 0.0, 1.0], [0.2, 25.0, 0.0, 0.0])
(517420661, [2.0, 0.7, 0.0, 0.56, 0.0, 3.6, 0.0, 2.45, 0.0, 0.0], [0.0, 0.71, 0.0, 0.45, 78.63, 78.64, 0.0, 1.0], [0.2, 25.0, 0.0, 0.0])
(517520629, [2.0, 0.7, 0.0, 0.56, 0.0, 0.66, 0.0, 2.47, 0.0, 0.0], [0.0, 0.71, 0.0, 0.45, 78.62, 78.63, 0.0, 1.0], [0.2, 25.0, 0.0, 0.0])
(517622204, [2.0, 0.7, 0.0, 0.56, 0.0, 0.66, 0.0, 2.44, 0.0, 0.0], [0.0, 0.71, 0.0, 0.45, 78.61, 78.62, 0.0, 1.0], [0.2, 25.0, 0.0, 0.0])
(517760645, [2.0, 0.7, 0.0, 0.56, 0.0, 3.6, 0.0, 2.45, 0.0, 0.0], [0.0, 0.71, 0.0, 0.45, 78.59, 78.6, 0.0, 1.0], [0.2, 25.0, 0.0, 0.0])
(517860612, [2.0, 0.7, 0.0, 0.57, 0.0, 3.6, 0.0, 2.45, 0.0, 0.0], [0.0, 0.71, 0.0, 0.45, 78.58, 78.59, 0.0, 1.0], [0.2, 25.0, 0.0, 0.0])
(517960586, [2.0, 0.7, 0.0, 0.56, 0.0, 3.6, 0.0, 2.43, 0.0, 0.0], [0.0, 0.71, 0.0, 0.45, 78.57, 78.58, 0.0, 1.0], [0.2, 25.0, 0.0, 0.0])
(518060609, [2.0, 0.69, 0.0, 0.57, 0.0, 3.6, 0.0, 2.43, 0.0, 0.0], [0.0, 0.71, 0.0, 0.45, 78.56, 78.57, 0.0, 1.0], [0.2, 25.0, 0.0, 0.0])
(518160726, [2.0, 0.7, 0.0, 0.56, 0.0, 3.6, 0.0, 2.46, 0.0, 0.0], [0.0, 0.71, 0.0, 0.45, 78.55, 78.56, 0.0, 1.0], [0.2, 25.0, 0.0, 0.0])
(518260611, [2.0, 0.7, 0.0, 0.57, 0.0, 3.6, 0.0, 2.49, 0.0, 0.0], [0.0, 0.71, 0.0, 0.45, 78.54, 78.55, 0.0, 1.0], [0.2, 25.0, 0.0, 0.0])
(518360642, [2.0, 0.7, 0.0, 0.56, 0.0, 3.6, 0.0, 2.42, 0.0, 0.0], [0.0, 0.72, 0.0, 0.45, 78.53, 78.54, 0.0, 1.0], [0.2, 25.0, 0.0, 0.0])
(518460672, [2.0, 0.7, 0.0, 0.56, 0.0, 3.6, 0.0, 2.46, 0.0, 0.0], [0.0, 0.72, 0.0, 0.45, 78.52, 78.53, 0.0, 1.0], [0.2, 25.0, 0.0, 0.0])
(518560830, [2.0, 0.7, 0.0, 0.57, 0.0, 3.6, 0.0, 2.46, 0.0, 0.0], [0.0, 0.72, 0.0, 0.44, 78.51, 78.52, 0.0, 1.0], [0.2, 25.0, 0.0, 0.0])
(518660738, [2.0, 0.7, 0.0, 0.56, 0.0, 3.6, 0.0, 2.44, 0.0, 0.0], [0.0, 0.72, 0.0, 0.44, 78.5, 78.51, 0.0, 1.0], [0.2, 25.0, 0.0, 0.0])
(518760766, [2.0, 0.7, 0.0, 0.56, 0.0, 3.6, 0.0, 2.47, 0.0, 0.0], [0.0, 0.72, 0.0, 0.44, 78.49, 78.5, 0.0, 1.0], [0.2, 25.0, 0.0, 0.0])
(518860799, [2.0, 0.7, 0.0, 0.57, 0.0, 3.6, 0.0, 2.46, 0.0, 0.0], [0.0, 0.72, 0.0, 0.44, 78.48, 78.49, 0.0, 1.0], [0.2, 25.0, 0.0, 0.0])
(518960997, [2.0, 0.7, 0.0, 0.56, 0.0, 3.6, 0.0, 2.45, 0.0, 0.0], [0.0, 0.72, 0.0, 0.44, 78.46, 78.47, 0.0, 1.0], [0.2, 25.0, 0.0, 0.0])
(519060653, [2.0, 0.7, 0.0, 0.57, 0.0, 3.6, 0.0, 2.45, 0.0, 0.0], [0.0, 0.72, 0.0, 0.44, 78.45, 78.46, 0.0, 1.0], [0.2, 25.0, 0.0, 0.0])
(519160743, [2.0, 0.7, 0.0, 0.56, 0.0, 3.6, 0.0, 2.43, 0.0, 0.0], [0.0, 0.72, 0.0, 0.44, 78.44, 78.45, 0.0, 1.0], [0.2, 25.0, 0.0, 0.0])
(519260715, [2.0, 0.7, 0.0, 0.56, 0.0, 3.6, 0.0, 2.47, 0.0, 0.0], [0.0, 0.71, 0.0, 0.44, 78.43, 78.44, 0.0, 1.0], [0.2, 25.0, 0.0, 0.0])
(519361136, [2.0, 0.7, 0.0, 0.57, 0.0, 3.6, 0.0, 2.45, 0.0, 0.0], [0.0, 0.71, 0.0, 0.44, 78.42, 78.43, 0.0, 1.0], [0.2, 25.0, 0.0, 0.0])
(519460661, [2.0, 0.7, 0.0, 0.56, 0.0, 3.6, 0.0, 2.47, 0.0, 0.0], [0.0, 0.71, 0.0, 0.44, 78.41, 78.42, 0.0, 1.0], [0.2, 25.0, 0.0, 0.0])
(519560661, [2.0, 0.7, 0.0, 0.57, 0.0, 3.6, 0.0, 2.47, 0.0, 0.0], [0.0, 0.71, 0.0, 0.44, 78.4, 78.41, 0.0, 1.0], [0.2, 25.0, 0.0, 0.0])
(519660719, [2.0, 0.7, 0.0, 0.57, 0.0, 3.6, 0.0, 2.46, 0.0, 0.0], [0.0, 0.71, 0.0, 0.41, 78.4, 78.41, 0.0, 1.0], [0.2, 25.0, 0.0, 0.0])
(519760787, [2.0, 0.7, 0.0, 0.56, 0.0, 3.6, 0.0, 2.46, 0.0, 0.0], [0.0, 0.7, 0.0, 0.42, 78.37, 78.38, 0.0, 1.0], [0.2, 25.0, 0.0, 0.0])
(519860735, [2.0, 0.7, 0.0, 0.57, 0.0, 3.6, 0.0, 2.47, 0.0, 0.0], [0.0, 0.7, 0.0, 0.42, 78.37, 78.38, 0.0, 1.0], [0.2, 25.0, 0.0, 0.0])
(519960655, [2.0, 0.7, 0.0, 0.56, 0.0, 3.6, 0.0, 2.44, 0.0, 0.0], [0.0, 0.71, 0.0, 0.42, 78.35, 78.36, 0.0, 1.0], [0.2, 25.0, 0.0, 0.0])
(520060778, [2.0, 0.7, 0.0, 0.57, 0.0, 3.6, 0.0, 2.46, 0.0, 0.0], [0.0, 0.72, 0.0, 0.41, 78.34, 78.35, 0.0, 1.0], [0.2, 25.0, 0.0, 0.0])
(520161013, [2.0, 0.7, 0.0, 0.57, 0.0, 3.6, 0.0, 2.43, 0.0, 0.0], [0.0, 0.72, 0.0, 0.41, 78.34, 78.35, 0.0, 1.0], [0.2, 25.0, 0.0, 0.0])
(520260919, [2.0, 0.7, 0.0, 0.56, 0.0, 3.6, 0.0, 2.47, 0.0, 0.0], [0.0, 0.72, 0.0, 0.41, 78.32, 78.33, 0.0, 1.0], [0.2, 25.0, 0.0, 0.0])
(520360780, [2.0, 0.7, 0.0, 0.56, 0.0, 3.6, 0.0, 2.47, 0.0, 0.0], [0.0, 0.73, 0.0, 0.4, 78.32, 78.33, 0.0, 1.0], [0.2, 25.0, 0.0, 0.0])
(520460812, [2.0, 0.7, 0.0, 0.57, 0.0, 3.6, 0.0, 2.45, 0.0, 0.0], [0.0, 0.72, 0.0, 0.41, 78.31, 78.32, 0.0, 1.0], [0.2, 25.0, 0.0, 0.0])
(520560906, [2.0, 0.7, 0.0, 0.56, 0.0, 0.69, 0.0, 2.45, 0.0, 0.0], [0.0, 0.73, 0.0, 0.4, 78.31, 78.32, 0.0, 1.0], [0.2, 25.0, 0.0, 0.0])
(520660774, [2.0, 0.7, 0.0, 0.56, 0.0, 0.69, 0.0, 2.44, 0.0, 0.0], [0.0, 0.74, 0.0, 0.4, 78.3, 78.31, 0.0, 1.0], [0.2, 25.0, 0.0, 0.0])
(520762250, [2.0, 0.7, 0.0, 0.56, 0.0, 0.66, 0.0, 2.46, 0.0, 0.0], [0.0, 0.74, 0.0, 0.4, 78.27, 78.28, 0.0, 1.0], [0.2, 25.0, 0.0, 0.0])
(520862043, [2.0, 0.69, 0.0, 0.56, 0.0, 0.66, 0.0, 2.46, 0.0, 0.0], [0.0, 0.74, 0.0, 0.41, 78.27, 78.28, 0.0, 1.0], [0.2, 25.0, 0.0, 0.0])
(520962014, [2.0, 0.7, 0.0, 0.57, 0.0, 3.6, 0.0, 2.44, 0.0, 0.0], [0.0, 0.74, 0.0, 0.41, 78.27, 78.28, 0.0, 1.0], [0.2, 25.0, 0.0, 0.0])
(521061980, [2.0, 0.7, 0.0, 0.56, 0.0, 3.6, 0.0, 2.44, 0.0, 0.0], [0.0, 0.74, 0.0, 0.41, 78.26, 78.27, 0.0, 1.0], [0.2, 25.0, 0.0, 0.0])
(521161950, [2.0, 0.7, 0.0, 0.57, 0.0, 3.6, 0.0, 2.47, 0.0, 0.0], [0.0, 0.75, 0.0, 0.4, 78.24, 78.25, 0.0, 1.0], [0.2, 25.0, 0.0, 0.0])
(521261914, [2.0, 0.7, 0.0, 0.56, 0.0, 3.6, 0.0, 2.46, 0.0, 0.0], [0.0, 0.74, 0.0, 0.4, 78.23, 78.24, 0.0, 1.0], [0.2, 25.0, 0.0, 0.0])
(521362014, [2.0, 0.7, 0.0, 0.57, 0.0, 3.6, 0.0, 2.47, 0.0, 0.0], [0.0, 0.75, 0.0, 0.4, 78.22, 78.23, 0.0, 1.0], [0.2, 25.0, 0.0, 0.0])
(521463050, [2.0, 0.7, 0.0, 0.56, 0.0, 3.6, 0.0, 2.46, 0.0, 0.0], [0.0, 0.75, 0.0, 0.39, 78.22, 78.23, 0.0, 1.0], [0.2, 25.0, 0.0, 0.0])
(521562825, [2.0, 0.7, 0.0, 0.56, 0.0, 3.6, 0.0, 2.45, 0.0, 0.0], [0.0, 0.76, 0.0, 0.4, 78.2, 78.21, 0.0, 1.0], [0.2, 25.0, 0.0, 0.0])
(521663024, [2.0, 0.69, 0.0, 0.56, 0.0, 3.6, 0.0, 2.43, 0.0, 0.0], [0.0, 0.76, 0.0, 0.4, 78.19, 78.21, 0.0, 1.0], [0.2, 25.0, 0.0, 0.0])
(521762829, [2.0, 0.7, 0.0, 0.57, 0.0, 3.6, 0.0, 2.45, 0.0, 0.0], [0.0, 0.76, 0.0, 0.39, 78.21, 78.22, 0.0, 1.0], [0.2, 25.0, 0.0, 0.0])
(521862713, [2.0, 0.7, 0.0, 0.57, 0.0, 3.6, 0.0, 2.46, 0.0, 0.0], [0.0, 0.77, 0.0, 0.39, 78.18, 78.2, 0.0, 1.0], [0.2, 25.0, 0.0, 0.0])
(521962697, [2.0, 0.7, 0.0, 0.56, 0.0, 0.77, 0.0, 2.45, 0.0, 0.0], [0.0, 0.76, 0.0, 0.39, 78.17, 78.18, 0.0, 1.0], [0.2, 25.0, 0.0, 0.0])
(522062778, [2.0, 0.7, 0.0, 0.57, 0.0, 0.77, 0.0, 2.45, 0.0, 0.0], [0.0, 0.76, 0.0, 0.39, 78.17, 78.18, 0.0, 1.0], [0.2, 25.0, 0.0, 0.0])
(522164113, [2.0, 0.7, 0.0, 0.56, 0.0, 3.6, 0.0, 2.46, 0.0, 0.0], [0.0, 0.77, 0.0, 0.39, 78.15, 78.16, 0.0, 1.0], [0.2, 25.0, 0.0, 0.0])
(522264348, [2.0, 0.7, 0.0, 0.57, 0.0, 3.6, 0.0, 2.46, 0.0, 0.0], [0.0, 0.76, 0.0, 0.39, 78.15, 78.16, 0.0, 1.0], [0.2, 25.0, 0.0, 0.0])
(522364102, [2.0, 0.7, 0.0, 0.56, 0.0, 3.6, 0.0, 2.46, 0.0, 0.0], [0.0, 0.76, 0.0, 0.4, 78.11, 78.12, 0.0, 1.0], [0.2, 25.0, 0.0, 0.0])
(522464384, [2.0, 0.7, 0.0, 0.57, 0.0, 3.6, 0.0, 2.43, 0.0, 0.0], [0.0, 0.76, 0.0, 0.38, 78.11, 78.12, 0.0, 1.0], [0.2, 25.0, 0.0, 0.0])
(522564126, [2.0, 0.7, 0.0, 0.56, 0.0, 3.6, 0.0, 2.46, 0.0, 0.0], [0.0, 0.76, 0.0, 0.39, 78.11, 78.13, 0.0, 1.0], [0.2, 25.0, 0.0, 0.0])
(522664284, [2.0, 0.69, 0.0, 0.56, 0.0, 3.6, 0.0, 2.47, 0.0, 0.0], [0.0, 0.77, 0.0, 0.39, 78.08, 78.1, 0.0, 1.0], [0.2, 25.0, 0.0, 0.0])
(522764133, [2.0, 0.7, 0.0, 0.56, 0.0, 3.6, 0.0, 2.47, 0.0, 0.0], [0.0, 0.77, 0.0, 0.38, 78.08, 78.09, 0.0, 1.0], [0.2, 25.0, 0.0, 0.0])
(522864279, [2.0, 0.7, 0.0, 0.56, 0.0, 3.6, 0.0, 2.46, 0.0, 0.0], [0.0, 0.77, 0.0, 0.38, 78.07, 78.08, 0.0, 1.0], [0.2, 25.0, 0.0, 0.0])
(522964206, [2.0, 0.7, 0.0, 0.56, 0.0, 3.6, 0.0, 2.44, 0.0, 0.0], [0.0, 0.77, 0.0, 0.38, 78.06, 78.08, 0.0, 1.0], [0.2, 25.0, 0.0, 0.0])
(523064211, [2.0, 0.7, 0.0, 0.56, 0.0, 3.6, 0.0, 2.45, 0.0, 0.0], [0.0, 0.78, 0.0, 0.38, 78.05, 78.06, 0.0, 1.0], [0.2, 25.0, 0.0, 0.0])
(523164286, [2.0, 0.7, 0.0, 0.56, 0.0, 3.6, 0.0, 2.47, 0.0, 0.0], [0.0, 0.77, 0.0, 0.39, 78.02, 78.03, 0.0, 1.0], [0.2, 25.0, 0.0, 0.0])
(523264210, [2.0, 0.7, 0.0, 0.56, 0.0, 3.6, 0.0, 2.46, 0.0, 0.0], [0.0, 0.77, 0.0, 0.38, 78.04, 78.05, 0.0, 1.0], [0.2, 25.0, 0.0, 0.0])
(523364212, [2.0, 0.7, 0.0, 0.56, 0.0, 3.6, 0.0, 2.45, 0.0, 0.0], [0.0, 0.77, 0.0, 0.39, 78.02, 78.03, 0.0, 1.0], [0.2, 25.0, 0.0, 0.0])
(523464203, [2.0, 0.7, 0.0, 0.57, 0.0, 3.6, 0.0, 2.47, 0.0, 0.0], [0.0, 0.78, 0.0, 0.38, 78.0, 78.01, 0.0, 1.0], [0.2, 25.0, 0.0, 0.0])
(523564357, [2.0, 0.7, 0.0, 0.57, 0.0, 3.6, 0.0, 2.45, 0.0, 0.0], [0.0, 0.78, 0.0, 0.38, 77.99, 78.0, 0.0, 1.0], [0.2, 25.0, 0.0, 0.0])
(523664170, [2.0, 0.7, 0.0, 0.56, 0.0, 3.6, 0.0, 2.45, 0.0, 0.0], [0.0, 0.78, 0.0, 0.38, 77.98, 78.0, 0.0, 1.0], [0.2, 25.0, 0.0, 0.0])
(523764466, [2.0, 0.7, 0.0, 0.57, 0.0, 3.6, 0.0, 2.45, 0.0, 0.0], [0.0, 0.79, 0.0, 0.38, 77.98, 78.0, 0.0, 1.0], [0.2, 25.0, 0.0, 0.0])
(523864141, [2.0, 0.7, 0.0, 0.56, 0.0, 3.6, 0.0, 2.42, 0.0, 0.0], [0.0, 0.78, 0.0, 0.39, 77.96, 77.97, 0.0, 1.0], [0.2, 25.0, 0.0, 0.0])
(523964819, [2.0, 0.7, 0.0, 0.57, 0.0, 3.6, 0.0, 2.45, 0.0, 0.0], [0.0, 0.78, 0.0, 0.38, 77.94, 77.96, 0.0, 1.0], [0.2, 25.0, 0.0, 0.0])
(524064151, [2.0, 0.7, 0.0, 0.56, 0.0, 0.71, 0.0, 2.45, 0.0, 0.0], [0.0, 0.78, 0.0, 0.38, 77.95, 77.96, 0.0, 1.0], [0.2, 25.0, 0.0, 0.0])
(527364300, [2.0, 0.7, 0.0, 0.56, 0.0, 0.71, 0.0, 2.47, 0.0, 0.0], [0.0, 0.79, 0.0, 0.34, 77.63, 77.64, 0.0, 1.0], [0.2, 25.0, 0.0, 0.0])
(527464722, [2.0, 0.7, 0.0, 0.56, 0.0, 0.71, 0.0, 2.46, 0.0, 0.0], [0.0, 0.79, 0.0, 0.33, 77.62, 77.63, 0.0, 1.0], [0.2, 25.0, 0.0, 0.0])
(527564149, [2.0, 0.7, 0.0, 0.56, 0.0, 3.6, 0.0, 2.46, 0.0, 0.0], [0.0, 0.79, 0.0, 0.34, 77.61, 77.62, 0.0, 1.0], [0.2, 25.0, 0.0, 0.0])
(527664621, [2.0, 0.7, 0.0, 0.57, 0.0, 3.6, 0.0, 2.45, 0.0, 0.0], [0.0, 0.79, 0.0, 0.34, 77.6, 77.61, 0.0, 1.0], [0.2, 25.0, 0.0, 0.0])
(527764157, [2.0, 0.7, 0.0, 0.56, 0.0, 3.6, 0.0, 2.45, 0.0, 0.0], [0.0, 0.79, 0.0, 0.34, 77.59, 77.6, 0.0, 1.0], [0.2, 25.0, 0.0, 0.0])
(527864632, [2.0, 0.7, 0.0, 0.56, 0.0, 3.6, 0.0, 2.47, 0.0, 0.0], [0.0, 0.79, 0.0, 0.33, 77.58, 77.59, 0.0, 1.0], [0.2, 25.0, 0.0, 0.0])
(527964192, [2.0, 0.7, 0.0, 0.56, 0.0, 3.6, 0.0, 2.45, 0.0, 0.0], [0.0, 0.79, 0.0, 0.33, 77.57, 77.58, 0.0, 1.0], [0.2, 25.0, 0.0, 0.0])
(528064631, [2.0, 0.7, 0.0, 0.56, 0.0, 3.6, 0.0, 2.47, 0.0, 0.0], [0.0, 0.8, 0.0, 0.33, 77.55, 77.56, 0.0, 1.0], [0.2, 25.0, 0.0, 0.0])
(528164330, [2.0, 0.7, 0.0, 0.56, 0.0, 3.6, 0.0, 2.46, 0.0, 0.0], [0.0, 0.8, 0.0, 0.33, 77.54, 77.55, 0.0, 1.0], [0.2, 25.0, 0.0, 0.0])
(528264211, [2.0, 0.7, 0.0, 0.56, 0.0, 3.6, 0.0, 2.46, 0.0, 0.0], [0.0, 0.79, 0.0, 0.33, 77.53, 77.54, 0.0, 1.0], [0.2, 25.0, 0.0, 0.0])
(528364285, [2.0, 0.7, 0.0, 0.56, 0.0, 3.6, 0.0, 2.45, 0.0, 0.0], [0.0, 0.79, 0.0, 0.33, 77.52, 77.53, 0.0, 1.0], [0.2, 25.0, 0.0, 0.0])
(528464225, [2.0, 0.7, 0.0, 0.56, 0.0, 0.68, 0.0, 2.45, 0.0, 0.0], [0.0, 0.8, 0.0, 0.33, 77.51, 77.52, 0.0, 1.0], [0.2, 25.0, 0.0, 0.0])
(528564275, [2.0, 0.7, 0.0, 0.56, 0.0, 0.68, 0.0, 2.45, 0.0, 0.0], [0.0, 0.8, 0.0, 0.33, 77.49, 77.5, 0.0, 1.0], [0.2, 25.0, 0.0, 0.0])
(528664181, [2.0, 0.7, 0.0, 0.56, 0.0, 3.6, 0.0, 2.42, 0.0, 0.0], [0.0, 0.8, 0.0, 0.33, 77.48, 77.49, 0.0, 1.0], [0.2, 25.0, 0.0, 0.0])
(528764401, [2.0, 0.7, 0.0, 0.56, 0.0, 3.6, 0.0, 2.45, 0.0, 0.0], [0.0, 0.8, 0.0, 0.33, 77.47, 77.48, 0.0, 1.0], [0.2, 25.0, 0.0, 0.0])
(528864210, [2.0, 0.7, 0.0, 0.56, 0.0, 3.6, 0.0, 2.42, 0.0, 0.0], [0.0, 0.81, 0.0, 0.33, 77.46, 77.47, 0.0, 1.0], [0.2, 25.0, 0.0, 0.0])
(528964368, [2.0, 0.7, 0.0, 0.57, 0.0, 3.6, 0.0, 2.42, 0.0, 0.0], [0.0, 0.81, 0.0, 0.33, 77.45, 77.46, 0.0, 1.0], [0.2, 25.0, 0.0, 0.0])
(529064666, [2.0, 0.7, 0.0, 0.57, 0.0, 3.6, 0.0, 2.45, 0.0, 0.0], [0.0, 0.81, 0.0, 0.33, 77.44, 77.45, 0.0, 1.0], [0.2, 25.0, 0.0, 0.0])
(529164387, [2.0, 0.7, 0.0, 0.57, 0.0, 0.66, 0.0, 2.46, 0.0, 0.0], [0.0, 0.81, 0.0, 0.33, 77.42, 77.43, 0.0, 1.0], [0.2, 25.0, 0.0, 0.0])
(529264141, [2.0, 0.7, 0.0, 0.56, 0.0, 0.66, 0.0, 2.46, 0.0, 0.0], [0.0, 0.81, 0.0, 0.33, 77.41, 77.42, 0.0, 1.0], [0.2, 25.0, 0.0, 0.0])
(529364492, [2.0, 0.7, 0.0, 0.56, 0.0, 3.6, 0.0, 2.43, 0.0, 0.0], [0.0, 0.81, 0.0, 0.33, 77.4, 77.41, 0.0, 1.0], [0.2, 25.0, 0.0, 0.0])
(529464099, [2.0, 0.7, 0.0, 0.57, 0.0, 3.6, 0.0, 2.45, 0.0, 0.0], [0.0, 0.81, 0.0, 0.33, 77.39, 77.4, 0.0, 1.0], [0.2, 25.0, 0.0, 0.0])
(529564827, [2.0, 0.7, 0.0, 0.56, 0.0, 3.6, 0.0, 2.45, 0.0, 0.0], [0.0, 0.81, 0.0, 0.33, 77.38, 77.39, 0.0, 1.0], [0.2, 25.0, 0.0, 0.0])
(529664145, [2.0, 0.7, 0.0, 0.57, 0.0, 3.6, 0.0, 2.45, 0.0, 0.0], [0.0, 0.81, 0.0, 0.33, 77.37, 77.38, 0.0, 1.0], [0.2, 25.0, 0.0, 0.0])
(529764794, [2.0, 0.7, 0.0, 0.56, 0.0, 3.6, 0.0, 2.45, 0.0, 0.0], [0.0, 0.81, 0.0, 0.33, 77.38, 77.39, 0.0, 1.0], [0.2, 25.0, 0.0, 0.0])
(529864383, [2.0, 0.7, 0.0, 0.56, 0.0, 3.6, 0.0, 2.45, 0.0, 0.0], [0.0, 0.81, 0.0, 0.33, 77.37, 77.38, 0.0, 1.0], [0.2, 25.0, 0.0, 0.0])
(529964285, [2.0, 0.7, 0.0, 0.56, 0.0, 3.6, 0.0, 2.44, 0.0, 0.0], [0.0, 0.8, 0.0, 0.34, 77.34, 77.35, 0.0, 1.0], [0.2, 25.0, 0.0, 0.0])
(530064221, [2.0, 0.7, 0.0, 0.56, 0.0, 3.6, 0.0, 2.48, 0.0, 0.0], [0.0, 0.81, 0.0, 0.35, 77.32, 77.33, 0.0, 1.0], [0.2, 25.0, 0.0, 0.0])
(530164346, [2.0, 0.7, 0.0, 0.57, 0.0, 3.6, 0.0, 2.44, 0.0, 0.0], [0.0, 0.82, 0.0, 0.35, 77.29, 77.3, 0.0, 1.0], [0.2, 25.0, 0.0, 0.0])
(530264182, [2.0, 0.7, 0.0, 0.56, 0.0, 3.6, 0.0, 2.47, 0.0, 0.0], [0.0, 0.82, 0.0, 0.34, 77.28, 77.29, 0.0, 1.0], [0.2, 25.0, 0.0, 0.0])
(530364181, [2.0, 0.7, 0.0, 0.56, 0.0, 3.6, 0.0, 2.46, 0.0, 0.0], [0.0, 0.83, 0.0, 0.35, 77.26, 77.27, 0.0, 1.0], [0.2, 25.0, 0.0, 0.0])
(530464285, [2.0, 0.7, 0.0, 0.56, 0.0, 3.6, 0.0, 2.46, 0.0, 0.0], [0.0, 0.83, 0.0, 0.35, 77.26, 77.28, 0.0, 1.0], [0.2, 25.0, 0.0, 0.0])
(530564215, [2.0, 0.7, 0.0, 0.56, 0.0, 3.6, 0.0, 2.43, 0.0, 0.0], [0.0, 0.83, 0.0, 0.34, 77.25, 77.26, 0.0, 1.0], [0.2, 25.0, 0.0, 0.0])
(530664308, [2.0, 0.7, 0.0, 0.56, 0.0, 3.6, 0.0, 2.45, 0.0, 0.0], [0.0, 0.83, 0.0, 0.33, 77.24, 77.26, 0.0, 1.0], [0.2, 25.0, 0.0, 0.0])
(530764154, [2.0, 0.7, 0.0, 0.57, 0.0, 3.6, 0.0, 2.44, 0.0, 0.0], [0.0, 0.82, 0.0, 0.33, 77.23, 77.24, 0.0, 1.0], [0.2, 25.0, 0.0, 0.0])
(530864277, [2.0, 0.7, 0.0, 0.56, 0.0, 3.6, 0.0, 2.44, 0.0, 0.0], [0.0, 0.82, 0.0, 0.33, 77.22, 77.23, 0.0, 1.0], [0.2, 25.0, 0.0, 0.0])
(530964121, [2.0, 0.7, 0.0, 0.56, 0.0, 3.6, 0.0, 2.47, 0.0, 0.0], [0.0, 0.83, 0.0, 0.32, 77.23, 77.24, 0.0, 1.0], [0.2, 25.0, 0.0, 0.0])
(531064809, [2.0, 0.7, 0.0, 0.57, 0.0, 3.6, 0.0, 2.44, 0.0, 0.0], [0.0, 0.83, 0.0, 0.33, 77.2, 77.21, 0.0, 1.0], [0.2, 25.0, 0.0, 0.0])
(531164236, [2.0, 0.7, 0.0, 0.56, 0.0, 0.66, 0.0, 2.46, 0.0, 0.0], [0.0, 0.82, 0.0, 0.32, 77.18, 77.2, 0.0, 1.0], [0.2, 25.0, 0.0, 0.0])
(531264804, [2.0, 0.7, 0.0, 0.56, 0.0, 0.66, 0.0, 2.45, 0.0, 0.0], [0.0, 0.82, 0.0, 0.31, 77.19, 77.2, 0.0, 1.0], [0.2, 25.0, 0.0, 0.0])
(531364245, [2.0, 0.7, 0.0, 0.56, 0.0, 3.6, 0.0, 2.46, 0.0, 0.0], [0.0, 0.82, 0.0, 0.33, 77.17, 77.18, 0.0, 1.0], [0.2, 25.0, 0.0, 0.0])
(531464380, [2.0, 0.7, 0.0, 0.56, 0.0, 3.6, 0.0, 2.44, 0.0, 0.0], [0.0, 0.83, 0.0, 0.31, 77.16, 77.17, 0.0, 1.0], [0.2, 25.0, 0.0, 0.0])
(531564190, [2.0, 0.7, 0.0, 0.56, 0.0, 3.6, 0.0, 2.44, 0.0, 0.0], [0.0, 0.82, 0.0, 0.31, 77.14, 77.15, 0.0, 1.0], [0.2, 25.0, 0.0, 0.0])
(531664328, [2.0, 0.7, 0.0, 0.56, 0.0, 3.6, 0.0, 2.45, 0.0, 0.0], [0.0, 0.82, 0.0, 0.31, 77.13, 77.14, 0.0, 1.0], [0.2, 25.0, 0.0, 0.0])
(531764775, [2.0, 0.7, 0.0, 0.57, 0.0, 3.6, 0.0, 2.44, 0.0, 0.0], [0.0, 0.83, 0.0, 0.31, 77.12, 77.13, 0.0, 1.0], [0.2, 25.0, 0.0, 0.0])
(531864747, [2.0, 0.7, 0.0, 0.57, 0.0, 3.6, 0.0, 2.44, 0.0, 0.0], [0.0, 0.82, 0.0, 0.32, 77.1, 77.11, 0.0, 1.0], [0.2, 25.0, 0.0, 0.0])
(531964128, [2.0, 0.7, 0.0, 0.57, 0.0, 3.6, 0.0, 2.44, 0.0, 0.0], [0.0, 0.83, 0.0, 0.32, 77.09, 77.1, 0.0, 1.0], [0.2, 25.0, 0.0, 0.0])
(532064673, [2.0, 0.7, 0.0, 0.56, 0.0, 3.6, 0.0, 2.44, 0.0, 0.0], [0.0, 0.82, 0.0, 0.32, 77.08, 77.09, 0.0, 1.0], [0.2, 25.0, 0.0, 0.0])
(532164132, [2.0, 0.7, 0.0, 0.56, 0.0, 0.68, 0.0, 2.44, 0.0, 0.0], [0.0, 0.82, 0.0, 0.31, 77.08, 77.09, 0.0, 1.0], [0.2, 25.0, 0.0, 0.0])
(532264792, [2.0, 0.7, 0.0, 0.57, 0.0, 0.68, 0.0, 2.46, 0.0, 0.0], [0.0, 0.83, 0.0, 0.32, 77.06, 77.08, 0.0, 1.0], [0.2, 25.0, 0.0, 0.0])
(532364124, [2.0, 0.7, 0.0, 0.56, 0.0, 3.6, 0.0, 2.47, 0.0, 0.0], [0.0, 0.83, 0.0, 0.32, 77.06, 77.07, 0.0, 1.0], [0.2, 25.0, 0.0, 0.0])
(532465481, [2.0, 0.7, 0.0, 0.56, 0.0, 3.6, 0.0, 2.44, 0.0, 0.0], [0.0, 0.81, 0.0, 0.33, 77.06, 77.04, 0.0, 1.0], [0.2, 25.0, 0.0, 0.0])
(532564195, [2.0, 0.7, 0.0, 0.56, 0.0, 3.6, 0.0, 2.43, 0.0, 0.0], [0.0, 0.83, 0.0, 0.35, 77.06, 77.01, 0.0, 1.0], [0.2, 25.0, 0.0, 0.0])
(532665200, [2.0, 0.7, 0.0, 0.57, 0.0, 3.6, 0.0, 2.46, 0.0, 0.0], [0.0, 0.82, 0.0, 0.39, 77.06, 76.96, 0.0, 1.0], [0.2, 25.0, 0.0, 0.0])
(532764321, [2.0, 0.7, 0.0, 0.56, 0.0, 3.6, 0.0, 2.46, 0.0, 0.0], [0.0, 0.82, 0.0, 0.39, 77.06, 76.89, 0.0, 1.0], [0.2, 25.0, 0.0, 0.0])
(532864336, [2.0, 0.7, 0.0, 0.57, 0.0, 3.6, 0.0, 2.44, 0.0, 0.0], [0.0, 0.82, 0.0, 0.43, 77.06, 76.63, 0.0, 1.0], [0.2, 25.0, 0.0, 0.0])
(532964327, [2.0, 0.7, 0.0, 0.56, 0.0, 3.6, 0.0, 2.47, 0.0, 0.0], [-0.96, 0.78, 0.69, 0.48, 77.06, 76.2, 0.0, 1.0], [0.2, 25.0, 0.0, 0.0])
(533064185, [2.0, 0.7, 0.0, 0.56, 0.0, 0.71, 0.0, 2.45, 0.0, 0.0], [-1.95, 0.81, 0.49, 0.45, 77.06, 75.83, 0.0, 1.0], [0.2, 25.0, 0.0, 0.0])
(533164243, [2.0, 0.7, 0.0, 0.56, 0.0, 0.71, 0.0, 2.44, 0.0, 0.0], [-2.46, 0.77, 0.29, 0.42, 77.06, 75.5, 0.01, 1.0], [0.2, 25.0, 0.0, 0.0])
(533264164, [2.0, 0.69, 0.0, 0.56, 0.0, 3.6, 0.0, 2.43, 0.0, 0.0], [-2.47, 0.79, 0.92, 0.5, 77.06, 75.19, 0.01, 1.0], [0.2, 25.0, 0.0, 0.0])
(533364429, [2.0, 0.69, 0.0, 0.56, 0.0, 3.6, 0.0, 2.43, 0.0, 0.0], [-2.46, 0.81, 1.33, 0.4, 77.06, 74.9, 0.01, 1.0], [0.2, 25.0, 0.0, 0.0])
(533464702, [2.0, 0.69, 0.0, 0.56, 0.0, 3.6, 0.0, 2.46, 0.0, 0.0], [-2.44, 0.78, 1.54, 0.44, 77.06, 74.6, 0.01, 1.0], [0.2, 25.0, 0.0, 0.0])
(533564333, [2.0, 0.69, 0.0, 0.56, 0.0, 3.6, 0.0, 2.46, 0.0, 0.0], [-2.43, 0.84, 1.65, 0.52, 77.06, 74.25, 0.01, 1.0], [0.2, 25.0, 0.0, 0.0])
(533664172, [2.0, 0.69, 0.0, 0.56, 0.0, 3.6, 0.0, 2.47, 0.0, 0.0], [-2.42, 0.72, 1.7, 0.43, 77.06, 73.93, 0.01, 1.0], [0.2, 25.0, 0.0, 0.0])
(533764875, [2.0, 0.69, 0.0, 0.56, 0.0, 3.6, 0.0, 2.47, 0.0, 0.0], [-2.42, 0.81, 1.73, 0.42, 77.06, 73.49, 0.02, 1.0], [0.2, 25.0, 0.0, 0.0])
(533864213, [2.0, 0.7, 0.0, 0.56, 0.0, 3.6, 0.0, 2.45, 0.0, 0.0], [-2.42, 0.86, 1.73, 0.54, 77.06, 72.96, 0.02, 1.0], [0.2, 25.0, 0.0, 0.0])
(533964299, [2.0, 0.69, 0.0, 0.56, 0.0, 3.6, 0.0, 2.43, 0.0, 0.0], [-2.42, 0.8, 1.74, 0.42, 77.06, 72.31, 0.02, 1.0], [0.2, 25.0, 0.0, 0.0])
(534064741, [2.0, 0.69, 0.0, 0.56, 0.0, 3.6, 0.0, 2.43, 0.0, 0.0], [-2.42, 0.85, 1.75, 0.49, 77.06, 71.36, 0.02, 1.0], [0.2, 25.0, 0.0, 0.0])
(534164740, [2.0, 0.69, 0.0, 0.55, 0.0, 0.77, 0.0, 2.4, 0.0, 0.0], [-2.42, 0.75, 1.75, 0.29, 77.06, 70.37, 0.02, 1.0], [0.2, 25.0, 0.0, 0.0])
(534266689, [2.0, 0.69, 0.0, 0.56, 0.0, 0.77, 0.0, 2.4, 0.0, 0.0], [-2.67, 0.79, 1.16, -0.3, 77.06, 69.29, 0.02, 1.0], [0.2, 25.0, 0.0, 0.0])
(534365845, [2.0, 0.68, 0.0, 0.55, 0.0, 3.6, 0.0, 2.43, 0.0, 0.0], [-2.77, 0.76, 0.91, -1.1, 77.06, 68.16, 0.02, 1.0], [0.2, 25.0, 0.0, 0.0])
(534464709, [2.0, 0.68, 0.0, 0.56, 0.0, 3.6, 0.0, 2.43, 0.0, 0.0], [-2.58, 0.66, 1.35, -2.04, 77.06, 67.26, 0.02, 1.0], [0.2, 25.0, 0.0, 0.0])
(534564815, [2.0, 0.67, 0.0, 0.56, 0.0, 3.6, 0.0, 3.6, 0.0, 0.0], [-2.48, 0.09, 1.58, -2.86, 77.06, 66.86, 0.02, 1.0], [0.2, 25.0, 0.0, 0.0])
(534665652, [2.0, 0.66, 0.0, 0.56, 0.0, 3.6, 0.0, 2.3, 0.0, 0.0], [-2.41, -0.68, 1.71, -3.14, 77.06, 66.9, 0.02, 1.0], [0.2, 25.0, 0.0, 0.0])
(534765221, [2.0, 0.64, 0.0, 0.55, 0.0, 3.6, 0.0, 2.3, 0.0, 0.0], [-2.37, -0.84, 1.8, -2.9, 77.06, 67.18, 0.03, 1.0], [0.2, 25.0, 0.0, 0.0])
(534864723, [2.0, 0.62, 0.0, 0.55, 0.0, 3.6, 0.0, 3.6, 0.0, 0.0], [-2.32, -1.32, 1.87, -2.51, 77.06, 67.51, 0.03, 1.0], [0.2, 25.0, 0.0, 0.0])
(534964719, [2.0, 0.58, 0.0, 0.55, 0.0, 3.6, 0.0, 3.6, 0.0, 0.0], [-2.26, -1.6, 1.95, -2.01, 77.06, 67.87, 0.03, 1.0], [0.2, 25.0, 0.0, 0.0])
(535064719, [2.0, 0.56, 0.0, 0.56, 0.0, 3.6, 0.0, 3.6, 0.0, 0.0], [-2.18, -1.51, 2.04, -1.5, 77.06, 68.19, 0.03, 1.0], [0.2, 25.0, 0.0, 0.0])
(535165060, [2.0, 0.51, 0.0, 0.56, 0.0, 3.6, 0.0, 3.6, 0.0, 0.0], [-2.1, -1.3, 2.12, -0.93, 77.06, 68.65, 0.03, 1.0], [0.2, 25.0, 0.0, 0.0])
(535264864, [2.0, 0.45, 0.0, 0.57, 0.0, 3.6, 0.0, 3.6, 0.0, 0.0], [-2.0, -1.09, 2.2, -0.62, 77.06, 68.98, 0.03, 1.0], [0.2, 25.0, 0.0, 0.0])
(535365067, [2.0, 0.42, 0.0, 0.58, 0.0, 3.6, 0.0, 2.42, 0.0, 0.0], [-1.89, -0.79, 2.28, -0.4, 77.06, 69.44, 0.03, 1.0], [0.2, 25.0, 0.0, 0.0])
(535465448, [2.0, 0.36, 0.0, 0.59, 0.0, 3.6, 0.0, 2.46, 0.0, 0.0], [-1.78, 0.02, 2.36, -0.32, 77.06, 70.0, 0.03, 1.0], [0.2, 25.0, 0.0, 0.0])
(535564844, [2.0, 0.32, 0.0, 0.6, 0.0, 3.6, 0.0, 2.43, 0.0, 0.0], [-1.66, 0.66, 2.44, -0.78, 77.06, 70.41, 0.03, 1.0], [0.2, 25.0, 0.0, 0.0])
(535664945, [2.0, 0.24, 0.0, 0.62, 0.0, 3.6, 0.0, 2.43, 0.0, 0.0], [-1.54, 1.18, 2.51, -1.15, 77.06, 70.67, 0.03, 1.0], [0.2, 25.0, 0.0, 0.0])
(535764869, [2.0, 0.2, 0.0, 0.62, 0.0, 3.6, 0.0, 2.41, 0.0, 0.0], [-1.41, 2.31, 2.59, -3.81, 77.06, 70.69, 0.08, 1.0], [0.2, 25.0, 0.0, 0.0])
(535865441, [2.0, 0.2, 0.0, 0.63, 0.0, 3.6, 0.0, 2.39, 0.0, 0.0], [-1.33, 2.71, 2.63, -4.55, 77.06, 67.45, 0.08, 1.0], [0.2, 25.0, 0.0, 0.0])
(535964708, [2.0, 0.2, 0.0, 0.63, 0.0, 3.6, 0.0, 2.39, 0.0, 0.0], [-1.27, 2.81, 2.66, -4.62, 77.06, 65.97, 0.07, 1.0], [0.2, 25.0, 0.0, 0.0])
(536064840, [2.0, 0.2, 0.0, 0.63, 0.0, 3.6, 0.0, 2.43, 0.0, 0.0], [-1.25, 3.93, 2.67, -5.84, 77.06, 65.78, 0.07, 1.0], [0.2, 25.0, 0.0, 0.0])
(536164724, [2.0, 0.2, 0.0, 0.63, 0.0, 3.6, 0.0, 2.45, 0.0, 0.0], [-1.24, 5.52, 2.68, -7.39, 77.06, 65.76, 0.06, 1.0], [0.2, 25.0, 0.0, 0.0])
(536264884, [2.0, 0.2, 0.0, 0.62, 0.0, 3.6, 0.0, 2.45, 0.0, 0.0], [-1.24, 6.97, 2.68, -9.27, 77.06, 65.34, 0.06, 1.0], [0.2, 25.0, 0.0, 0.0])
(536365302, [2.0, 0.2, 0.0, 0.61, 0.0, 3.6, 0.0, 2.45, 0.0, 0.0], [-1.25, 8.16, 2.67, -11.93, 77.06, 64.6, 0.05, 1.0], [0.21, 25.0, 0.0, 0.0])
(536465996, [2.0, 0.2, 0.0, 0.6, 0.0, 3.6, 0.0, 2.45, 0.0, 0.0], [-1.27, 10.05, 2.67, -14.7, 77.06, 63.2, 0.05, 1.0], [0.22, 25.0, 0.0, 0.0])
(536565322, [2.0, 0.19, 0.0, 0.6, 0.0, 3.6, 0.0, 2.48, 0.0, 0.0], [-1.28, 12.13, 2.66, -17.73, 77.06, 61.72, 0.05, 1.0], [0.24, 25.0, 0.0, 0.0])
(536665852, [2.0, 0.19, 0.0, 0.59, 0.0, 3.6, 0.0, 2.47, 0.0, 0.0], [-1.29, 14.41, 2.66, -20.15, 77.06, 60.61, 0.05, 1.0], [0.25, 25.0, 0.0, 0.0])
(536765750, [2.0, 0.19, 0.0, 0.59, 0.0, 3.6, 0.0, 2.5, 0.0, 0.0], [-1.3, 15.01, 2.65, -20.98, 77.06, 60.96, 0.05, 1.0], [0.26, 25.0, 0.0, 0.0])
(536865368, [2.0, 0.18, 0.0, 0.57, 0.0, 3.6, 0.0, 2.49, 0.0, 0.0], [-1.32, 15.13, 2.64, -20.51, 77.06, 63.37, 0.05, 1.0], [0.26, 25.0, 0.0, 0.0])
(536965365, [2.0, 0.18, 0.0, 0.55, 0.0, 3.6, 0.0, 2.49, 0.0, 0.0], [-1.35, 13.04, 2.62, -18.63, 77.06, 67.08, 0.05, 1.0], [0.25, 25.0, 0.0, 0.0])
(537066617, [2.0, 0.17, 0.0, 0.51, 0.0, 3.6, 0.0, 2.46, 0.0, 0.0], [-1.4, 12.86, 2.6, -17.79, 77.06, 68.17, 0.05, 1.0], [0.25, 25.0, 0.0, 0.0])
(537166636, [2.0, 0.18, 0.0, 0.49, 0.0, 3.6, 0.0, 2.47, 0.0, 0.0], [-1.48, 12.47, 2.56, -17.96, 77.06, 66.86, 0.05, 1.0], [0.24, 25.0, 0.0, 0.0])
(537267275, [2.0, 0.18, 0.0, 0.46, 0.0, 3.6, 0.0, 2.47, 0.0, 0.0], [-1.56, 12.03, 2.53, -17.92, 77.06, 64.55, 0.05, 1.0], [0.25, 25.0, 0.0, 0.0])
(537368364, [2.0, 0.18, 0.0, 0.45, 0.0, 3.6, 0.0, 2.55, 0.0, 0.0], [-1.62, 11.34, 2.49, -16.03, 77.06, 61.8, 0.05, 1.0], [0.24, 25.0, 0.0, 0.0])
(537467313, [2.0, 0.19, 0.0, 0.42, 0.0, 3.6, 0.0, 2.55, 0.0, 0.0], [-1.69, 9.42, 2.46, -13.41, 77.06, 57.92, 0.05, 1.0], [0.23, 25.0, 0.0, 0.0])
(537567203, [2.0, 0.22, 0.0, 0.41, 0.0, 3.6, 0.0, 3.6, 0.0, 0.0], [-1.74, 6.69, 2.42, -8.99, 77.06, 55.28, 0.05, 1.0], [0.22, 25.0, 0.0, 0.0])
(537667188, [2.0, 0.22, 0.0, 0.4, 0.0, 1.02, 0.0, 3.6, 0.0, 0.0], [-1.79, 4.4, 2.39, -4.33, 77.06, 52.73, 0.05, 1.0], [0.2, 25.0, 0.0, 0.0])
(537767153, [2.0, 0.24, 0.0, 0.38, 0.0, 1.02, 0.0, 3.6, 0.0, 0.0], [-1.85, 1.37, 2.34, 0.1, 76.66, 50.01, 0.04, 1.0], [0.2, 25.0, 0.0, 0.0])
(537867479, [2.0, 0.25, 0.0, 0.37, 0.0, 0.7, 0.0, 3.6, 0.0, 0.0], [-2.0, -2.31, 2.21, 5.49, 75.31, 48.42, 0.04, 1.0], [0.2, 25.0, 0.0, 0.0])
(537967150, [2.0, 0.28, 0.0, 0.36, 0.0, 0.65, 0.0, 3.6, 0.0, 0.0], [-2.27, -5.25, 1.9, 8.24, 75.16, 48.07, 0.04, 1.0], [0.2, 25.0, 0.0, 0.0])
(538067144, [2.0, 0.3, 0.0, 0.29, 0.0, 0.58, 0.0, 1.95, 0.0, 0.0], [-2.51, -6.17, 1.57, 8.85, 75.16, 48.83, 0.04, 1.0], [0.2, 25.0, 0.0, 0.0])
(538167257, [2.0, 0.34, 0.0, 0.26, 0.0, 0.56, 0.0, 1.95, 0.0, 0.0], [-2.69, -7.16, 1.25, 8.78, 75.16, 49.92, 0.06, 1.0], [0.2, 25.0, 0.0, 0.0])
(538267208, [2.0, 0.38, 0.0, 0.26, 0.0, 0.53, 0.0, 3.6, 0.0, 0.0], [-2.81, -6.77, 0.97, 8.44, 75.16, 48.23, 0.06, 1.0], [0.22, 25.0, 0.0, 0.0])
(538367220, [2.0, 0.46, 0.0, 0.26, 0.0, 0.52, 0.0, 3.6, 0.0, 0.0], [-2.91, -6.51, 0.65, 7.54, 75.16, 48.33, 0.07, 1.0], [0.23, 25.0, 0.0, 0.0])
(538467197, [2.0, 0.51, 0.0, 0.27, 0.0, 0.53, 0.0, 3.6, 0.0, 0.0], [-2.96, -6.36, 0.4, 6.35, 75.16, 49.84, 0.07, 1.0], [0.24, 25.0, 0.0, 0.0])
(538567727, [2.0, 0.6, 0.0, 0.27, 0.0, 0.59, 0.0, 3.6, 0.0, 0.0], [-2.99, -6.97, 0.21, 5.57, 75.16, 52.36, 0.08, 1.0], [0.26, 25.0, 0.0, 0.0])
(538667333, [2.0, 0.65, 0.0, 0.28, 0.0, 0.61, 0.0, 1.62, 0.0, 0.0], [-3.01, -7.52, 0.02, 5.5, 75.16, 55.45, 0.08, 1.0], [0.27, 25.0, 0.0, 0.0])
(538767464, [2.0, 0.77, 0.0, 0.3, 0.0, 0.61, 0.0, 1.57, 0.0, 0.0], [-3.0, -7.63, -0.22, 4.97, 75.16, 58.77, 0.08, 1.0], [0.29, 25.0, 0.0, 0.0])
(538867181, [2.0, 0.83, 0.0, 0.32, 0.0, 3.6, 0.0, 1.5, 0.0, 0.0], [-2.97, -7.77, -0.16, 4.72, 75.16, 61.83, 0.08, 1.0], [0.31, 25.0, 0.0, 0.0])
(538967211, [2.0, 0.97, 0.0, 0.36, 0.0, 3.6, 0.0, 1.36, 0.0, 0.0], [-2.98, -7.76, 0.13, 4.99, 75.16, 64.34, 0.09, 1.0], [0.32, 25.0, 0.0, 0.0])
(539067186, [2.0, 1.04, 0.0, 0.39, 0.0, 3.6, 0.0, 1.36, 0.0, 0.0], [-3.0, -7.8, 0.11, 4.77, 75.16, 67.13, 0.09, 1.0], [0.34, 25.0, 0.0, 0.0])
(539167133, [2.0, 1.19, 0.0, 0.49, 0.0, 3.6, 0.0, 3.6, 0.0, 0.0], [-3.01, -26.36, 0.07, 18.25, 75.16, 69.78, 0.13, 1.0], [0.36, 25.0, 0.0, 0.0])
(539267295, [2.0, 1.19, 0.0, 0.49, 0.0, 0.17, 0.0, 3.6, 0.0, 0.0], [-2.69, -52.79, -0.48, 31.31, 75.16, 41.98, 0.13, 1.0], [0.37, 25.0, 0.0, 0.0])
(539367184, [2.0, 0.04, 0.0, 0.1, 0.0, 0.02, 0.0, 3.6, 0.0, 0.0], [-1.43, -68.44, -2.19, 29.65, 41.77, 350.69, 0.17, 1.0], [1.62, 25.0, 0.0, 0.0])
(539467134, [2.0, 0.0, 0.0, 0.14, 0.0, 0.02, 0.0, 0.0, 0.0, 0.0], [-0.62, -34.65, -1.24, 24.65, 23.01, 351.13, 0.17, 1.0], [1.47, 25.0, 0.0, 0.0])
(539567277, [2.0, 0.03, 0.0, 0.14, 0.0, 0.05, 0.0, 0.02, 0.0, 0.0], [1.18, -18.23, -0.5, 24.54, 23.01, 16.3, 0.24, 1.0], [7.65, 25.0, 0.0, 0.0])
(539667680, [2.0, 0.0, 0.0, 3.6, 0.0, 0.06, 0.0, 0.02, 0.0, 0.0], [2.08, -21.51, -0.12, 12.04, 23.01, 32.29, 0.24, 1.0], [0.2, 25.0, 0.0, 0.0])
(539767214, [2.0, 3.6, 0.0, 0.94, 0.0, 0.06, 0.0, 0.06, 0.0, 0.0], [2.4, 7.01, -0.24, -9.66, 23.01, 38.6, 0.25, 1.0], [0.2, 25.0, 0.0, 0.0])
(539867351, [2.0, 3.6, 0.0, 0.94, 0.0, 0.1, 0.0, 0.07, 0.0, 0.0], [2.21, 4.99, -1.2, -0.68, 23.01, 35.02, 0.25, 1.0], [0.2, 25.0, 0.0, 0.0])
(539967242, [2.0, 3.6, 0.0, 0.75, 0.0, 0.09, 0.0, 0.16, 0.0, 0.0], [1.98, -4.78, -1.79, 23.66, 23.01, 26.08, 0.25, 1.0], [0.2, 25.0, 0.0, 0.0])
(540069702, [2.0, 3.6, 0.0, 0.76, 0.0, 0.09, 0.0, 0.16, 0.0, 0.0], [1.82, 3.96, -2.14, 30.92, 23.01, 22.34, 0.25, 1.0], [0.2, 25.0, 0.0, 0.0])
(540169093, [2.0, 3.6, 0.0, 0.75, 0.0, 0.33, 0.0, 0.12, 0.0, 0.0], [1.94, -4.99, -2.15, 33.36, 23.01, 21.2, 0.25, 1.0], [0.33, 25.0, 0.0, 0.0])
(540272926, [2.0, 3.6, 0.0, 0.48, 0.0, 0.3, 0.0, 0.12, 0.0, 0.0], [1.99, -3.91, -2.17, 24.37, 23.01, 34.53, 0.25, 1.0], [7.65, 25.0, 0.0, 0.0])
(540371044, [2.0, 3.6, 0.0, 0.42, 0.0, 0.31, 0.0, 0.28, 0.0, 0.0], [1.3, -4.09, -2.56, 9.03, 24.84, 51.4, 0.23, 1.0], [0.2, 25.0, 0.0, 0.0])
(540471531, [2.0, 3.6, 0.0, 0.28, 0.0, 0.14, 0.0, 0.28, 0.0, 0.0], [0.25, -4.45, -2.88, 3.37, 38.7, 65.24, 0.23, 1.0], [0.2, 25.0, 0.0, 0.0])
(540571070, [2.0, 1.45, 0.0, 0.28, 0.0, 0.16, 0.0, 0.42, 0.0, 0.0], [-0.23, -1.58, -2.91, 3.75, 43.02, 63.85, 0.24, 1.0], [0.2, 25.0, 0.0, 0.0])
(540673116, [2.0, 1.48, 0.0, 0.3, 0.0, 0.07, 0.0, 0.42, 0.0, 0.0], [-0.36, -2.1, -2.92, 3.4, 43.02, 53.28, 0.24, 1.0], [0.2, 25.0, 0.0, 0.0])
(540773095, [2.0, 1.63, 0.0, 0.3, 0.0, 0.03, 0.0, 3.6, 0.0, 0.0], [-1.05, -2.9, -2.66, 8.37, 43.02, 47.38, 0.22, 1.0], [0.2, 25.0, 0.0, 0.0])
(540873081, [2.0, 1.63, 0.0, 0.09, 0.0, 0.04, 0.0, 3.6, 0.0, 0.0], [-1.58, -1.74, -2.39, 16.7, 43.02, 45.07, 0.22, 1.0], [0.2, 25.0, 0.0, 0.0])
(540973227, [2.0, 0.18, 0.0, 0.06, 0.0, 0.04, 0.0, 3.6, 0.0, 0.0], [-2.02, -1.48, -1.93, 25.84, 43.02, 45.25, 0.19, 1.0], [0.2, 25.0, 0.0, 0.0])
(541073084, [2.0, 0.18, 0.0, 0.07, 0.0, 0.08, 0.0, 0.22, 0.0, 0.0], [-2.47, -1.37, -1.16, 32.96, 43.02, 44.14, 0.19, 1.0], [7.65, 25.0, 0.0, 0.0])
(541174118, [2.0, 0.18, 0.0, 0.07, 0.0, 0.09, 0.0, 0.22, 0.0, 0.0], [-2.46, -1.39, -1.44, 35.47, 43.02, 43.4, 0.17, 1.0], [1.66, 25.0, 0.0, 0.0])
(541273389, [2.0, 0.18, 0.0, 0.07, 0.0, 0.09, 0.0, 0.08, 0.0, 0.0], [-2.32, -1.41, -1.64, 35.12, 43.02, 43.35, 0.17, 1.0], [7.65, 25.0, 0.0, 0.0])
(541373611, [2.0, 0.18, 0.0, 0.04, 0.0, 0.09, 0.0, 0.05, 0.0, 0.0], [-1.13, -1.49, -2.33, 29.2, 43.02, 40.01, 0.16, 1.0], [7.65, 25.0, 0.0, 0.0])
(541473214, [2.0, 0.17, 0.0, 0.04, 0.0, 0.07, 0.0, 0.05, 0.0, 0.0], [-0.7, -0.7, -2.67, 24.31, 43.02, 40.76, 0.16, 1.0], [0.2, 25.0, 0.0, 0.0])
(622965432, [2.0, 0.58, 0.0, 0.45, 0.0, 3.6, 0.0, 2.6, 0.0, 0.0], [0.0, 0.41, 0.0, 0.57, 70.86, 70.86, 0.0, 1.0], [0.2, 25.0, 0.0, 0.0])
(623064908, [2.0, 0.58, 0.0, 0.45, 0.0, 1.3, 0.0, 2.56, 0.0, 0.0], [0.0, 0.41, 0.0, 0.57, 70.85, 70.86, 0.0, 1.0], [0.2, 25.0, 0.0, 0.0])
(623164819, [2.0, 0.58, 0.0, 0.45, 0.0, 3.6, 0.0, 2.57, 0.0, 0.0], [0.0, 0.41, 0.0, 0.57, 70.85, 70.85, 0.0, 1.0], [0.2, 25.0, 0.0, 0.0])
(623264838, [2.0, 0.58, 0.0, 0.45, 0.0, 3.6, 0.0, 2.58, 0.0, 0.0], [0.0, 0.41, 0.0, 0.57, 70.84, 70.85, 0.0, 1.0], [0.2, 25.0, 0.0, 0.0])
(623364911, [2.0, 0.58, 0.0, 0.45, 0.0, 3.6, 0.0, 2.59, 0.0, 0.0], [0.0, 0.41, 0.0, 0.57, 70.83, 70.84, 0.0, 1.0], [0.2, 25.0, 0.0, 0.0])
(623464901, [2.0, 0.58, 0.0, 0.45, 0.0, 3.6, 0.0, 2.56, 0.0, 0.0], [0.0, 0.41, 0.0, 0.57, 70.83, 70.84, 0.0, 1.0], [0.2, 25.0, 0.0, 0.0])
(623564843, [2.0, 0.58, 0.0, 0.45, 0.0, 3.6, 0.0, 2.57, 0.0, 0.0], [0.0, 0.42, 0.0, 0.58, 70.82, 70.83, 0.0, 1.0], [0.2, 25.0, 0.0, 0.0])
(623665021, [2.0, 0.58, 0.0, 0.45, 0.0, 3.6, 0.0, 2.57, 0.0, 0.0], [0.0, 0.42, 0.0, 0.58, 70.82, 70.82, 0.0, 1.0], [0.2, 25.0, 0.0, 0.0])
(623764947, [2.0, 0.58, 0.0, 0.45, 0.0, 3.6, 0.0, 2.57, 0.0, 0.0], [0.0, 0.42, 0.0, 0.58, 70.81, 70.82, 0.0, 1.0], [0.2, 25.0, 0.0, 0.0])
(623864873, [2.0, 0.58, 0.0, 0.44, 0.0, 3.6, 0.0, 2.57, 0.0, 0.0], [0.0, 0.42, 0.0, 0.59, 70.81, 70.81, 0.0, 1.0], [0.2, 25.0, 0.0, 0.0])
(623964832, [2.0, 0.58, 0.0, 0.45, 0.0, 3.6, 0.0, 2.6, 0.0, 0.0], [0.0, 0.42, 0.0, 0.59, 70.8, 70.8, 0.0, 1.0], [0.2, 25.0, 0.0, 0.0])
(624064811, [2.0, 0.58, 0.0, 0.45, 0.0, 3.6, 0.0, 2.56, 0.0, 0.0], [0.0, 0.42, 0.0, 0.6, 70.79, 70.8, 0.0, 1.0], [0.2, 25.0, 0.0, 0.0])
(624165010, [2.0, 0.58, 0.0, 0.45, 0.0, 3.6, 0.0, 2.56, 0.0, 0.0], [0.0, 0.42, 0.0, 0.6, 70.78, 70.79, 0.0, 1.0], [0.2, 25.0, 0.0, 0.0])
(624264944, [2.0, 0.58, 0.0, 0.45, 0.0, 3.6, 0.0, 2.58, 0.0, 0.0], [0.0, 0.42, 0.0, 0.61, 70.77, 70.78, 0.0, 1.0], [0.2, 25.0, 0.0, 0.0])
(624365930, [2.0, 0.58, 0.0, 0.45, 0.0, 3.6, 0.0, 2.56, 0.0, 0.0], [0.0, 0.42, 0.0, 0.61, 70.77, 70.77, 0.0, 1.0], [0.2, 25.0, 0.0, 0.0])
(624466066, [2.0, 0.58, 0.0, 0.45, 0.0, 3.6, 0.0, 2.6, 0.0, 0.0], [0.0, 0.42, 0.0, 0.61, 70.76, 70.77, 0.0, 1.0], [0.2, 25.0, 0.0, 0.0])
(624565754, [2.0, 0.58, 0.0, 0.45, 0.0, 3.6, 0.0, 2.54, 0.0, 0.0], [0.0, 0.42, 0.0, 0.62, 70.75, 70.76, 0.0, 1.0], [0.2, 25.0, 0.0, 0.0])
(624665890, [2.0, 0.58, 0.0, 0.45, 0.0, 3.6, 0.0, 2.57, 0.0, 0.0], [0.0, 0.42, 0.0, 0.62, 70.75, 70.76, 0.0, 1.0], [0.2, 25.0, 0.0, 0.0])
(624766249, [2.0, 0.58, 0.0, 0.45, 0.0, 3.6, 0.0, 2.58, 0.0, 0.0], [0.0, 0.42, 0.0, 0.63, 70.74, 70.75, 0.0, 1.0], [0.2, 25.0, 0.0, 0.0])
(624865916, [2.0, 0.58, 0.0, 0.45, 0.0, 3.6, 0.0, 2.58, 0.0, 0.0], [0.0, 0.42, 0.0, 0.63, 70.74, 70.74, 0.0, 1.0], [0.2, 25.0, 0.0, 0.0])
(624966316, [2.0, 0.58, 0.0, 0.45, 0.0, 3.6, 0.0, 2.55, 0.0, 0.0], [0.0, 0.42, 0.0, 0.64, 70.73, 70.74, 0.0, 1.0], [0.2, 25.0, 0.0, 0.0])
(625065831, [2.0, 0.58, 0.0, 0.45, 0.0, 3.6, 0.0, 2.55, 0.0, 0.0], [0.0, 0.42, 0.0, 0.64, 70.73, 70.73, 0.0, 1.0], [0.2, 25.0, 0.0, 0.0])
(625166011, [2.0, 0.58, 0.0, 0.45, 0.0, 3.6, 0.0, 2.6, 0.0, 0.0], [0.0, 0.43, 0.0, 0.64, 70.72, 70.73, 0.0, 1.0], [0.2, 25.0, 0.0, 0.0])
(625265814, [2.0, 0.58, 0.0, 0.45, 0.0, 3.6, 0.0, 2.6, 0.0, 0.0], [0.0, 0.43, 0.0, 0.65, 70.72, 70.72, 0.0, 1.0], [0.2, 25.0, 0.0, 0.0])
(625365859, [2.0, 0.58, 0.0, 0.45, 0.0, 3.6, 0.0, 2.58, 0.0, 0.0], [0.0, 0.43, 0.0, 0.65, 70.72, 70.72, 0.0, 1.0], [0.2, 25.0, 0.0, 0.0])
(625465904, [2.0, 0.58, 0.0, 0.45, 0.0, 1.0, 0.0, 2.58, 0.0, 0.0], [0.0, 0.43, 0.0, 0.67, 70.72, 70.72, 0.0, 1.0], [0.2, 25.0, 0.0, 0.0])
(625565928, [2.0, 0.58, 0.0, 0.45, 0.0, 1.0, 0.0, 3.6, 0.0, 0.0], [0.0, 0.43, 0.0, 0.69, 70.68, 70.69, 0.0, 1.0], [0.2, 25.0, 0.0, 0.0])
(625666018, [2.0, 0.58, 0.0, 0.45, 0.0, 1.21, 0.0, 3.6, 0.0, 0.0], [0.0, 0.42, 0.0, 0.71, 70.71, 70.71, 0.0, 1.0], [0.2, 25.0, 0.0, 0.0])
(625765955, [2.0, 0.58, 0.0, 0.44, 0.0, 1.21, 0.0, 2.6, 0.0, 0.0], [0.0, 0.42, 0.0, 0.73, 70.67, 70.68, 0.0, 1.0], [0.2, 25.0, 0.0, 0.0])
(625866018, [2.0, 0.58, 0.0, 0.45, 0.0, 3.6, 0.0, 2.57, 0.0, 0.0], [0.0, 0.42, 0.0, 0.71, 70.66, 70.66, 0.0, 1.0], [0.2, 25.0, 0.0, 0.0])
(625965865, [2.0, 0.58, 0.0, 0.45, 0.0, 3.6, 0.0, 2.57, 0.0, 0.0], [0.0, 0.43, 0.0, 0.73, 70.67, 70.67, 0.0, 1.0], [0.2, 25.0, 0.0, 0.0])
(626065821, [2.0, 0.58, 0.0, 0.45, 0.0, 3.6, 0.0, 2.57, 0.0, 0.0], [0.0, 0.42, 0.0, 0.73, 70.67, 70.67, 0.0, 1.0], [0.2, 25.0, 0.0, 0.0])
(626165847, [2.0, 0.58, 0.0, 0.45, 0.0, 3.6, 0.0, 3.6, 0.0, 0.0], [0.0, 0.42, 0.0, 0.72, 70.65, 70.66, 0.0, 1.0], [0.2, 25.0, 0.0, 0.0])
(626265905, [2.0, 0.58, 0.0, 0.45, 0.0, 3.6, 0.0, 3.6, 0.0, 0.0], [0.0, 0.42, 0.0, 0.72, 70.65, 70.65, 0.0, 1.0], [0.2, 25.0, 0.0, 0.0])
(626365740, [2.0, 0.58, 0.0, 0.45, 0.0, 3.6, 0.0, 2.6, 0.0, 0.0], [0.0, 0.43, 0.0, 0.73, 70.63, 70.63, 0.0, 1.0], [0.2, 25.0, 0.0, 0.0])
(626465830, [2.0, 0.58, 0.0, 0.45, 0.0, 3.6, 0.0, 2.6, 0.0, 0.0], [0.0, 0.44, 0.0, 0.74, 70.62, 70.63, 0.0, 1.0], [0.2, 25.0, 0.0, 0.0])
(626565742, [2.0, 0.59, 0.0, 0.45, 0.0, 3.6, 0.0, 2.57, 0.0, 0.0], [0.0, 0.42, 0.0, 0.73, 70.62, 70.63, 0.0, 1.0], [0.2, 25.0, 0.0, 0.0])
(626666449, [2.0, 0.58, 0.0, 0.45, 0.0, 3.6, 0.0, 2.55, 0.0, 0.0], [0.0, 0.43, 0.0, 0.73, 70.62, 70.63, 0.0, 1.0], [0.2, 25.0, 0.0, 0.0])
(626765761, [2.0, 0.58, 0.0, 0.45, 0.0, 3.6, 0.0, 2.56, 0.0, 0.0], [0.0, 0.43, 0.0, 0.72, 70.62, 70.63, 0.0, 1.0], [0.2, 25.0, 0.0, 0.0])
(626865932, [2.0, 0.58, 0.0, 0.45, 0.0, 3.6, 0.0, 2.58, 0.0, 0.0], [0.0, 0.43, 0.0, 0.74, 70.61, 70.61, 0.0, 1.0], [0.2, 25.0, 0.0, 0.0])
(626965904, [2.0, 0.58, 0.0, 0.45, 0.0, 3.6, 0.0, 2.58, 0.0, 0.0], [0.0, 0.44, 0.0, 0.72, 70.6, 70.61, 0.0, 1.0], [0.2, 25.0, 0.0, 0.0])
(627066422, [2.0, 0.58, 0.0, 0.45, 0.0, 3.6, 0.0, 2.57, 0.0, 0.0], [0.0, 0.43, 0.0, 0.74, 70.6, 70.6, 0.0, 1.0], [0.2, 25.0, 0.0, 0.0])
(627166057, [2.0, 0.58, 0.0, 0.45, 0.0, 3.6, 0.0, 2.57, 0.0, 0.0], [0.0, 0.43, 0.0, 0.73, 70.61, 70.62, 0.0, 1.0], [0.2, 25.0, 0.0, 0.0])
(627265997, [2.0, 0.58, 0.0, 0.45, 0.0, 1.02, 0.0, 3.6, 0.0, 0.0], [0.0, 0.44, 0.0, 0.73, 70.59, 70.59, 0.0, 1.0], [0.2, 25.0, 0.0, 0.0])
(627365800, [2.0, 0.58, 0.0, 0.45, 0.0, 1.02, 0.0, 2.56, 0.0, 0.0], [0.0, 0.44, 0.0, 0.74, 70.59, 70.6, 0.0, 1.0], [0.2, 25.0, 0.0, 0.0])
(627465736, [2.0, 0.58, 0.0, 0.44, 0.0, 3.6, 0.0, 2.55, 0.0, 0.0], [0.0, 0.43, 0.0, 0.74, 70.57, 70.58, 0.0, 1.0], [0.2, 25.0, 0.0, 0.0])
(627566769, [2.0, 0.58, 0.0, 0.45, 0.0, 1.1, 0.0, 2.55, 0.0, 0.0], [0.0, 0.44, 0.0, 0.74, 70.58, 70.59, 0.0, 1.0], [0.2, 25.0, 0.0, 0.0])
(627665776, [2.0, 0.58, 0.0, 0.45, 0.0, 1.1, 0.0, 2.57, 0.0, 0.0], [0.0, 0.44, 0.0, 0.75, 70.57, 70.58, 0.0, 1.0], [0.2, 25.0, 0.0, 0.0])
(627766305, [2.0, 0.58, 0.0, 0.45, 0.0, 3.6, 0.0, 2.57, 0.0, 0.0], [0.0, 0.44, 0.0, 0.74, 70.57, 70.58, 0.0, 1.0], [0.2, 25.0, 0.0, 0.0])
(627865792, [2.0, 0.58, 0.0, 0.45, 0.0, 3.6, 0.0, 2.58, 0.0, 0.0], [0.0, 0.44, 0.0, 0.74, 70.57, 70.57, 0.0, 1.0], [0.2, 25.0, 0.0, 0.0])
(627966441, [2.0, 0.58, 0.0, 0.45, 0.0, 3.6, 0.0, 2.59, 0.0, 0.0], [0.0, 0.44, 0.0, 0.74, 70.56, 70.56, 0.0, 1.0], [0.2, 25.0, 0.0, 0.0])
(628065813, [2.0, 0.59, 0.0, 0.45, 0.0, 3.6, 0.0, 2.58, 0.0, 0.0], [0.0, 0.44, 0.0, 0.73, 70.58, 70.58, 0.0, 1.0], [0.2, 25.0, 0.0, 0.0])
(628165802, [2.0, 0.58, 0.0, 0.45, 0.0, 3.6, 0.0, 2.59, 0.0, 0.0], [0.0, 0.45, 0.0, 0.75, 70.54, 70.55, 0.0, 1.0], [0.2, 25.0, 0.0, 0.0])
(628265770, [2.0, 0.58, 0.0, 0.45, 0.0, 3.6, 0.0, 2.59, 0.0, 0.0], [0.0, 0.45, 0.0, 0.74, 70.56, 70.56, 0.0, 1.0], [0.2, 25.0, 0.0, 0.0])
(628365990, [2.0, 0.58, 0.0, 0.45, 0.0, 3.6, 0.0, 2.58, 0.0, 0.0], [0.0, 0.45, 0.0, 0.74, 70.54, 70.54, 0.0, 1.0], [0.2, 25.0, 0.0, 0.0])
(628465953, [2.0, 0.58, 0.0, 0.45, 0.0, 3.6, 0.0, 2.58, 0.0, 0.0], [0.0, 0.45, 0.0, 0.74, 70.56, 70.56, 0.0, 1.0], [0.2, 25.0, 0.0, 0.0])
(628566433, [2.0, 0.59, 0.0, 0.45, 0.0, 3.6, 0.0, 2.58, 0.0, 0.0], [0.0, 0.45, 0.0, 0.76, 70.55, 70.56, 0.0, 1.0], [0.2, 25.0, 0.0, 0.0])
(628665941, [2.0, 0.58, 0.0, 0.45, 0.0, 3.6, 0.0, 3.6, 0.0, 0.0], [0.0, 0.46, 0.0, 0.75, 70.54, 70.54, 0.0, 1.0], [0.2, 25.0, 0.0, 0.0])
(628765760, [2.0, 0.58, 0.0, 0.45, 0.0, 3.6, 0.0, 2.56, 0.0, 0.0], [0.0, 0.46, 0.0, 0.75, 70.53, 70.54, 0.0, 1.0], [0.2, 25.0, 0.0, 0.0])
(628865951, [2.0, 0.59, 0.0, 0.45, 0.0, 3.6, 0.0, 2.56, 0.0, 0.0], [0.0, 0.46, 0.0, 0.76, 70.53, 70.54, 0.0, 1.0], [0.2, 25.0, 0.0, 0.0])
(628965767, [2.0, 0.59, 0.0, 0.45, 0.0, 3.6, 0.0, 2.58, 0.0, 0.0], [0.0, 0.47, 0.0, 0.75, 70.53, 70.54, 0.0, 1.0], [0.2, 25.0, 0.0, 0.0])
(629065832, [2.0, 0.58, 0.0, 0.45, 0.0, 3.6, 0.0, 2.58, 0.0, 0.0], [0.0, 0.48, 0.0, 0.76, 70.53, 70.53, 0.0, 1.0], [0.2, 25.0, 0.0, 0.0])
(629165798, [2.0, 0.58, 0.0, 0.45, 0.0, 3.6, 0.0, 3.6, 0.0, 0.0], [0.0, 0.47, 0.0, 0.76, 70.51, 70.52, 0.0, 1.0], [0.2, 25.0, 0.0, 0.0])
(629265851, [2.0, 0.58, 0.0, 0.45, 0.0, 3.6, 0.0, 2.54, 0.0, 0.0], [0.0, 0.48, 0.0, 0.75, 70.51, 70.51, 0.0, 1.0], [0.2, 25.0, 0.0, 0.0])
(629365859, [2.0, 0.58, 0.0, 0.45, 0.0, 3.6, 0.0, 2.56, 0.0, 0.0], [0.0, 0.47, 0.0, 0.76, 70.52, 70.52, 0.0, 1.0], [0.2, 25.0, 0.0, 0.0])
(629466541, [2.0, 0.58, 0.0, 0.45, 0.0, 1.18, 0.0, 2.56, 0.0, 0.0], [0.0, 0.47, 0.0, 0.75, 70.5, 70.5, 0.0, 1.0], [0.2, 25.0, 0.0, 0.0])
(629565874, [2.0, 0.58, 0.0, 0.45, 0.0, 1.18, 0.0, 3.6, 0.0, 0.0], [0.0, 0.47, 0.0, 0.75, 70.5, 70.51, 0.0, 1.0], [0.2, 25.0, 0.0, 0.0])
(629666007, [2.0, 0.58, 0.0, 0.45, 0.0, 3.6, 0.0, 3.6, 0.0, 0.0], [0.0, 0.47, 0.0, 0.76, 70.47, 70.48, 0.0, 1.0], [0.2, 25.0, 0.0, 0.0])
(629765917, [2.0, 0.58, 0.0, 0.45, 0.0, 3.6, 0.0, 2.6, 0.0, 0.0], [0.0, 0.47, 0.0, 0.74, 70.5, 70.51, 0.0, 1.0], [0.2, 25.0, 0.0, 0.0])
(629868328, [2.0, 0.58, 0.0, 0.45, 0.0, 3.6, 0.0, 2.56, 0.0, 0.0], [0.0, 0.47, 0.0, 0.76, 70.48, 70.49, 0.0, 1.0], [0.2, 25.0, 0.0, 0.0])
(629966637, [2.0, 0.58, 0.0, 0.45, 0.0, 3.6, 0.0, 2.6, 0.0, 0.0], [0.0, 0.47, 0.0, 0.75, 70.48, 70.49, 0.0, 1.0], [0.2, 25.0, 0.0, 0.0])
(630066612, [2.0, 0.58, 0.0, 0.45, 0.0, 3.6, 0.0, 2.6, 0.0, 0.0], [0.0, 0.47, 0.0, 0.75, 70.46, 70.46, 0.0, 1.0], [0.2, 25.0, 0.0, 0.0])
(630166751, [2.0, 0.58, 0.0, 0.45, 0.0, 3.6, 0.0, 2.59, 0.0, 0.0], [0.0, 0.47, 0.0, 0.75, 70.47, 70.47, 0.0, 1.0], [0.2, 25.0, 0.0, 0.0])
(630266589, [2.0, 0.58, 0.0, 0.45, 0.0, 3.6, 0.0, 2.59, 0.0, 0.0], [0.0, 0.47, 0.0, 0.75, 70.46, 70.46, 0.0, 1.0], [0.2, 25.0, 0.0, 0.0])
(630366540, [2.0, 0.58, 0.0, 0.45, 0.0, 3.6, 0.0, 2.55, 0.0, 0.0], [0.0, 0.47, 0.0, 0.75, 70.47, 70.48, 0.0, 1.0], [0.2, 25.0, 0.0, 0.0])
(630466605, [2.0, 0.58, 0.0, 0.45, 0.0, 1.15, 0.0, 2.58, 0.0, 0.0], [0.0, 0.47, 0.0, 0.75, 70.46, 70.46, 0.0, 1.0], [0.2, 25.0, 0.0, 0.0])
(630566507, [2.0, 0.58, 0.0, 0.45, 0.0, 1.15, 0.0, 2.6, 0.0, 0.0], [0.0, 0.48, 0.0, 0.74, 70.46, 70.46, 0.0, 1.0], [0.2, 25.0, 0.0, 0.0])
(630666542, [2.0, 0.58, 0.0, 0.45, 0.0, 3.6, 0.0, 2.6, 0.0, 0.0], [0.0, 0.47, 0.0, 0.75, 70.43, 70.44, 0.0, 1.0], [0.2, 25.0, 0.0, 0.0])
(630766523, [2.0, 0.58, 0.0, 0.45, 0.0, 1.22, 0.0, 2.57, 0.0, 0.0], [0.0, 0.47, 0.0, 0.74, 70.44, 70.45, 0.0, 1.0], [0.2, 25.0, 0.0, 0.0])
(630866595, [2.0, 0.58, 0.0, 0.45, 0.0, 1.22, 0.0, 2.56, 0.0, 0.0], [0.0, 0.47, 0.0, 0.75, 70.45, 70.45, 0.0, 1.0], [0.2, 25.0, 0.0, 0.0])
(630966537, [2.0, 0.58, 0.0, 0.45, 0.0, 3.6, 0.0, 2.56, 0.0, 0.0], [0.0, 0.48, 0.0, 0.74, 70.43, 70.44, 0.0, 1.0], [0.2, 25.0, 0.0, 0.0])
(631067345, [2.0, 0.58, 0.0, 0.45, 0.0, 3.6, 0.0, 2.59, 0.0, 0.0], [0.0, 0.48, 0.0, 0.74, 70.43, 70.44, 0.0, 1.0], [0.2, 25.0, 0.0, 0.0])
(631166642, [2.0, 0.58, 0.0, 0.45, 0.0, 3.6, 0.0, 2.59, 0.0, 0.0], [0.0, 0.49, 0.0, 0.74, 70.41, 70.42, 0.0, 1.0], [0.2, 25.0, 0.0, 0.0])
(631266591, [2.0, 0.58, 0.0, 0.45, 0.0, 1.25, 0.0, 2.6, 0.0, 0.0], [0.0, 0.48, 0.0, 0.74, 70.43, 70.43, 0.0, 1.0], [0.2, 25.0, 0.0, 0.0])
(631366701, [2.0, 0.58, 0.0, 0.45, 0.0, 1.25, 0.0, 2.59, 0.0, 0.0], [0.0, 0.48, 0.0, 0.74, 70.42, 70.43, 0.0, 1.0], [0.2, 25.0, 0.0, 0.0])
(631466644, [2.0, 0.58, 0.0, 0.44, 0.0, 3.6, 0.0, 2.58, 0.0, 0.0], [0.0, 0.49, 0.0, 0.73, 70.41, 70.42, 0.0, 1.0], [0.2, 25.0, 0.0, 0.0])
(631566525, [2.0, 0.58, 0.0, 0.45, 0.0, 3.6, 0.0, 2.59, 0.0, 0.0], [0.0, 0.49, 0.0, 0.75, 70.4, 70.41, 0.0, 1.0], [0.2, 25.0, 0.0, 0.0])
(631666566, [2.0, 0.58, 0.0, 0.45, 0.0, 3.6, 0.0, 2.57, 0.0, 0.0], [0.0, 0.49, 0.0, 0.74, 70.41, 70.42, 0.0, 1.0], [0.2, 25.0, 0.0, 0.0])
(631766541, [2.0, 0.58, 0.0, 0.44, 0.0, 1.27, 0.0, 2.56, 0.0, 0.0], [0.0, 0.49, 0.0, 0.75, 70.4, 70.41, 0.0, 1.0], [0.2, 25.0, 0.0, 0.0])
(631866481, [2.0, 0.58, 0.0, 0.44, 0.0, 1.27, 0.0, 2.56, 0.0, 0.0], [0.0, 0.49, 0.0, 0.73, 70.41, 70.42, 0.0, 1.0], [0.2, 25.0, 0.0, 0.0])
(631966526, [2.0, 0.58, 0.0, 0.44, 0.0, 3.6, 0.0, 2.55, 0.0, 0.0], [0.0, 0.49, 0.0, 0.74, 70.38, 70.39, 0.0, 1.0], [0.2, 25.0, 0.0, 0.0])
(632066761, [2.0, 0.58, 0.0, 0.45, 0.0, 3.6, 0.0, 2.58, 0.0, 0.0], [0.0, 0.5, 0.0, 0.73, 70.39, 70.4, 0.0, 1.0], [0.2, 25.0, 0.0, 0.0])
(632168970, [2.0, 0.58, 0.0, 0.45, 0.0, 3.6, 0.0, 2.57, 0.0, 0.0], [0.0, 0.49, 0.0, 0.73, 70.37, 70.38, 0.0, 1.0], [0.2, 25.0, 0.0, 0.0])
(632270373, [2.0, 0.58, 0.0, 0.45, 0.0, 3.6, 0.0, 2.57, 0.0, 0.0], [0.0, 0.49, 0.0, 0.72, 70.39, 70.4, 0.0, 1.0], [0.2, 25.0, 0.0, 0.0])
(632369275, [2.0, 0.58, 0.0, 0.45, 0.0, 3.6, 0.0, 2.54, 0.0, 0.0], [0.0, 0.5, 0.0, 0.74, 70.37, 70.38, 0.0, 1.0], [0.2, 25.0, 0.0, 0.0])
(632469247, [2.0, 0.58, 0.0, 0.44, 0.0, 3.6, 0.0, 2.54, 0.0, 0.0], [0.0, 0.5, 0.0, 0.74, 70.36, 70.36, 0.0, 1.0], [0.2, 25.0, 0.0, 0.0])
(632569452, [2.0, 0.58, 0.0, 0.45, 0.0, 1.17, 0.0, 3.6, 0.0, 0.0], [0.0, 0.5, 0.0, 0.73, 70.35, 70.36, 0.0, 1.0], [0.2, 25.0, 0.0, 0.0])
(632669571, [2.0, 0.58, 0.0, 0.45, 0.0, 1.17, 0.0, 2.54, 0.0, 0.0], [0.0, 0.5, 0.0, 0.73, 70.35, 70.35, 0.0, 1.0], [0.2, 25.0, 0.0, 0.0])
(632769470, [2.0, 0.58, 0.0, 0.45, 0.0, 3.6, 0.0, 2.58, 0.0, 0.0], [0.0, 0.49, 0.0, 0.72, 70.35, 70.36, 0.0, 1.0], [0.2, 25.0, 0.0, 0.0])
(632869500, [2.0, 0.58, 0.0, 0.45, 0.0, 3.6, 0.0, 2.52, 0.0, 0.0], [0.0, 0.5, 0.0, 0.73, 70.34, 70.35, 0.0, 1.0], [0.2, 25.0, 0.0, 0.0])
(632970360, [2.0, 0.58, 0.0, 0.45, 0.0, 3.6, 0.0, 2.52, 0.0, 0.0], [0.0, 0.5, 0.0, 0.72, 70.33, 70.34, 0.0, 1.0], [0.2, 25.0, 0.0, 0.0])
(633070767, [2.0, 0.58, 0.0, 0.45, 0.0, 3.6, 0.0, 3.6, 0.0, 0.0], [0.0, 0.5, 0.0, 0.72, 70.32, 70.33, 0.0, 1.0], [0.2, 25.0, 0.0, 0.0])
(633170589, [2.0, 0.58, 0.0, 0.45, 0.0, 3.6, 0.0, 3.6, 0.0, 0.0], [0.0, 0.49, 0.0, 0.72, 70.33, 70.34, 0.0, 1.0], [0.2, 25.0, 0.0, 0.0])
(633270597, [2.0, 0.58, 0.0, 0.45, 0.0, 1.24, 0.0, 2.58, 0.0, 0.0], [0.0, 0.5, 0.0, 0.73, 70.32, 70.33, 0.0, 1.0], [0.2, 25.0, 0.0, 0.0])
(633370618, [2.0, 0.58, 0.0, 0.45, 0.0, 1.24, 0.0, 2.59, 0.0, 0.0], [0.0, 0.5, 0.0, 0.72, 70.32, 70.33, 0.0, 1.0], [0.2, 25.0, 0.0, 0.0])
(633470846, [2.0, 0.58, 0.0, 0.45, 0.0, 3.6, 0.0, 2.56, 0.0, 0.0], [0.0, 0.49, 0.0, 0.73, 70.29, 70.3, 0.0, 1.0], [0.2, 25.0, 0.0, 0.0])
(633570597, [2.0, 0.58, 0.0, 0.45, 0.0, 3.6, 0.0, 2.59, 0.0, 0.0], [0.0, 0.49, 0.0, 0.71, 70.31, 70.32, 0.0, 1.0], [0.2, 25.0, 0.0, 0.0])
(648200937, [2.0, 0.58, 0.0, 0.44, 0.0, 1.07, 0.0, 2.59, 0.0, 0.0], [0.24, 0.41, 0.41, 0.69, 69.46, 69.46, 0.0, 1.0], [0.2, 25.0, 0.0, 0.0])
(648300901, [2.0, 0.58, 0.0, 0.44, 0.0, 1.13, 0.0, 2.58, 0.0, 0.0], [0.11, 0.4, 0.2, 0.69, 69.45, 69.46, 0.0, 1.0], [0.2, 25.0, 0.0, 0.0])
(648401265, [2.0, 0.58, 0.0, 0.45, 0.0, 1.13, 0.0, 2.58, 0.0, 0.0], [0.05, 0.4, 0.1, 0.7, 69.44, 69.45, 0.0, 1.0], [0.2, 25.0, 0.0, 0.0])
(648500906, [2.0, 0.58, 0.0, 0.45, 0.0, 3.6, 0.0, 2.57, 0.0, 0.0], [0.02, 0.4, 0.04, 0.7, 69.44, 69.44, 0.0, 1.0], [0.2, 25.0, 0.0, 0.0])
(648601065, [2.0, 0.58, 0.0, 0.45, 0.0, 3.6, 0.0, 2.55, 0.0, 0.0], [0.01, 0.4, 0.02, 0.71, 69.43, 69.44, 0.0, 1.0], [0.2, 25.0, 0.0, 0.0])
(648700925, [2.0, 0.58, 0.0, 0.45, 0.0, 3.6, 0.0, 2.58, 0.0, 0.0], [0.0, 0.4, 0.01, 0.71, 69.43, 69.43, 0.0, 1.0], [0.2, 25.0, 0.0, 0.0])
(648800973, [2.0, 0.58, 0.0, 0.45, 0.0, 1.13, 0.0, 2.57, 0.0, 0.0], [0.0, 0.41, 0.0, 0.71, 69.42, 69.42, 0.0, 1.0], [0.2, 25.0, 0.0, 0.0])
(648900914, [2.0, 0.58, 0.0, 0.45, 0.0, 1.13, 0.0, 2.56, 0.0, 0.0], [0.0, 0.41, 0.0, 0.71, 69.42, 69.42, 0.0, 1.0], [0.2, 25.0, 0.0, 0.0])
(649000913, [2.0, 0.58, 0.0, 0.45, 0.0, 1.14, 0.0, 2.56, 0.0, 0.0], [0.0, 0.41, 0.0, 0.72, 69.41, 69.42, 0.0, 1.0], [0.2, 25.0, 0.0, 0.0])
(649101387, [2.0, 0.58, 0.0, 0.45, 0.0, 1.14, 0.0, 3.6, 0.0, 0.0], [0.0, 0.41, 0.0, 0.72, 69.4, 69.41, 0.0, 1.0], [0.2, 25.0, 0.0, 0.0])
(649201035, [2.0, 0.58, 0.0, 0.45, 0.0, 3.6, 0.0, 2.6, 0.0, 0.0], [0.0, 0.41, 0.0, 0.73, 69.4, 69.4, 0.0, 1.0], [0.2, 25.0, 0.0, 0.0])
(649300998, [2.0, 0.58, 0.0, 0.44, 0.0, 3.6, 0.0, 2.59, 0.0, 0.0], [0.0, 0.4, 0.0, 0.73, 69.39, 69.39, 0.0, 1.0], [0.2, 25.0, 0.0, 0.0])
(649401029, [2.0, 0.58, 0.0, 0.45, 0.0, 3.6, 0.0, 2.57, 0.0, 0.0], [0.0, 0.41, 0.0, 0.74, 69.39, 69.39, 0.0, 1.0], [0.2, 25.0, 0.0, 0.0])
(649500957, [2.0, 0.58, 0.0, 0.45, 0.0, 3.6, 0.0, 2.57, 0.0, 0.0], [0.0, 0.41, 0.0, 0.75, 69.38, 69.38, 0.0, 1.0], [0.2, 25.0, 0.0, 0.0])
(649601412, [2.0, 0.58, 0.0, 0.45, 0.0, 3.6, 0.0, 2.57, 0.0, 0.0], [0.0, 0.4, 0.0, 0.75, 69.37, 69.38, 0.0, 1.0], [0.2, 25.0, 0.0, 0.0])
(649700918, [2.0, 0.58, 0.0, 0.45, 0.0, 3.6, 0.0, 2.54, 0.0, 0.0], [0.0, 0.41, 0.0, 0.76, 69.37, 69.37, 0.0, 1.0], [0.2, 25.0, 0.0, 0.0])
(649800951, [2.0, 0.58, 0.0, 0.45, 0.0, 3.6, 0.0, 2.62, 0.0, 0.0], [0.0, 0.41, 0.0, 0.76, 69.36, 69.37, 0.0, 1.0], [0.2, 25.0, 0.0, 0.0])
(649901114, [2.0, 0.58, 0.0, 0.45, 0.0, 3.6, 0.0, 2.62, 0.0, 0.0], [0.0, 0.41, 0.0, 0.76, 69.36, 69.36, 0.0, 1.0], [0.2, 25.0, 0.0, 0.0])
(650000968, [2.0, 0.58, 0.0, 0.45, 0.0, 1.07, 0.0, 2.54, 0.0, 0.0], [0.0, 0.41, 0.0, 0.77, 69.35, 69.36, 0.0, 1.0], [0.2, 25.0, 0.0, 0.0])
(650100941, [2.0, 0.58, 0.0, 0.45, 0.0, 0.97, 0.0, 2.54, 0.0, 0.0], [0.0, 0.41, 0.0, 0.77, 69.34, 69.35, 0.0, 1.0], [0.2, 25.0, 0.0, 0.0])
(650200938, [2.0, 0.58, 0.0, 0.45, 0.0, 0.97, 0.0, 2.53, 0.0, 0.0], [0.0, 0.41, 0.0, 0.77, 69.34, 69.34, 0.0, 1.0], [0.2, 25.0, 0.0, 0.0])
(650300898, [2.0, 0.58, 0.0, 0.44, 0.0, 3.6, 0.0, 2.57, 0.0, 0.0], [0.0, 0.41, 0.0, 0.78, 69.33, 69.33, 0.0, 1.0], [0.2, 25.0, 0.0, 0.0])
(650400958, [2.0, 0.58, 0.0, 0.44, 0.0, 0.92, 0.0, 2.57, 0.0, 0.0], [0.0, 0.41, 0.0, 0.78, 69.32, 69.33, 0.0, 1.0], [0.2, 25.0, 0.0, 0.0])
(650500989, [2.0, 0.58, 0.0, 0.45, 0.0, 0.92, 0.0, 2.57, 0.0, 0.0], [0.0, 0.42, 0.0, 0.78, 69.31, 69.31, 0.0, 1.0], [0.2, 25.0, 0.0, 0.0])
(650600984, [2.0, 0.58, 0.0, 0.45, 0.0, 3.6, 0.0, 2.56, 0.0, 0.0], [0.0, 0.41, 0.0, 0.78, 69.33, 69.34, 0.0, 1.0], [0.2, 25.0, 0.0, 0.0])
(650700987, [2.0, 0.58, 0.0, 0.45, 0.0, 3.6, 0.0, 2.56, 0.0, 0.0], [0.0, 0.41, 0.0, 0.79, 69.32, 69.32, 0.0, 1.0], [0.2, 25.0, 0.0, 0.0])
(650800987, [2.0, 0.58, 0.0, 0.45, 0.0, 3.6, 0.0, 2.53, 0.0, 0.0], [0.0, 0.41, 0.0, 0.81, 69.3, 69.31, 0.0, 1.0], [0.2, 25.0, 0.0, 0.0])
(650901108, [2.0, 0.58, 0.0, 0.44, 0.0, 3.6, 0.0, 2.56, 0.0, 0.0], [0.0, 0.41, 0.0, 0.81, 69.28, 69.29, 0.0, 1.0], [0.2, 25.0, 0.0, 0.0])
(651001042, [2.0, 0.58, 0.0, 0.45, 0.0, 3.6, 0.0, 2.56, 0.0, 0.0], [0.0, 0.41, 0.0, 0.8, 69.26, 69.26, 0.0, 1.0], [0.2, 25.0, 0.0, 0.0])
(651101453, [2.0, 0.58, 0.0, 0.45, 0.0, 3.6, 0.0, 2.56, 0.0, 0.0], [0.0, 0.43, 0.0, 0.81, 69.26, 69.27, 0.0, 1.0], [0.2, 25.0, 0.0, 0.0])
(651200994, [2.0, 0.58, 0.0, 0.44, 0.0, 3.6, 0.0, 2.56, 0.0, 0.0], [0.0, 0.42, 0.0, 0.81, 69.27, 69.27, 0.0, 1.0], [0.2, 25.0, 0.0, 0.0])
(651300980, [2.0, 0.58, 0.0, 0.45, 0.0, 3.6, 0.0, 3.6, 0.0, 0.0], [0.0, 0.42, 0.0, 0.81, 69.24, 69.25, 0.0, 1.0], [0.2, 25.0, 0.0, 0.0])
(651400959, [2.0, 0.58, 0.0, 0.45, 0.0, 3.6, 0.0, 2.59, 0.0, 0.0], [0.0, 0.42, 0.0, 0.81, 69.26, 69.26, 0.0, 1.0], [0.2, 25.0, 0.0, 0.0])
(651500983, [2.0, 0.58, 0.0, 0.44, 0.0, 3.6, 0.0, 2.6, 0.0, 0.0], [0.0, 0.41, 0.0, 0.82, 69.25, 69.26, 0.0, 1.0], [0.2, 25.0, 0.0, 0.0])
(651600987, [2.0, 0.59, 0.0, 0.45, 0.0, 3.6, 0.0, 2.6, 0.0, 0.0], [0.0, 0.43, 0.0, 0.81, 69.24, 69.25, 0.0, 1.0], [0.2, 25.0, 0.0, 0.0])
(651700961, [2.0, 0.58, 0.0, 0.45, 0.0, 3.6, 0.0, 2.57, 0.0, 0.0], [0.0, 0.43, 0.0, 0.82, 69.23, 69.24, 0.0, 1.0], [0.2, 25.0, 0.0, 0.0])
(651801411, [2.0, 0.58, 0.0, 0.44, 0.0, 3.6, 0.0, 2.57, 0.0, 0.0], [0.0, 0.42, 0.0, 0.82, 69.22, 69.23, 0.0, 1.0], [0.2, 25.0, 0.0, 0.0])
(651900940, [2.0, 0.58, 0.0, 0.45, 0.0, 3.6, 0.0, 3.6, 0.0, 0.0], [0.0, 0.43, 0.0, 0.82, 69.23, 69.24, 0.0, 1.0], [0.2, 25.0, 0.0, 0.0])
(652001032, [2.0, 0.58, 0.0, 0.44, 0.0, 3.6, 0.0, 3.6, 0.0, 0.0], [0.0, 0.42, 0.0, 0.83, 69.22, 69.22, 0.0, 1.0], [0.2, 25.0, 0.0, 0.0])
(652101150, [2.0, 0.58, 0.0, 0.45, 0.0, 3.6, 0.0, 3.6, 0.0, 0.0], [0.0, 0.43, 0.0, 0.82, 69.23, 69.24, 0.0, 1.0], [0.2, 25.0, 0.0, 0.0])
(652201017, [2.0, 0.58, 0.0, 0.45, 0.0, 3.6, 0.0, 2.56, 0.0, 0.0], [0.0, 0.43, 0.0, 0.83, 69.2, 69.2, 0.0, 1.0], [0.2, 25.0, 0.0, 0.0])
(652301112, [2.0, 0.58, 0.0, 0.44, 0.0, 3.6, 0.0, 2.56, 0.0, 0.0], [0.0, 0.43, 0.0, 0.81, 69.2, 69.21, 0.0, 1.0], [0.2, 25.0, 0.0, 0.0])
(652401002, [2.0, 0.58, 0.0, 0.44, 0.0, 3.6, 0.0, 2.57, 0.0, 0.0], [0.0, 0.43, 0.0, 0.83, 69.19, 69.2, 0.0, 1.0], [0.2, 25.0, 0.0, 0.0])
(652501022, [2.0, 0.58, 0.0, 0.45, 0.0, 3.6, 0.0, 2.55, 0.0, 0.0], [0.0, 0.43, 0.0, 0.82, 69.2, 69.2, 0.0, 1.0], [0.2, 25.0, 0.0, 0.0])
(652600991, [2.0, 0.58, 0.0, 0.45, 0.0, 3.6, 0.0, 2.57, 0.0, 0.0], [0.0, 0.43, 0.0, 0.83, 69.18, 69.19, 0.0, 1.0], [0.2, 25.0, 0.0, 0.0])
(652701027, [2.0, 0.58, 0.0, 0.45, 0.0, 3.6, 0.0, 2.58, 0.0, 0.0], [0.0, 0.44, 0.0, 0.83, 69.18, 69.19, 0.0, 1.0], [0.2, 25.0, 0.0, 0.0])
(652801103, [2.0, 0.58, 0.0, 0.45, 0.0, 3.6, 0.0, 2.56, 0.0, 0.0], [0.0, 0.43, 0.0, 0.83, 69.16, 69.17, 0.0, 1.0], [0.2, 25.0, 0.0, 0.0])
(652900977, [2.0, 0.58, 0.0, 0.45, 0.0, 3.6, 0.0, 2.57, 0.0, 0.0], [0.0, 0.44, 0.0, 0.83, 69.18, 69.18, 0.0, 1.0], [0.2, 25.0, 0.0, 0.0])
(653000972, [2.0, 0.58, 0.0, 0.45, 0.0, 3.6, 0.0, 2.57, 0.0, 0.0], [0.0, 0.43, 0.0, 0.84, 69.16, 69.17, 0.0, 1.0], [0.2, 25.0, 0.0, 0.0])
(653100970, [2.0, 0.58, 0.0, 0.45, 0.0, 3.6, 0.0, 2.58, 0.0, 0.0], [0.0, 0.44, 0.0, 0.83, 69.17, 69.17, 0.0, 1.0], [0.2, 25.0, 0.0, 0.0])
(653200979, [2.0, 0.58, 0.0, 0.45, 0.0, 3.6, 0.0, 2.58, 0.0, 0.0], [0.0, 0.44, 0.0, 0.84, 69.14, 69.15, 0.0, 1.0], [0.2, 25.0, 0.0, 0.0])
(653301063, [2.0, 0.58, 0.0, 0.45, 0.0, 3.6, 0.0, 2.54, 0.0, 0.0], [0.0, 0.44, 0.0, 0.84, 69.14, 69.15, 0.0, 1.0], [0.2, 25.0, 0.0, 0.0])
(653401791, [2.0, 0.58, 0.0, 0.45, 0.0, 3.6, 0.0, 2.54, 0.0, 0.0], [0.0, 0.44, 0.0, 0.85, 69.15, 69.16, 0.0, 1.0], [0.2, 25.0, 0.0, 0.0])
(653501689, [2.0, 0.58, 0.0, 0.44, 0.0, 3.6, 0.0, 3.6, 0.0, 0.0], [0.0, 0.45, 0.0, 0.84, 69.14, 69.14, 0.0, 1.0], [0.2, 25.0, 0.0, 0.0])
(653604413, [2.0, 0.58, 0.0, 0.44, 0.0, 3.6, 0.0, 2.56, 0.0, 0.0], [0.0, 0.45, 0.0, 0.84, 69.14, 69.14, 0.0, 1.0], [0.2, 25.0, 0.0, 0.0])
(653704268, [2.0, 0.58, 0.0, 0.44, 0.0, 3.6, 0.0, 2.59, 0.0, 0.0], [0.0, 0.45, 0.0, 0.84, 69.11, 69.11, 0.0, 1.0], [0.2, 25.0, 0.0, 0.0])
(653804387, [2.0, 0.58, 0.0, 0.45, 0.0, 3.6, 0.0, 2.56, 0.0, 0.0], [0.0, 0.44, 0.0, 0.84, 69.12, 69.12, 0.0, 1.0], [0.2, 25.0, 0.0, 0.0])
(653904631, [2.0, 0.58, 0.0, 0.45, 0.0, 3.6, 0.0, 2.56, 0.0, 0.0], [0.0, 0.45, 0.0, 0.86, 69.11, 69.09, 0.0, 1.0], [0.2, 25.0, 0.0, 0.0])
(654004195, [2.0, 0.58, 0.0, 0.45, 0.0, 3.6, 0.0, 2.56, 0.0, 0.0], [0.0, 0.43, 0.0, 0.91, 69.11, 69.07, 0.0, 1.0], [0.2, 25.0, 0.0, 0.0])
(654104295, [2.0, 0.58, 0.0, 0.44, 0.0, 3.6, 0.0, 2.53, 0.0, 0.0], [0.0, 0.45, 0.0, 0.95, 69.11, 69.03, 0.0, 1.0], [0.2, 25.0, 0.0, 0.0])
(654204253, [2.0, 0.58, 0.0, 0.45, 0.0, 3.6, 0.0, 2.56, 0.0, 0.0], [0.0, 0.41, 0.0, 0.93, 69.11, 69.0, 0.0, 1.0], [0.2, 25.0, 0.0, 0.0])
(654304361, [2.0, 0.58, 0.0, 0.45, 0.0, 3.6, 0.0, 2.56, 0.0, 0.0], [0.0, 0.5, 0.0, 0.91, 69.11, 68.88, 0.0, 1.0], [0.2, 25.0, 0.0, 0.0])
(654404150, [2.0, 0.58, 0.0, 0.45, 0.0, 3.6, 0.0, 2.54, 0.0, 0.0], [-2.96, 0.37, -2.83, 0.91, 67.86, 68.46, 0.0, 1.0], [0.2, 25.0, 0.0, 0.0])
(654504430, [2.0, 0.58, 0.0, 0.45, 0.0, 3.6, 0.0, 2.62, 0.0, 0.0], [-5.01, 0.37, -4.97, 0.9, 63.91, 67.59, 0.0, 1.0], [0.2, 25.0, 0.0, 0.0])
(654604231, [2.0, 0.58, 0.0, 0.45, 0.0, 3.6, 0.0, 2.62, 0.0, 0.0], [-6.02, 0.31, -6.04, 0.86, 57.25, 66.26, 0.01, 1.0], [0.2, 25.0, 0.0, 0.0])
(654704344, [2.0, 0.58, 0.0, 0.45, 0.0, 3.6, 0.0, 3.6, 0.0, 0.0], [-6.52, 0.33, -6.56, 0.94, 47.87, 63.79, 0.01, 1.0], [0.2, 25.0, 0.0, 0.0])
(654804329, [2.0, 0.58, 0.0, 0.45, 0.0, 3.6, 0.0, 3.6, 0.0, 0.0], [-6.77, 0.28, -6.82, 0.85, 35.78, 60.58, 0.01, 1.0], [0.2, 25.0, 0.0, 0.0])
(654905437, [2.0, 0.58, 0.0, 0.44, 0.0, 3.6, 0.0, 3.6, 0.0, 0.0], [-7.75, 0.32, -5.95, 0.94, 31.02, 57.55, 0.01, 1.0], [0.2, 25.0, 0.0, 0.0])
(655004367, [2.0, 0.58, 0.0, 0.45, 0.0, 3.6, 0.0, 3.6, 0.0, 0.0], [-8.46, 0.33, -4.85, 1.01, 29.27, 55.93, 0.01, 1.0], [0.2, 25.0, 0.0, 0.0])
(655104459, [2.0, 0.58, 0.0, 0.44, 0.0, 3.6, 0.0, 3.6, 0.0, 0.0], [-8.81, 0.36, -3.75, 0.97, 28.97, 55.81, 0.01, 1.0], [0.2, 25.0, 0.0, 0.0])
(655204192, [2.0, 0.58, 0.0, 0.44, 0.0, 3.6, 0.0, 3.6, 0.0, 0.0], [-8.84, 0.4, -2.84, 0.98, 28.85, 55.83, 0.01, 1.0], [0.2, 25.0, 0.0, 0.0])
(655304212, [2.0, 0.58, 0.0, 0.44, 0.0, 3.6, 0.0, 3.6, 0.0, 0.0], [-8.71, 0.42, -2.1, 0.97, 28.72, 55.82, 0.01, 1.0], [0.2, 25.0, 0.0, 0.0])
(655404286, [2.0, 0.57, 0.0, 0.44, 0.0, 3.6, 0.0, 3.6, 0.0, 0.0], [-8.49, 0.41, -1.5, 0.95, 28.57, 55.81, 0.01, 1.0], [0.2, 25.0, 0.0, 0.0])
(655506659, [2.0, 0.58, 0.0, 0.44, 0.0, 3.6, 0.0, 3.6, 0.0, 0.0], [-8.22, 0.44, -1.0, 0.92, 28.45, 55.8, 0.01, 1.0], [0.2, 25.0, 0.0, 0.0])
(655606574, [2.0, 0.58, 0.0, 0.45, 0.0, 3.6, 0.0, 3.6, 0.0, 0.0], [-7.94, 0.46, -0.59, 0.92, 28.34, 55.8, 0.01, 1.0], [0.2, 25.0, 0.0, 0.0])
(655707570, [2.0, 0.58, 0.0, 0.44, 0.0, 3.6, 0.0, 3.6, 0.0, 0.0], [-7.66, 0.45, -0.23, 0.93, 28.24, 55.79, 0.01, 1.0], [0.2, 25.0, 0.0, 0.0])
(655807529, [2.0, 0.58, 0.0, 0.45, 0.0, 3.6, 0.0, 3.6, 0.0, 0.0], [-7.37, 0.45, 0.06, 0.95, 28.14, 55.78, 0.01, 1.0], [0.2, 25.0, 0.0, 0.0])
(655907530, [2.0, 0.58, 0.0, 0.44, 0.0, 3.6, 0.0, 3.6, 0.0, 0.0], [-7.08, 0.45, 0.31, 0.97, 28.04, 55.76, 0.01, 1.0], [0.2, 25.0, 0.0, 0.0])
(656007586, [2.0, 0.58, 0.0, 0.44, 0.0, 3.6, 0.0, 3.6, 0.0, 0.0], [-6.8, 0.46, 0.52, 0.96, 27.95, 55.75, 0.01, 1.0], [0.2, 25.0, 0.0, 0.0])
(656107576, [2.0, 0.58, 0.0, 0.45, 0.0, 3.6, 0.0, 3.6, 0.0, 0.0], [-6.54, 0.46, 0.69, 0.94, 27.86, 55.75, 0.01, 1.0], [0.2, 25.0, 0.0, 0.0])
(664411122, [2.0, 0.57, 0.0, 0.44, 0.0, 3.6, 0.0, 3.6, 0.0, 0.0], [0.31, 0.45, -0.52, 0.78, 54.1, 55.35, 0.0, 1.0], [0.2, 25.0, 0.0, 0.0])
(664511078, [2.0, 0.58, 0.0, 0.45, 0.0, 3.6, 0.0, 3.6, 0.0, 0.0], [0.15, 0.45, -0.26, 0.78, 54.16, 55.35, 0.0, 1.0], [0.2, 25.0, 0.0, 0.0])
(664611150, [2.0, 0.57, 0.0, 0.44, 0.0, 3.6, 0.0, 3.6, 0.0, 0.0], [0.07, 0.45, -0.12, 0.78, 54.22, 55.34, 0.0, 1.0], [0.2, 25.0, 0.0, 0.0])
(664711335, [2.0, 0.58, 0.0, 0.44, 0.0, 3.6, 0.0, 3.6, 0.0, 0.0], [0.03, 0.45, -0.06, 0.78, 54.29, 55.34, 0.0, 1.0], [0.2, 25.0, 0.0, 0.0])
(664811223, [2.0, 0.58, 0.0, 0.44, 0.0, 3.6, 0.0, 3.6, 0.0, 0.0], [0.01, 0.44, -0.03, 0.79, 54.35, 55.33, 0.0, 1.0], [0.2, 25.0, 0.0, 0.0])
(664911202, [2.0, 0.58, 0.0, 0.44, 0.0, 3.6, 0.0, 3.6, 0.0, 0.0], [0.0, 0.45, -0.01, 0.79, 54.41, 55.33, 0.0, 1.0], [0.2, 25.0, 0.0, 0.0])
(665011101, [2.0, 0.58, 0.0, 0.44, 0.0, 3.6, 0.0, 3.6, 0.0, 0.0], [0.0, 0.44, 0.0, 0.79, 54.48, 55.33, 0.0, 1.0], [0.2, 25.0, 0.0, 0.0])
(665111072, [2.0, 0.57, 0.0, 0.44, 0.0, 3.6, 0.0, 3.6, 0.0, 0.0], [0.0, 0.45, 0.0, 0.8, 54.54, 55.32, 0.0, 1.0], [0.2, 25.0, 0.0, 0.0])
(665211122, [2.0, 0.58, 0.0, 0.44, 0.0, 3.6, 0.0, 3.6, 0.0, 0.0], [0.0, 0.44, 0.0, 0.8, 54.6, 55.32, 0.0, 1.0], [0.2, 25.0, 0.0, 0.0])
(665311191, [2.0, 0.58, 0.0, 0.44, 0.0, 3.6, 0.0, 3.6, 0.0, 0.0], [0.0, 0.45, 0.0, 0.81, 54.67, 55.31, 0.0, 1.0], [0.2, 25.0, 0.0, 0.0])
(665411092, [2.0, 0.58, 0.0, 0.44, 0.0, 3.6, 0.0, 3.6, 0.0, 0.0], [0.0, 0.45, 0.0, 0.81, 54.73, 55.31, 0.0, 1.0], [0.2, 25.0, 0.0, 0.0])
(665511093, [2.0, 0.58, 0.0, 0.44, 0.0, 3.6, 0.0, 3.6, 0.0, 0.0], [0.0, 0.45, 0.0, 0.82, 54.79, 55.3, 0.0, 1.0], [0.2, 25.0, 0.0, 0.0])
(665611084, [2.0, 0.58, 0.0, 0.44, 0.0, 3.6, 0.0, 3.6, 0.0, 0.0], [0.0, 0.45, 0.0, 0.83, 54.85, 55.3, 0.0, 1.0], [0.2, 25.0, 0.0, 0.0])
(665711092, [2.0, 0.57, 0.0, 0.44, 0.0, 3.6, 0.0, 3.6, 0.0, 0.0], [0.0, 0.45, 0.0, 0.83, 54.91, 55.29, 0.0, 1.0], [0.2, 25.0, 0.0, 0.0])
(665811181, [2.0, 0.57, 0.0, 0.45, 0.0, 3.6, 0.0, 3.6, 0.0, 0.0], [0.0, 0.45, 0.0, 0.84, 54.97, 55.28, 0.0, 1.0], [0.2, 25.0, 0.0, 0.0])
(665911065, [2.0, 0.58, 0.0, 0.44, 0.0, 3.6, 0.0, 3.6, 0.0, 0.0], [0.0, 0.45, 0.0, 0.84, 55.04, 55.28, 0.0, 1.0], [0.2, 25.0, 0.0, 0.0])
(666011201, [2.0, 0.57, 0.0, 0.45, 0.0, 3.6, 0.0, 3.6, 0.0, 0.0], [0.0, 0.45, 0.0, 0.85, 55.1, 55.28, 0.0, 1.0], [0.2, 25.0, 0.0, 0.0])
(666111185, [2.0, 0.58, 0.0, 0.45, 0.0, 3.6, 0.0, 3.6, 0.0, 0.0], [0.0, 0.45, 0.0, 0.85, 55.16, 55.27, 0.0, 1.0], [0.2, 25.0, 0.0, 0.0])
(666211171, [2.0, 0.58, 0.0, 0.45, 0.0, 3.6, 0.0, 3.6, 0.0, 0.0], [0.0, 0.45, 0.0, 0.86, 55.22, 55.26, 0.0, 1.0], [0.2, 25.0, 0.0, 0.0])
(666311193, [2.0, 0.58, 0.0, 0.44, 0.0, 3.6, 0.0, 3.6, 0.0, 0.0], [0.0, 0.44, 0.0, 0.86, 55.25, 55.26, 0.0, 1.0], [0.2, 25.0, 0.0, 0.0])
(666411089, [2.0, 0.58, 0.0, 0.45, 0.0, 3.6, 0.0, 3.6, 0.0, 0.0], [0.0, 0.44, 0.0, 0.86, 55.25, 55.26, 0.0, 1.0], [0.2, 25.0, 0.0, 0.0])
(666511085, [2.0, 0.58, 0.0, 0.45, 0.0, 3.6, 0.0, 3.6, 0.0, 0.0], [0.0, 0.44, 0.0, 0.87, 55.24, 55.25, 0.0, 1.0], [0.2, 25.0, 0.0, 0.0])
(666611189, [2.0, 0.58, 0.0, 0.44, 0.0, 3.6, 0.0, 3.6, 0.0, 0.0], [0.0, 0.44, 0.0, 0.87, 55.24, 55.24, 0.0, 1.0], [0.2, 25.0, 0.0, 0.0])
(666711748, [2.0, 0.58, 0.0, 0.44, 0.0, 3.6, 0.0, 3.6, 0.0, 0.0], [0.0, 0.44, 0.0, 0.87, 55.23, 55.23, 0.0, 1.0], [0.2, 25.0, 0.0, 0.0])
(666811084, [2.0, 0.57, 0.0, 0.44, 0.0, 3.6, 0.0, 3.6, 0.0, 0.0], [0.0, 0.44, 0.0, 0.88, 55.23, 55.24, 0.0, 1.0], [0.2, 25.0, 0.0, 0.0])
(666911122, [2.0, 0.57, 0.0, 0.44, 0.0, 3.6, 0.0, 3.6, 0.0, 0.0], [0.0, 0.43, 0.0, 0.89, 55.23, 55.24, 0.0, 1.0], [0.2, 25.0, 0.0, 0.0])
(667011567, [2.0, 0.58, 0.0, 0.45, 0.0, 3.6, 0.0, 3.6, 0.0, 0.0], [0.0, 0.42, 0.0, 0.89, 55.23, 55.23, 0.0, 1.0], [0.2, 25.0, 0.0, 0.0])
(667111183, [2.0, 0.58, 0.0, 0.44, 0.0, 3.6, 0.0, 3.6, 0.0, 0.0], [0.0, 0.42, 0.0, 0.9, 55.18, 55.19, 0.0, 1.0], [0.2, 25.0, 0.0, 0.0])
(667211085, [2.0, 0.58, 0.0, 0.45, 0.0, 3.6, 0.0, 3.6, 0.0, 0.0], [0.0, 0.42, 0.0, 0.91, 55.2, 55.2, 0.0, 1.0], [0.2, 25.0, 0.0, 0.0])
(667311156, [2.0, 0.58, 0.0, 0.44, 0.0, 3.6, 0.0, 3.6, 0.0, 0.0], [0.0, 0.43, 0.0, 0.91, 55.2, 55.21, 0.0, 1.0], [0.2, 25.0, 0.0, 0.0])
(667411204, [2.0, 0.58, 0.0, 0.45, 0.0, 3.6, 0.0, 3.6, 0.0, 0.0], [0.0, 0.43, 0.0, 0.91, 55.17, 55.18, 0.0, 1.0], [0.2, 25.0, 0.0, 0.0])
(667511201, [2.0, 0.58, 0.0, 0.44, 0.0, 3.6, 0.0, 3.6, 0.0, 0.0], [0.0, 0.43, 0.0, 0.9, 55.16, 55.17, 0.0, 1.0], [0.2, 25.0, 0.0, 0.0])
(667611775, [2.0, 0.58, 0.0, 0.45, 0.0, 3.6, 0.0, 3.6, 0.0, 0.0], [0.0, 0.43, 0.0, 0.91, 55.16, 55.16, 0.0, 1.0], [0.2, 25.0, 0.0, 0.0])
(667711224, [2.0, 0.58, 0.0, 0.44, 0.0, 3.6, 0.0, 3.6, 0.0, 0.0], [0.0, 0.44, 0.0, 0.89, 55.16, 55.17, 0.0, 1.0], [0.2, 25.0, 0.0, 0.0])
(667811309, [2.0, 0.57, 0.0, 0.44, 0.0, 3.6, 0.0, 3.6, 0.0, 0.0], [0.0, 0.42, 0.0, 0.9, 55.16, 55.16, 0.0, 1.0], [0.2, 25.0, 0.0, 0.0])
(667911151, [2.0, 0.58, 0.0, 0.44, 0.0, 3.6, 0.0, 3.6, 0.0, 0.0], [0.0, 0.43, 0.0, 0.91, 55.15, 55.16, 0.0, 1.0], [0.2, 25.0, 0.0, 0.0])
(668011136, [2.0, 0.58, 0.0, 0.44, 0.0, 3.6, 0.0, 3.6, 0.0, 0.0], [0.0, 0.43, 0.0, 0.91, 55.15, 55.16, 0.0, 1.0], [0.2, 25.0, 0.0, 0.0])
(668111142, [2.0, 0.58, 0.0, 0.44, 0.0, 3.6, 0.0, 3.6, 0.0, 0.0], [0.0, 0.44, 0.0, 0.91, 55.15, 55.15, 0.0, 1.0], [0.2, 25.0, 0.0, 0.0])
(668211105, [2.0, 0.57, 0.0, 0.45, 0.0, 3.6, 0.0, 3.6, 0.0, 0.0], [0.0, 0.44, 0.0, 0.92, 55.13, 55.14, 0.0, 1.0], [0.2, 25.0, 0.0, 0.0])
(668311143, [2.0, 0.58, 0.0, 0.44, 0.0, 3.6, 0.0, 3.6, 0.0, 0.0], [0.0, 0.44, 0.0, 0.92, 55.13, 55.13, 0.0, 1.0], [0.2, 25.0, 0.0, 0.0])
(668411238, [2.0, 0.58, 0.0, 0.45, 0.0, 3.6, 0.0, 3.6, 0.0, 0.0], [0.0, 0.44, 0.0, 0.92, 55.14, 55.15, 0.0, 1.0], [0.2, 25.0, 0.0, 0.0])
(668511254, [2.0, 0.58, 0.0, 0.44, 0.0, 3.6, 0.0, 3.6, 0.0, 0.0], [0.0, 0.44, 0.0, 0.92, 55.14, 55.14, 0.0, 1.0], [0.2, 25.0, 0.0, 0.0])
(668611157, [2.0, 0.58, 0.0, 0.45, 0.0, 3.6, 0.0, 3.6, 0.0, 0.0], [0.0, 0.44, 0.0, 0.93, 55.13, 55.13, 0.0, 1.0], [0.2, 25.0, 0.0, 0.0])
(668711160, [2.0, 0.58, 0.0, 0.44, 0.0, 3.6, 0.0, 3.6, 0.0, 0.0], [0.0, 0.44, 0.0, 0.93, 55.13, 55.13, 0.0, 1.0], [0.2, 25.0, 0.0, 0.0])
(668816196, [2.0, 0.57, 0.0, 0.45, 0.0, 3.6, 0.0, 3.6, 0.0, 0.0], [0.0, 0.44, 0.0, 0.94, 55.12, 55.12, 0.0, 1.0], [0.2, 25.0, 0.0, 0.0])
(668915934, [2.0, 0.57, 0.0, 0.44, 0.0, 3.6, 0.0, 3.6, 0.0, 0.0], [0.0, 0.43, 0.0, 0.93, 55.13, 55.13, 0.0, 1.0], [0.2, 25.0, 0.0, 0.0])
(669016098, [2.0, 0.58, 0.0, 0.44, 0.0, 3.6, 0.0, 3.6, 0.0, 0.0], [0.0, 0.44, 0.0, 0.94, 55.11, 55.11, 0.0, 1.0], [0.2, 25.0, 0.0, 0.0])
(669116529, [2.0, 0.57, 0.0, 0.44, 0.0, 3.6, 0.0, 3.6, 0.0, 0.0], [0.0, 0.44, 0.0, 0.94, 55.11, 55.11, 0.0, 1.0], [0.2, 25.0, 0.0, 0.0])
(669215933, [2.0, 0.58, 0.0, 0.44, 0.0, 3.6, 0.0, 3.6, 0.0, 0.0], [0.0, 0.43, 0.0, 0.94, 55.1, 55.1, 0.0, 1.0], [0.2, 25.0, 0.0, 0.0])
(669316063, [2.0, 0.58, 0.0, 0.44, 0.0, 3.6, 0.0, 3.6, 0.0, 0.0], [0.0, 0.43, 0.0, 0.95, 55.11, 55.11, 0.0, 1.0], [0.2, 25.0, 0.0, 0.0])
(669415811, [2.0, 0.57, 0.0, 0.45, 0.0, 3.6, 0.0, 3.6, 0.0, 0.0], [0.0, 0.44, 0.0, 0.96, 55.09, 55.09, 0.0, 1.0], [0.2, 25.0, 0.0, 0.0])
(669515737, [2.0, 0.58, 0.0, 0.44, 0.0, 3.6, 0.0, 3.6, 0.0, 0.0], [0.0, 0.44, 0.0, 0.96, 55.09, 55.09, 0.0, 1.0], [0.2, 25.0, 0.0, 0.0])
(669616040, [2.0, 0.58, 0.0, 0.44, 0.0, 3.6, 0.0, 3.6, 0.0, 0.0], [0.0, 0.42, 0.0, 1.0, 55.09, 55.08, 0.0, 1.0], [0.2, 25.0, 0.0, 0.0])
(669715754, [2.0, 0.58, 0.0, 0.44, 0.0, 3.6, 0.0, 3.6, 0.0, 0.0], [0.0, 0.43, 0.0, 1.03, 55.09, 55.06, 0.0, 1.0], [0.2, 25.0, 0.0, 0.0])
