(17621812, [2.0, 0.63, 0.0, 0.61, 0.0, 3.6, 0.0, 2.43, 0.0, 0.0], [0.0, 0.82, 0.0, 0.55, 0.02, 0.03, 0.0, 1.0], [0.2, 25.0, 0.0, 0.0])
(17721871, [2.0, 0.63, 0.0, 0.61, 0.0, 3.6, 0.0, 2.44, 0.0, 0.0], [0.0, 0.81, 0.0, 0.55, 0.02, 0.03, 0.0, 1.0], [0.2, 25.0, 0.0, 0.0])
(17822099, [2.0, 0.63, 0.0, 0.61, 0.0, 3.6, 0.0, 2.45, 0.0, 0.0], [0.0, 0.81, 0.0, 0.55, 0.02, 0.03, 0.0, 1.0], [0.2, 25.0, 0.0, 0.0])
(17921851, [2.0, 0.62, 0.0, 0.61, 0.0, 3.6, 0.0, 2.45, 0.0, 0.0], [0.0, 0.81, 0.0, 0.55, 0.02, 0.03, 0.0, 1.0], [0.2, 25.0, 0.0, 0.0])
(18022049, [2.0, 0.63, 0.0, 0.61, 0.0, 3.6, 0.0, 2.47, 0.0, 0.0], [0.0, 0.81, 0.0, 0.55, 0.02, 0.03, 0.0, 1.0], [0.2, 25.0, 0.0, 0.0])
(18123166, [2.0, 0.62, 0.0, 0.61, 0.0, 3.6, 0.0, 2.46, 0.0, 0.0], [0.0, 0.81, 0.0, 0.55, 0.02, 0.03, 0.0, 1.0], [0.2, 25.0, 0.0, 0.0])
(18222799, [2.0, 0.63, 0.0, 0.61, 0.0, 3.6, 0.0, 2.44, 0.0, 0.0], [0.0, 0.8, 0.0, 0.55, 0.02, 0.03, 0.0, 1.0], [0.2, 25.0, 0.0, 0.0])
(18322789, [2.0, 0.63, 0.0, 0.61, 0.0, 3.6, 0.0, 2.44, 0.0, 0.0], [0.0, 0.8, 0.0, 0.55, 0.02, 0.03, 0.0, 1.0], [0.2, 25.0, 0.0, 0.0])
(18423302, [2.0, 0.63, 0.0, 0.61, 0.0, 3.6, 0.0, 2.45, 0.0, 0.0], [0.0, 0.8, 0.0, 0.55, 0.02, 0.03, 0.0, 1.0], [0.2, 25.0, 0.0, 0.0])
(18523492, [2.0, 0.63, 0.0, 0.61, 0.0, 3.6, 0.0, 2.44, 0.0, 0.0], [0.0, 0.8, 0.0, 0.55, 0.02, 0.03, 0.0, 1.0], [0.2, 25.0, 0.0, 0.0])
(18623733, [2.0, 0.63, 0.0, 0.61, 0.0, 3.6, 0.0, 2.46, 0.0, 0.0], [0.0, 0.8, 0.0, 0.55, 0.02, 0.03, 0.0, 1.0], [0.2, 25.0, 0.0, 0.0])
(18724744, [2.0, 0.63, 0.0, 0.61, 0.0, 3.6, 0.0, 2.45, 0.0, 0.0], [0.0, 0.8, 0.0, 0.55, 0.02, 0.03, 0.0, 1.0], [0.2, 25.0, 0.0, 0.0])
(18822974, [2.0, 0.62, 0.0, 0.61, 0.0, 3.6, 0.0, 2.45, 0.0, 0.0], [0.0, 0.8, 0.0, 0.55, 0.02, 0.03, 0.0, 1.0], [0.2, 25.0, 0.0, 0.0])
(18923070, [2.0, 0.62, 0.0, 0.61, 0.0, 0.68, 0.0, 2.45, 0.0, 0.0], [0.0, 0.8, 0.0, 0.55, 0.02, 0.03, 0.0, 1.0], [0.2, 25.0, 0.0, 0.0])
(19023171, [2.0, 0.62, 0.0, 0.61, 0.0, 0.68, 0.0, 2.42, 0.0, 0.0], [0.0, 0.8, 0.0, 0.55, 0.02, 0.03, 0.0, 1.0], [0.2, 25.0, 0.0, 0.0])
(19124358, [2.0, 0.62, 0.0, 0.61, 0.0, 3.6, 0.0, 2.45, 0.0, 0.0], [0.0, 0.8, 0.0, 0.55, 0.02, 0.03, 0.0, 1.0], [0.2, 25.0, 0.0, 0.0])
(19224151, [2.0, 0.63, 0.0, 0.61, 0.0, 3.6, 0.0, 2.46, 0.0, 0.0], [0.0, 0.8, 0.0, 0.55, 0.02, 0.03, 0.0, 1.0], [0.2, 25.0, 0.0, 0.0])
(19323852, [2.0, 0.62, 0.0, 0.61, 0.0, 0.67, 0.0, 2.44, 0.0, 0.0], [0.0, 0.79, 0.0, 0.55, 0.02, 0.03, 0.0, 1.0], [0.2, 25.0, 0.0, 0.0])
(19424021, [2.0, 0.63, 0.0, 0.61, 0.0, 0.67, 0.0, 2.46, 0.0, 0.0], [0.0, 0.79, 0.0, 0.54, 0.02, 0.03, 0.0, 1.0], [0.2, 25.0, 0.0, 0.0])
(19525400, [2.0, 0.62, 0.0, 0.61, 0.0, 3.6, 0.0, 2.44, 0.0, 0.0], [0.0, 0.79, 0.0, 0.55, 0.01, 0.02, 0.0, 1.0], [0.2, 25.0, 0.0, 0.0])
(19624577, [2.0, 0.63, 0.0, 0.61, 0.0, 0.66, 0.0, 2.45, 0.0, 0.0], [0.0, 0.79, 0.0, 0.54, 0.01, 0.02, 0.0, 1.0], [0.2, 25.0, 0.0, 0.0])
(19724742, [2.0, 0.63, 0.0, 0.61, 0.0, 0.66, 0.0, 2.44, 0.0, 0.0], [0.0, 0.79, 0.0, 0.54, 0.01, 0.02, 0.0, 1.0], [0.2, 25.0, 0.0, 0.0])
(19824927, [2.0, 0.63, 0.0, 0.61, 0.0, 3.6, 0.0, 2.46, 0.0, 0.0], [0.0, 0.79, 0.0, 0.55, 0.02, 0.03, 0.0, 1.0], [0.2, 25.0, 0.0, 0.0])
(19924900, [2.0, 0.63, 0.0, 0.61, 0.0, 0.69, 0.0, 2.49, 0.0, 0.0], [0.0, 0.79, 0.0, 0.55, 0.02, 0.03, 0.0, 1.0], [0.2, 25.0, 0.0, 0.0])
(20025054, [2.0, 0.63, 0.0, 0.61, 0.0, 0.69, 0.0, 2.44, 0.0, 0.0], [0.0, 0.79, 0.0, 0.55, 0.02, 0.03, 0.0, 1.0], [0.2, 25.0, 0.0, 0.0])
(20124666, [2.0, 0.62, 0.0, 0.61, 0.0, 0.67, 0.0, 2.44, 0.0, 0.0], [0.0, 0.78, 0.0, 0.56, 0.01, 0.02, 0.0, 1.0], [0.2, 25.0, 0.0, 0.0])
(20224724, [2.0, 0.63, 0.0, 0.61, 0.0, 0.67, 0.0, 2.44, 0.0, 0.0], [0.0, 0.79, 0.0, 0.56, 359.98, 0.0, 0.0, 1.0], [0.2, 25.0, 0.0, 0.0])
(20324699, [2.0, 0.63, 0.0, 0.61, 0.0, 3.6, 0.0, 2.45, 0.0, 0.0], [0.0, 0.79, 0.0, 0.57, 0.01, 0.02, 0.0, 1.0], [0.2, 25.0, 0.0, 0.0])
(20424748, [2.0, 0.62, 0.0, 0.61, 0.0, 3.6, 0.0, 2.42, 0.0, 0.0], [0.0, 0.8, 0.0, 0.55, 0.0, 0.01, 0.0, 1.0], [0.2, 25.0, 0.0, 0.0])
(20525188, [2.0, 0.62, 0.0, 0.61, 0.0, 3.6, 0.0, 2.45, 0.0, 0.0], [0.0, 0.8, 0.0, 0.55, 0.0, 0.01, 0.0, 1.0], [0.2, 25.0, 0.0, 0.0])
(20624874, [2.0, 0.63, 0.0, 0.61, 0.0, 3.6, 0.0, 2.46, 0.0, 0.0], [0.0, 0.8, 0.0, 0.55, 359.99, 0.0, 0.0, 1.0], [0.2, 25.0, 0.0, 0.0])
(20724645, [2.0, 0.63, 0.0, 0.61, 0.0, 3.6, 0.0, 2.43, 0.0, 0.0], [0.0, 0.8, 0.0, 0.54, 0.0, 0.01, 0.0, 1.0], [0.2, 25.0, 0.0, 0.0])
(20824635, [2.0, 0.62, 0.0, 0.61, 0.0, 3.6, 0.0, 2.43, 0.0, 0.0], [0.0, 0.79, 0.0, 0.54, 359.99, 0.0, 0.0, 1.0], [0.2, 25.0, 0.0, 0.0])
(20924703, [2.0, 0.63, 0.0, 0.61, 0.0, 3.6, 0.0, 2.47, 0.0, 0.0], [0.0, 0.8, 0.0, 0.54, 359.98, 0.0, 0.0, 1.0], [0.2, 25.0, 0.0, 0.0])
(21025073, [2.0, 0.63, 0.0, 0.61, 0.0, 0.67, 0.0, 2.46, 0.0, 0.0], [0.0, 0.79, 0.0, 0.54, 0.0, 0.01, 0.0, 1.0], [0.2, 25.0, 0.0, 0.0])
(21124605, [2.0, 0.62, 0.0, 0.61, 0.0, 0.67, 0.0, 2.44, 0.0, 0.0], [0.0, 0.8, 0.0, 0.53, 359.99, 0.01, 0.0, 1.0], [0.2, 25.0, 0.0, 0.0])
(21224634, [2.0, 0.62, 0.0, 0.61, 0.0, 3.6, 0.0, 2.45, 0.0, 0.0], [0.0, 0.81, 0.0, 0.54, 0.0, 0.01, 0.0, 1.0], [0.2, 25.0, 0.0, 0.0])
(21324616, [2.0, 0.63, 0.0, 0.61, 0.0, 3.6, 0.0, 2.47, 0.0, 0.0], [0.0, 0.81, 0.0, 0.54, 0.0, 0.01, 0.0, 1.0], [0.2, 25.0, 0.0, 0.0])
(21424631, [2.0, 0.62, 0.0, 0.61, 0.0, 3.6, 0.0, 2.45, 0.0, 0.0], [0.0, 0.8, 0.0, 0.54, 0.0, 0.01, 0.0, 1.0], [0.2, 25.0, 0.0, 0.0])
(21525062, [2.0, 0.62, 0.0, 0.61, 0.0, 3.6, 0.0, 2.44, 0.0, 0.0], [0.0, 0.8, 0.0, 0.55, 0.0, 0.01, 0.0, 1.0], [0.2, 25.0, 0.0, 0.0])
(21624727, [2.0, 0.62, 0.0, 0.61, 0.0, 3.6, 0.0, 2.48, 0.0, 0.0], [0.0, 0.8, 0.0, 0.55, 0.01, 0.02, 0.0, 1.0], [0.2, 25.0, 0.0, 0.0])
(21725159, [2.0, 0.62, 0.0, 0.61, 0.0, 3.6, 0.0, 2.44, 0.0, 0.0], [0.0, 0.8, 0.0, 0.54, 0.01, 0.02, 0.0, 1.0], [0.2, 25.0, 0.0, 0.0])
(21825738, [2.0, 0.63, 0.0, 0.61, 0.0, 3.6, 0.0, 2.44, 0.0, 0.0], [0.0, 0.81, 0.0, 0.54, 0.01, 0.02, 0.0, 1.0], [0.2, 25.0, 0.0, 0.0])
(21924785, [2.0, 0.62, 0.0, 0.61, 0.0, 3.6, 0.0, 2.44, 0.0, 0.0], [0.0, 0.81, 0.0, 0.54, 0.03, 0.04, 0.0, 1.0], [0.2, 25.0, 0.0, 0.0])
(22025157, [2.0, 0.63, 0.0, 0.61, 0.0, 0.63, 0.0, 2.44, 0.0, 0.0], [0.0, 0.8, 0.0, 0.55, 0.02, 0.03, 0.0, 1.0], [0.2, 25.0, 0.0, 0.0])
(22124635, [2.0, 0.63, 0.0, 0.61, 0.0, 0.63, 0.0, 2.44, 0.0, 0.0], [0.0, 0.81, 0.0, 0.56, 0.01, 0.02, 0.0, 1.0], [0.2, 25.0, 0.0, 0.0])
(22224761, [2.0, 0.62, 0.0, 0.61, 0.0, 3.6, 0.0, 2.46, 0.0, 0.0], [0.0, 0.81, 0.0, 0.56, 0.01, 0.02, 0.0, 1.0], [0.2, 25.0, 0.0, 0.0])
(22324685, [2.0, 0.62, 0.0, 0.61, 0.0, 3.6, 0.0, 2.46, 0.0, 0.0], [0.0, 0.8, 0.0, 0.56, 0.01, 0.02, 0.0, 1.0], [0.2, 25.0, 0.0, 0.0])
(22425057, [2.0, 0.63, 0.0, 0.61, 0.0, 3.6, 0.0, 2.43, 0.0, 0.0], [0.0, 0.81, 0.0, 0.55, 0.01, 0.02, 0.0, 1.0], [0.2, 25.0, 0.0, 0.0])
(22524674, [2.0, 0.63, 0.0, 0.61, 0.0, 0.66, 0.0, 2.45, 0.0, 0.0], [0.0, 0.8, 0.0, 0.56, 0.03, 0.03, 0.0, 1.0], [0.2, 25.0, 0.0, 0.0])
(22624980, [2.0, 0.63, 0.0, 0.61, 0.0, 0.68, 0.0, 2.45, 0.0, 0.0], [0.0, 0.81, 0.0, 0.58, 0.03, 0.01, 0.0, 1.0], [0.2, 25.0, 0.0, 0.0])
(22724965, [2.0, 0.62, 0.0, 0.61, 0.0, 0.68, 0.0, 2.45, 0.0, 0.0], [0.0, 0.83, 0.0, 0.61, 0.03, 0.0, 0.0, 1.0], [0.2, 25.0, 0.0, 0.0])
(22824641, [2.0, 0.62, 0.0, 0.61, 0.0, 3.6, 0.0, 2.46, 0.0, 0.0], [0.0, 0.8, 0.0, 0.59, 0.03, 0.0, 0.0, 1.0], [0.2, 25.0, 0.0, 0.0])
(22924778, [2.0, 0.63, 0.0, 0.61, 0.0, 3.6, 0.0, 2.44, 0.0, 0.0], [0.0, 0.83, 0.0, 0.62, 0.03, 359.97, 0.0, 1.0], [0.2, 25.0, 0.0, 0.0])
(23024726, [2.0, 0.63, 0.0, 0.61, 0.0, 3.6, 0.0, 2.43, 0.0, 0.0], [-0.92, 0.8, 0.9, 0.65, 0.03, 359.97, 0.0, 1.0], [0.2, 25.0, 0.0, 0.0])
(23125683, [2.0, 0.63, 0.0, 0.61, 0.0, 3.6, 0.0, 2.45, 0.0, 0.0], [-1.53, 0.79, 1.51, 0.66, 0.03, 359.98, 0.0, 1.0], [0.2, 25.0, 0.0, 0.0])
(23225640, [2.0, 0.63, 0.0, 0.61, 0.0, 3.6, 0.0, 2.43, 0.0, 0.0], [-1.84, 0.8, 1.8, 0.66, 0.03, 359.97, 0.0, 1.0], [0.2, 25.0, 0.0, 0.0])
(23325657, [2.0, 0.63, 0.0, 0.61, 0.0, 0.71, 0.0, 2.47, 0.0, 0.0], [-2.0, 0.8, 1.94, 0.67, 0.03, 359.96, 0.0, 1.0], [0.2, 25.0, 0.0, 0.0])
(23425375, [2.0, 0.63, 0.0, 0.61, 0.0, 0.65, 0.0, 2.42, 0.0, 0.0], [-2.47, 0.77, 1.22, 0.66, 0.03, 359.94, 0.0, 1.0], [0.2, 25.0, 0.0, 0.0])
(23525460, [2.0, 0.62, 0.0, 0.61, 0.0, 0.65, 0.0, 2.42, 0.0, 0.0], [-2.72, 0.81, 0.7, 0.66, 0.03, 359.93, 0.0, 1.0], [0.2, 25.0, 0.0, 0.0])
(23626358, [2.0, 0.63, 0.0, 0.61, 0.0, 3.6, 0.0, 2.45, 0.0, 0.0], [-2.73, 0.82, 0.68, 0.66, 0.03, 359.91, 0.0, 1.0], [0.2, 25.0, 0.0, 0.0])
(23726089, [2.0, 0.63, 0.0, 0.61, 0.0, 3.6, 0.0, 2.46, 0.0, 0.0], [-2.42, 0.81, 1.4, 0.68, 0.03, 359.89, 0.0, 1.0], [0.2, 25.0, 0.0, 0.0])
(23826017, [2.0, 0.63, 0.0, 0.61, 0.0, 3.6, 0.0, 2.46, 0.0, 0.0], [-2.28, 0.82, 1.75, 0.69, 0.03, 359.87, 0.0, 1.0], [0.2, 25.0, 0.0, 0.0])
(23926821, [2.0, 0.63, 0.0, 0.61, 0.0, 3.6, 0.0, 2.44, 0.0, 0.0], [-2.21, 0.81, 1.92, 0.7, 0.03, 359.84, 0.0, 1.0], [0.2, 25.0, 0.0, 0.0])
(24026025, [2.0, 0.63, 0.0, 0.61, 0.0, 3.6, 0.0, 2.44, 0.0, 0.0], [-2.17, 0.82, 2.01, 0.71, 0.03, 359.8, 0.0, 1.0], [0.2, 25.0, 0.0, 0.0])
(24126426, [2.0, 0.63, 0.0, 0.61, 0.0, 0.65, 0.0, 2.45, 0.0, 0.0], [-2.48, 0.81, 1.32, 0.7, 0.03, 359.77, 0.0, 1.0], [0.2, 25.0, 0.0, 0.0])
(24226324, [2.0, 0.63, 0.0, 0.61, 0.0, 0.65, 0.0, 2.45, 0.0, 0.0], [-2.72, 0.81, 0.74, 0.66, 0.03, 359.71, 0.0, 1.0], [0.28, 25.0, 0.0, 0.0])
(24326883, [2.0, 0.63, 0.0, 0.61, 0.0, 3.6, 0.0, 2.48, 0.0, 0.0], [-2.49, 0.82, 1.27, 0.69, 0.03, 359.68, 0.0, 1.0], [0.2, 25.0, 0.0, 0.0])
(24426097, [2.0, 0.63, 0.0, 0.61, 0.0, 3.6, 0.0, 2.44, 0.0, 0.0], [-2.31, 0.82, 1.68, 0.69, 0.03, 359.64, 0.0, 1.0], [0.2, 25.0, 0.0, 0.0])
(24526098, [2.0, 0.63, 0.0, 0.61, 0.0, 3.6, 0.0, 2.46, 0.0, 0.0], [-2.22, 0.82, 1.9, 0.72, 0.03, 359.55, 0.0, 1.0], [0.35, 25.0, 0.0, 0.0])
(24626837, [2.0, 0.62, 0.0, 0.61, 0.0, 3.6, 0.0, 2.46, 0.0, 0.0], [-2.17, 0.84, 2.01, 0.7, 0.03, 359.5, 0.01, 1.0], [0.2, 25.0, 0.0, 0.0])
(24727517, [2.0, 0.63, 0.0, 0.61, 0.0, 3.6, 0.0, 2.43, 0.0, 0.0], [-2.15, 0.82, 2.06, 0.71, 0.03, 359.42, 0.01, 1.0], [0.2, 25.0, 0.0, 0.0])
(24827453, [2.0, 0.63, 0.0, 0.61, 0.0, 3.6, 0.0, 2.47, 0.0, 0.0], [-2.14, 0.84, 2.07, 0.71, 0.03, 359.37, 0.01, 1.0], [0.2, 25.0, 0.0, 0.0])
(24927381, [2.0, 0.63, 0.0, 0.61, 0.0, 3.6, 0.0, 2.46, 0.0, 0.0], [-2.14, 0.83, 2.08, 0.73, 0.03, 359.24, 0.01, 1.0], [0.2, 25.0, 0.0, 0.0])
(25028124, [2.0, 0.62, 0.0, 0.61, 0.0, 0.69, 0.0, 2.47, 0.0, 0.0], [-2.39, 0.82, 1.6, 0.66, 0.03, 359.22, 0.01, 1.0], [0.2, 25.0, 0.0, 0.0])
(25128051, [2.0, 0.62, 0.0, 0.61, 0.0, 0.69, 0.0, 2.48, 0.0, 0.0], [-2.66, 0.84, 1.07, 0.73, 0.03, 359.15, 0.01, 1.0], [0.2, 25.0, 0.0, 0.0])
(25227477, [2.0, 0.63, 0.0, 0.61, 0.0, 3.6, 0.0, 2.4, 0.0, 0.0], [-2.54, 0.85, 1.28, 0.71, 0.03, 359.11, 0.02, 1.0], [0.2, 25.0, 0.0, 0.0])
(25327390, [2.0, 0.63, 0.0, 0.61, 0.0, 0.62, 0.0, 2.46, 0.0, 0.0], [-2.73, 0.84, 0.69, 0.72, 0.03, 359.04, 0.02, 1.0], [0.2, 25.0, 0.0, 0.0])
(25427362, [2.0, 0.63, 0.0, 0.6, 0.0, 0.62, 0.0, 2.45, 0.0, 0.0], [-2.85, 0.84, 0.32, 0.7, 0.03, 358.98, 0.02, 1.0], [0.2, 25.0, 0.0, 0.0])
(25527463, [2.0, 0.63, 0.0, 0.61, 0.0, 3.6, 0.0, 2.44, 0.0, 0.0], [-2.52, 0.84, 1.13, 0.69, 0.03, 358.93, 0.02, 1.0], [0.2, 25.0, 0.0, 0.0])
(25627563, [2.0, 0.62, 0.0, 0.61, 0.0, 3.6, 0.0, 2.46, 0.0, 0.0], [-2.32, 0.84, 1.62, 0.74, 0.03, 358.84, 0.02, 1.0], [0.2, 25.0, 0.0, 0.0])
(25729145, [2.0, 0.62, 0.0, 0.6, 0.0, 3.6, 0.0, 2.43, 0.0, 0.0], [-2.22, 0.85, 1.86, 0.73, 0.03, 358.81, 0.02, 1.0], [0.2, 25.0, 0.0, 0.0])
(25829826, [2.0, 0.63, 0.0, 0.61, 0.0, 3.6, 0.0, 2.45, 0.0, 0.0], [-2.18, 0.87, 1.98, 0.72, 0.03, 358.71, 0.01, 1.0], [0.2, 25.0, 0.0, 0.0])
(25929249, [2.0, 0.62, 0.0, 0.6, 0.0, 3.6, 0.0, 2.49, 0.0, 0.0], [-2.16, 0.86, 2.04, 0.72, 0.03, 358.56, 0.01, 1.0], [0.2, 25.0, 0.0, 0.0])
(26029361, [2.0, 0.62, 0.0, 0.6, 0.0, 3.6, 0.0, 2.45, 0.0, 0.0], [-2.15, 0.86, 2.06, 0.72, 0.03, 358.45, 0.01, 1.0], [0.2, 25.0, 0.0, 0.0])
(26130252, [2.0, 0.62, 0.0, 0.6, 0.0, 3.6, 0.0, 2.45, 0.0, 0.0], [-2.15, 0.87, 2.08, 0.71, 0.03, 358.18, 0.01, 1.0], [0.2, 25.0, 0.0, 0.0])
(26229209, [2.0, 0.63, 0.0, 0.61, 0.0, 3.6, 0.0, 2.45, 0.0, 0.0], [-2.15, 0.87, 2.07, 0.72, 0.03, 358.03, 0.01, 1.0], [0.2, 25.0, 0.0, 0.0])
(26329234, [2.0, 0.63, 0.0, 0.6, 0.0, 3.6, 0.0, 2.46, 0.0, 0.0], [-2.16, 0.86, 2.07, 0.71, 0.03, 357.88, 0.01, 1.0], [0.2, 25.0, 0.0, 0.0])
(26429329, [2.0, 0.62, 0.0, 0.61, 0.0, 3.6, 0.0, 2.46, 0.0, 0.0], [-2.15, 0.86, 2.08, 0.71, 0.03, 357.79, 0.02, 1.0], [0.2, 25.0, 0.0, 0.0])
(26529369, [2.0, 0.62, 0.0, 0.6, 0.0, 3.6, 0.0, 2.46, 0.0, 0.0], [-2.14, 0.89, 2.09, 0.73, 0.03, 357.68, 0.02, 1.0], [0.2, 25.0, 0.0, 0.0])
(26629767, [2.0, 0.62, 0.0, 0.6, 0.0, 3.6, 0.0, 3.6, 0.0, 0.0], [-2.14, 0.88, 2.09, 0.72, 0.03, 357.66, 0.03, 1.0], [0.2, 25.0, 0.0, 0.0])
(26731540, [2.0, 0.62, 0.0, 0.6, 0.0, 0.68, 0.0, 2.43, 0.0, 0.0], [-2.36, 0.89, 1.64, 0.73, 0.03, 357.58, 0.03, 1.0], [0.2, 25.0, 0.0, 0.0])
(26832727, [2.0, 0.62, 0.0, 0.6, 0.0, 0.63, 0.0, 2.46, 0.0, 0.0], [-2.67, 0.89, 0.88, 0.72, 0.03, 357.53, 0.03, 1.0], [0.2, 25.0, 0.0, 0.0])
(26931356, [2.0, 0.63, 0.0, 0.61, 0.0, 0.63, 0.0, 2.45, 0.0, 0.0], [-2.82, 0.89, 0.48, 0.73, 0.03, 357.52, 0.03, 1.0], [0.2, 25.0, 0.0, 0.0])
(27031881, [2.0, 0.62, 0.0, 0.61, 0.0, 3.6, 0.0, 2.47, 0.0, 0.0], [-2.5, 0.89, 1.19, 0.72, 0.03, 357.4, 0.02, 1.0], [0.2, 25.0, 0.0, 0.0])
(27131825, [2.0, 0.62, 0.0, 0.6, 0.0, 3.6, 0.0, 2.46, 0.0, 0.0], [-2.31, 0.9, 1.65, 0.72, 0.03, 357.35, 0.02, 1.0], [0.2, 25.0, 0.0, 0.0])
(27231550, [2.0, 0.62, 0.0, 0.6, 0.0, 3.6, 0.0, 2.5, 0.0, 0.0], [-2.23, 0.91, 1.87, 0.71, 0.03, 357.26, 0.02, 1.0], [0.2, 25.0, 0.0, 0.0])
(27331599, [2.0, 0.63, 0.0, 0.61, 0.0, 3.6, 0.0, 2.46, 0.0, 0.0], [-2.17, 0.91, 1.99, 0.71, 0.03, 357.23, 0.02, 1.0], [0.2, 25.0, 0.0, 0.0])
(27432170, [2.0, 0.62, 0.0, 0.6, 0.0, 0.67, 0.0, 2.45, 0.0, 0.0], [-2.29, 0.89, 1.78, 0.74, 0.03, 357.15, 0.02, 1.0], [0.2, 25.0, 0.0, 0.0])
(27531856, [2.0, 0.62, 0.0, 0.6, 0.0, 0.67, 0.0, 2.48, 0.0, 0.0], [-2.62, 0.89, 1.08, 0.73, 0.03, 357.08, 0.02, 1.0], [0.2, 25.0, 0.0, 0.0])
(27631772, [2.0, 0.62, 0.0, 0.6, 0.0, 3.6, 0.0, 2.43, 0.0, 0.0], [-2.7, 0.9, 0.89, 0.69, 0.03, 357.05, 0.03, 1.0], [0.2, 25.0, 0.0, 0.0])
(27732381, [2.0, 0.62, 0.0, 0.6, 0.0, 3.6, 0.0, 2.45, 0.0, 0.0], [-2.42, 0.91, 1.5, 0.71, 0.03, 357.05, 0.03, 1.0], [0.2, 25.0, 0.0, 0.0])
(27832818, [2.0, 0.63, 0.0, 0.6, 0.0, 3.6, 0.0, 2.47, 0.0, 0.0], [-2.28, 0.92, 1.79, 0.71, 0.03, 357.01, 0.02, 1.0], [0.2, 25.0, 0.0, 0.0])
(27932334, [2.0, 0.62, 0.0, 0.6, 0.0, 3.6, 0.0, 2.46, 0.0, 0.0], [-2.22, 0.97, 1.93, 0.63, 0.03, 356.9, 0.02, 1.0], [0.2, 25.0, 0.0, 0.0])
(28032351, [2.0, 0.62, 0.0, 0.61, 0.0, 3.6, 0.0, 2.46, 0.0, 0.0], [-2.17, 0.98, 2.02, 0.58, 0.03, 356.81, 0.02, 1.0], [0.2, 25.0, 0.0, 0.0])
(28132984, [2.0, 0.62, 0.0, 0.6, 0.0, 3.6, 0.0, 2.45, 0.0, 0.0], [-2.14, 1.02, 2.07, 0.49, 0.03, 356.74, 0.02, 1.0], [0.2, 25.0, 0.0, 0.0])
(28232622, [2.0, 0.62, 0.0, 0.6, 0.0, 3.6, 0.0, 2.42, 0.0, 0.0], [-2.14, 1.09, 2.08, 0.45, 0.03, 356.69, 0.02, 1.0], [0.2, 25.0, 0.0, 0.0])
(28332394, [2.0, 0.62, 0.0, 0.6, 0.0, 3.6, 0.0, 2.46, 0.0, 0.0], [-2.14, 1.11, 2.09, 0.59, 0.03, 356.84, 0.02, 1.0], [0.2, 25.0, 0.0, 0.0])
(28432939, [2.0, 0.62, 0.0, 0.6, 0.0, 3.6, 0.0, 2.45, 0.0, 0.0], [-2.14, 1.11, 2.09, 0.59, 0.03, 356.81, 0.02, 1.0], [0.2, 25.0, 0.0, 0.0])
(28532340, [2.0, 0.62, 0.0, 0.61, 0.0, 3.6, 0.0, 2.44, 0.0, 0.0], [-2.14, 1.17, 2.09, 0.55, 0.03, 356.82, 0.02, 1.0], [0.2, 25.0, 0.0, 0.0])
(28633151, [2.0, 0.62, 0.0, 0.6, 0.0, 0.64, 0.0, 2.47, 0.0, 0.0], [-2.37, 1.15, 1.58, 0.58, 0.03, 356.82, 0.01, 1.0], [0.2, 25.0, 0.0, 0.0])
(28733032, [2.0, 0.62, 0.0, 0.6, 0.0, 0.64, 0.0, 2.49, 0.0, 0.0], [-2.67, 1.16, 0.87, 0.58, 0.03, 356.81, 0.01, 1.0], [0.2, 25.0, 0.0, 0.0])
(28833693, [2.0, 0.62, 0.0, 0.6, 0.0, 0.65, 0.0, 2.48, 0.0, 0.0], [-2.82, 1.17, 0.53, 0.54, 0.03, 356.81, 0.01, 1.0], [0.2, 25.0, 0.0, 0.0])
(28932402, [2.0, 0.62, 0.0, 0.6, 0.0, 0.67, 0.0, 2.45, 0.0, 0.0], [-2.89, 1.19, 0.4, 0.54, 0.03, 356.81, 0.01, 1.0], [0.2, 25.0, 0.0, 0.0])
(29032317, [2.0, 0.62, 0.0, 0.6, 0.0, 0.67, 0.0, 2.47, 0.0, 0.0], [-2.91, 1.2, 0.4, 0.55, 0.03, 356.8, 0.01, 1.0], [0.2, 25.0, 0.0, 0.0])
(29133074, [2.0, 0.62, 0.0, 0.6, 0.0, 3.6, 0.0, 2.47, 0.0, 0.0], [-2.83, 1.11, 0.58, 0.69, 0.03, 356.73, 0.01, 1.0], [0.2, 25.0, 0.0, 0.0])
(29232299, [2.0, 0.62, 0.0, 0.61, 0.0, 3.6, 0.0, 2.45, 0.0, 0.0], [-2.48, 1.11, 1.34, 0.69, 0.03, 356.69, 0.01, 1.0], [0.2, 25.0, 0.0, 0.0])
(29332580, [2.0, 0.62, 0.0, 0.6, 0.0, 3.6, 0.0, 2.44, 0.0, 0.0], [-2.3, 1.13, 1.73, 0.72, 0.03, 356.66, 0.01, 1.0], [0.2, 25.0, 0.0, 0.0])
(29432607, [2.0, 0.62, 0.0, 0.6, 0.0, 3.6, 0.0, 2.44, 0.0, 0.0], [-2.22, 1.11, 1.91, 0.72, 0.03, 356.65, 0.01, 1.0], [0.2, 25.0, 0.0, 0.0])
(29532637, [2.0, 0.62, 0.0, 0.6, 0.0, 3.6, 0.0, 2.44, 0.0, 0.0], [-2.18, 1.1, 2.0, 0.72, 0.03, 356.63, 0.01, 1.0], [0.2, 25.0, 0.0, 0.0])
(29633051, [2.0, 0.62, 0.0, 0.61, 0.0, 3.6, 0.0, 2.45, 0.0, 0.0], [-2.15, 1.12, 2.06, 0.72, 0.03, 356.62, 0.01, 1.0], [0.2, 25.0, 0.0, 0.0])
(29733031, [2.0, 0.62, 0.0, 0.61, 0.0, 3.6, 0.0, 2.45, 0.0, 0.0], [-2.13, 1.1, 2.09, 0.73, 0.03, 356.61, 0.01, 1.0], [0.2, 25.0, 0.0, 0.0])
(29832989, [2.0, 0.63, 0.0, 0.6, 0.0, 0.66, 0.0, 2.47, 0.0, 0.0], [-2.14, 1.11, 2.08, 0.72, 0.03, 356.59, 0.01, 1.0], [0.2, 25.0, 0.0, 0.0])
(29933011, [2.0, 0.62, 0.0, 0.6, 0.0, 0.66, 0.0, 2.48, 0.0, 0.0], [-2.55, 1.11, 1.2, 0.71, 0.03, 356.57, 0.01, 1.0], [0.2, 25.0, 0.0, 0.0])
(30034950, [2.0, 0.62, 0.0, 0.6, 0.0, 3.6, 0.0, 2.47, 0.0, 0.0], [-2.75, 1.09, 0.76, 0.71, 0.03, 356.57, 0.01, 1.0], [0.2, 25.0, 0.0, 0.0])
(30133825, [2.0, 0.62, 0.0, 0.6, 0.0, 3.6, 0.0, 2.44, 0.0, 0.0], [-2.45, 1.1, 1.4, 0.72, 0.03, 356.56, 0.01, 1.0], [0.2, 25.0, 0.0, 0.0])
(30233292, [2.0, 0.62, 0.0, 0.6, 0.0, 3.6, 0.0, 2.48, 0.0, 0.0], [-2.28, 1.11, 1.76, 0.72, 0.03, 356.55, 0.01, 1.0], [0.2, 25.0, 0.0, 0.0])
(30333242, [2.0, 0.62, 0.0, 0.6, 0.0, 3.6, 0.0, 2.44, 0.0, 0.0], [-2.21, 1.1, 1.93, 0.72, 0.03, 356.55, 0.01, 1.0], [0.2, 25.0, 0.0, 0.0])
(30433651, [2.0, 0.62, 0.0, 0.6, 0.0, 3.6, 0.0, 2.47, 0.0, 0.0], [-2.17, 1.09, 2.01, 0.71, 0.03, 356.55, 0.01, 1.0], [0.2, 25.0, 0.0, 0.0])
(30534177, [2.0, 0.62, 0.0, 0.6, 0.0, 3.6, 0.0, 2.47, 0.0, 0.0], [-2.16, 1.09, 2.05, 0.72, 0.03, 356.54, 0.01, 1.0], [0.2, 25.0, 0.0, 0.0])
(30633652, [2.0, 0.62, 0.0, 0.6, 0.0, 3.6, 0.0, 2.47, 0.0, 0.0], [-2.15, 1.1, 2.07, 0.72, 0.03, 356.54, 0.01, 1.0], [0.2, 25.0, 0.0, 0.0])
(30733377, [2.0, 0.62, 0.0, 0.6, 0.0, 0.68, 0.0, 2.47, 0.0, 0.0], [-2.37, 1.11, 1.63, 0.72, 0.03, 356.53, 0.01, 1.0], [0.2, 25.0, 0.0, 0.0])
(30834162, [2.0, 0.62, 0.0, 0.6, 0.0, 0.68, 0.0, 2.46, 0.0, 0.0], [-2.66, 1.1, 1.02, 0.72, 0.03, 356.52, 0.0, 1.0], [0.2, 25.0, 0.0, 0.0])
(30934179, [2.0, 0.62, 0.0, 0.61, 0.0, 3.6, 0.0, 2.47, 0.0, 0.0], [-2.56, 1.1, 1.2, 0.72, 0.03, 356.51, 0.0, 1.0], [0.2, 25.0, 0.0, 0.0])
(31034432, [2.0, 0.62, 0.0, 0.6, 0.0, 3.6, 0.0, 2.44, 0.0, 0.0], [-2.35, 1.1, 1.64, 0.72, 0.03, 356.51, 0.0, 1.0], [0.2, 25.0, 0.0, 0.0])
(31134888, [2.0, 0.62, 0.0, 0.6, 0.0, 0.6, 0.0, 2.51, 0.0, 0.0], [-2.48, 1.1, 1.28, 0.71, 0.03, 356.5, 0.0, 1.0], [0.2, 25.0, 0.0, 0.0])
(31234555, [2.0, 0.62, 0.0, 0.6, 0.0, 0.6, 0.0, 2.45, 0.0, 0.0], [-2.73, 1.1, 0.57, 0.71, 0.03, 356.5, 0.0, 1.0], [0.2, 25.0, 0.0, 0.0])
(31334267, [2.0, 0.63, 0.0, 0.61, 0.0, 3.6, 0.0, 2.47, 0.0, 0.0], [-2.56, 1.1, 0.93, 0.71, 0.03, 356.5, 0.0, 1.0], [0.2, 25.0, 0.0, 0.0])
(31434861, [2.0, 0.62, 0.0, 0.6, 0.0, 3.6, 0.0, 2.49, 0.0, 0.0], [-2.36, 1.1, 1.51, 0.72, 0.03, 356.5, 0.0, 1.0], [0.2, 25.0, 0.0, 0.0])
(31534134, [2.0, 0.63, 0.0, 0.6, 0.0, 0.64, 0.0, 2.47, 0.0, 0.0], [-2.49, 1.09, 1.26, 0.71, 0.03, 356.49, 0.0, 1.0], [0.2, 25.0, 0.0, 0.0])
(31634336, [2.0, 0.62, 0.0, 0.6, 0.0, 0.64, 0.0, 2.44, 0.0, 0.0], [-2.73, 1.08, 0.71, 0.71, 0.03, 356.49, 0.0, 1.0], [0.2, 25.0, 0.0, 0.0])
(31734560, [2.0, 0.62, 0.0, 0.6, 0.0, 3.6, 0.0, 2.44, 0.0, 0.0], [-2.57, 1.07, 1.06, 0.71, 0.03, 356.49, 0.0, 1.0], [0.2, 25.0, 0.0, 0.0])
(43534231, [2.0, 0.62, 0.0, 0.6, 0.0, 0.68, 0.0, 2.48, 0.0, 0.0], [0.0, 0.8, 0.0, 0.73, 356.13, 356.16, 0.0, 1.0], [0.2, 25.0, 0.0, 0.0])
(43634130, [2.0, 0.62, 0.0, 0.6, 0.0, 3.6, 0.0, 2.44, 0.0, 0.0], [0.0, 0.8, 0.0, 0.73, 356.13, 356.15, 0.0, 1.0], [0.2, 25.0, 0.0, 0.0])
(43734058, [2.0, 0.62, 0.0, 0.6, 0.0, 3.6, 0.0, 2.45, 0.0, 0.0], [0.0, 0.8, 0.0, 0.73, 356.13, 356.15, 0.0, 1.0], [0.2, 25.0, 0.0, 0.0])
(43834101, [2.0, 0.62, 0.0, 0.6, 0.0, 3.6, 0.0, 2.48, 0.0, 0.0], [0.0, 0.8, 0.0, 0.73, 356.13, 356.15, 0.0, 1.0], [0.2, 25.0, 0.0, 0.0])
(43934204, [2.0, 0.63, 0.0, 0.6, 0.0, 3.6, 0.0, 2.44, 0.0, 0.0], [0.0, 0.8, 0.0, 0.73, 356.13, 356.15, 0.0, 1.0], [0.2, 25.0, 0.0, 0.0])
(44034118, [2.0, 0.62, 0.0, 0.6, 0.0, 0.67, 0.0, 2.47, 0.0, 0.0], [0.0, 0.8, 0.0, 0.74, 356.13, 356.15, 0.0, 1.0], [0.2, 25.0, 0.0, 0.0])
(44134002, [2.0, 0.62, 0.0, 0.6, 0.0, 0.67, 0.0, 2.47, 0.0, 0.0], [0.0, 0.8, 0.0, 0.74, 356.12, 356.15, 0.0, 1.0], [0.2, 25.0, 0.0, 0.0])
(44234314, [2.0, 0.62, 0.0, 0.6, 0.0, 3.6, 0.0, 2.41, 0.0, 0.0], [0.0, 0.8, 0.0, 0.74, 356.12, 356.14, 0.0, 1.0], [0.2, 25.0, 0.0, 0.0])
(44333955, [2.0, 0.62, 0.0, 0.6, 0.0, 3.6, 0.0, 2.47, 0.0, 0.0], [0.0, 0.81, 0.0, 0.74, 356.12, 356.14, 0.0, 1.0], [0.2, 25.0, 0.0, 0.0])
(44433881, [2.0, 0.62, 0.0, 0.6, 0.0, 3.6, 0.0, 2.47, 0.0, 0.0], [0.0, 0.8, 0.0, 0.74, 356.11, 356.13, 0.0, 1.0], [0.2, 25.0, 0.0, 0.0])
(44534026, [2.0, 0.62, 0.0, 0.6, 0.0, 3.6, 0.0, 2.48, 0.0, 0.0], [0.0, 0.8, 0.0, 0.74, 356.11, 356.13, 0.0, 1.0], [0.2, 25.0, 0.0, 0.0])
(44633936, [2.0, 0.62, 0.0, 0.6, 0.0, 3.6, 0.0, 2.45, 0.0, 0.0], [0.0, 0.8, 0.0, 0.74, 356.11, 356.13, 0.0, 1.0], [0.2, 25.0, 0.0, 0.0])
(44733921, [2.0, 0.62, 0.0, 0.61, 0.0, 3.6, 0.0, 2.45, 0.0, 0.0], [0.0, 0.8, 0.0, 0.74, 356.11, 356.13, 0.0, 1.0], [0.2, 25.0, 0.0, 0.0])
(44833945, [2.0, 0.63, 0.0, 0.6, 0.0, 3.6, 0.0, 2.44, 0.0, 0.0], [0.0, 0.8, 0.0, 0.74, 356.11, 356.13, 0.0, 1.0], [0.2, 25.0, 0.0, 0.0])
(44933916, [2.0, 0.62, 0.0, 0.6, 0.0, 3.6, 0.0, 2.48, 0.0, 0.0], [0.0, 0.8, 0.0, 0.74, 356.1, 356.13, 0.0, 1.0], [0.2, 25.0, 0.0, 0.0])
(45034333, [2.0, 0.62, 0.0, 0.6, 0.0, 3.6, 0.0, 2.45, 0.0, 0.0], [0.0, 0.8, 0.0, 0.74, 356.11, 356.13, 0.0, 1.0], [0.2, 25.0, 0.0, 0.0])
(45134326, [2.0, 0.62, 0.0, 0.61, 0.0, 0.7, 0.0, 2.46, 0.0, 0.0], [0.0, 0.8, 0.0, 0.74, 356.1, 356.13, 0.0, 1.0], [0.2, 25.0, 0.0, 0.0])
(45233910, [2.0, 0.62, 0.0, 0.61, 0.0, 0.64, 0.0, 2.46, 0.0, 0.0], [0.0, 0.8, 0.0, 0.74, 356.1, 356.12, 0.0, 1.0], [0.2, 25.0, 0.0, 0.0])
(45333927, [2.0, 0.63, 0.0, 0.6, 0.0, 0.67, 0.0, 2.45, 0.0, 0.0], [0.0, 0.8, 0.0, 0.74, 356.1, 356.12, 0.0, 1.0], [0.2, 25.0, 0.0, 0.0])
(45433944, [2.0, 0.62, 0.0, 0.6, 0.0, 0.67, 0.0, 2.46, 0.0, 0.0], [0.0, 0.8, 0.0, 0.75, 356.1, 356.12, 0.0, 1.0], [0.2, 25.0, 0.0, 0.0])
(45533995, [2.0, 0.62, 0.0, 0.6, 0.0, 3.6, 0.0, 2.44, 0.0, 0.0], [0.0, 0.8, 0.0, 0.75, 356.09, 356.11, 0.0, 1.0], [0.2, 25.0, 0.0, 0.0])
(45633904, [2.0, 0.62, 0.0, 0.6, 0.0, 0.7, 0.0, 2.45, 0.0, 0.0], [0.0, 0.8, 0.0, 0.75, 356.09, 356.11, 0.0, 1.0], [0.54, 25.0, 0.0, 0.0])
(45733928, [2.0, 0.62, 0.0, 0.6, 0.0, 0.7, 0.0, 2.47, 0.0, 0.0], [0.0, 0.8, 0.0, 0.75, 356.09, 356.11, 0.0, 1.0], [0.54, 25.0, 0.0, 0.0])
(45834094, [2.0, 0.62, 0.0, 0.6, 0.0, 0.67, 0.0, 2.46, 0.0, 0.0], [0.0, 0.8, 0.0, 0.75, 356.09, 356.11, 0.0, 1.0], [0.54, 25.0, 0.0, 0.0])
(45933947, [2.0, 0.62, 0.0, 0.6, 0.0, 0.67, 0.0, 2.45, 0.0, 0.0], [0.0, 0.8, 0.0, 0.75, 356.1, 356.12, 0.0, 1.0], [0.54, 25.0, 0.0, 0.0])
(46033999, [2.0, 0.62, 0.0, 0.6, 0.0, 3.6, 0.0, 2.46, 0.0, 0.0], [0.0, 0.79, 0.0, 0.75, 356.09, 356.11, 0.0, 1.0], [0.54, 25.0, 0.0, 0.0])
(46133969, [2.0, 0.62, 0.0, 0.6, 0.0, 3.6, 0.0, 2.46, 0.0, 0.0], [0.0, 0.79, 0.0, 0.76, 356.08, 356.11, 0.0, 1.0], [0.55, 25.0, 0.0, 0.0])
(46233915, [2.0, 0.62, 0.0, 0.6, 0.0, 3.6, 0.0, 2.44, 0.0, 0.0], [0.0, 0.8, 0.0, 0.76, 356.09, 356.11, 0.0, 1.0], [0.55, 25.0, 0.0, 0.0])
(46333972, [2.0, 0.62, 0.0, 0.6, 0.0, 3.6, 0.0, 2.47, 0.0, 0.0], [0.0, 0.79, 0.0, 0.76, 356.08, 356.1, 0.0, 1.0], [0.55, 25.0, 0.0, 0.0])
(46433940, [2.0, 0.63, 0.0, 0.6, 0.0, 0.68, 0.0, 2.46, 0.0, 0.0], [0.0, 0.79, 0.0, 0.76, 356.05, 356.07, 0.0, 1.0], [0.56, 25.0, 0.0, 0.0])
(46534392, [2.0, 0.62, 0.0, 0.6, 0.0, 0.68, 0.0, 2.46, 0.0, 0.0], [0.0, 0.79, 0.0, 0.76, 356.04, 356.06, 0.0, 1.0], [0.55, 25.0, 0.0, 0.0])
(46634011, [2.0, 0.62, 0.0, 0.6, 0.0, 3.6, 0.0, 2.47, 0.0, 0.0], [0.0, 0.8, 0.0, 0.76, 356.07, 356.09, 0.0, 1.0], [0.55, 25.0, 0.0, 0.0])
(46733944, [2.0, 0.62, 0.0, 0.61, 0.0, 3.6, 0.0, 2.45, 0.0, 0.0], [0.0, 0.8, 0.0, 0.76, 356.06, 356.08, 0.0, 1.0], [0.55, 25.0, 0.0, 0.0])
(46833932, [2.0, 0.62, 0.0, 0.6, 0.0, 3.6, 0.0, 2.45, 0.0, 0.0], [0.0, 0.8, 0.0, 0.76, 356.07, 356.09, 0.0, 1.0], [0.56, 25.0, 0.0, 0.0])
(46933983, [2.0, 0.63, 0.0, 0.61, 0.0, 3.6, 0.0, 2.45, 0.0, 0.0], [0.0, 0.79, 0.0, 0.74, 356.05, 356.07, 0.0, 1.0], [0.55, 25.0, 0.0, 0.0])
(47033982, [2.0, 0.62, 0.0, 0.6, 0.0, 3.6, 0.0, 2.48, 0.0, 0.0], [0.0, 0.78, 0.0, 0.75, 356.04, 356.07, 0.0, 1.0], [0.56, 25.0, 0.0, 0.0])
(47133920, [2.0, 0.62, 0.0, 0.6, 0.0, 3.6, 0.0, 2.44, 0.0, 0.0], [0.0, 0.79, 0.0, 0.74, 356.06, 356.08, 0.0, 1.0], [0.2, 25.0, 0.0, 0.0])
(47234026, [2.0, 0.62, 0.0, 0.61, 0.0, 0.67, 0.0, 2.46, 0.0, 0.0], [0.0, 0.79, 0.0, 0.74, 356.05, 356.07, 0.0, 1.0], [0.2, 25.0, 0.0, 0.0])
(47333928, [2.0, 0.62, 0.0, 0.6, 0.0, 0.67, 0.0, 2.46, 0.0, 0.0], [0.0, 0.79, 0.0, 0.74, 356.03, 356.05, 0.0, 1.0], [0.2, 25.0, 0.0, 0.0])
(47434302, [2.0, 0.62, 0.0, 0.6, 0.0, 3.6, 0.0, 2.44, 0.0, 0.0], [0.0, 0.8, 0.0, 0.73, 356.05, 356.07, 0.0, 1.0], [0.2, 25.0, 0.0, 0.0])
(47534061, [2.0, 0.62, 0.0, 0.61, 0.0, 3.6, 0.0, 2.47, 0.0, 0.0], [0.0, 0.8, 0.0, 0.73, 356.04, 356.07, 0.0, 1.0], [0.2, 25.0, 0.0, 0.0])
(47633915, [2.0, 0.63, 0.0, 0.6, 0.0, 3.6, 0.0, 2.42, 0.0, 0.0], [0.0, 0.81, 0.0, 0.73, 356.04, 356.06, 0.0, 1.0], [0.2, 25.0, 0.0, 0.0])
(47733928, [2.0, 0.62, 0.0, 0.6, 0.0, 3.6, 0.0, 2.46, 0.0, 0.0], [0.0, 0.8, 0.0, 0.74, 356.05, 356.07, 0.0, 1.0], [0.2, 25.0, 0.0, 0.0])
(47834462, [2.0, 0.62, 0.0, 0.6, 0.0, 3.6, 0.0, 2.45, 0.0, 0.0], [0.0, 0.8, 0.0, 0.74, 356.02, 356.04, 0.0, 1.0], [0.2, 25.0, 0.0, 0.0])
(47933984, [2.0, 0.63, 0.0, 0.6, 0.0, 0.65, 0.0, 2.47, 0.0, 0.0], [0.0, 0.8, 0.0, 0.73, 356.02, 356.05, 0.0, 1.0], [0.2, 25.0, 0.0, 0.0])
(48034293, [2.0, 0.62, 0.0, 0.6, 0.0, 3.6, 0.0, 2.45, 0.0, 0.0], [0.0, 0.81, 0.0, 0.73, 356.03, 356.06, 0.0, 1.0], [0.2, 25.0, 0.0, 0.0])
(48134134, [2.0, 0.62, 0.0, 0.61, 0.0, 3.6, 0.0, 2.43, 0.0, 0.0], [0.0, 0.81, 0.0, 0.73, 356.03, 356.05, 0.0, 1.0], [0.2, 25.0, 0.0, 0.0])
(48233951, [2.0, 0.62, 0.0, 0.6, 0.0, 3.6, 0.0, 2.43, 0.0, 0.0], [0.0, 0.81, 0.0, 0.73, 356.03, 356.05, 0.0, 1.0], [0.2, 25.0, 0.0, 0.0])
(48333923, [2.0, 0.62, 0.0, 0.6, 0.0, 3.6, 0.0, 2.41, 0.0, 0.0], [0.0, 0.81, 0.0, 0.74, 356.02, 356.04, 0.0, 1.0], [0.2, 25.0, 0.0, 0.0])
(48434482, [2.0, 0.62, 0.0, 0.6, 0.0, 0.69, 0.0, 2.43, 0.0, 0.0], [0.0, 0.81, 0.0, 0.73, 356.01, 356.03, 0.0, 1.0], [0.2, 25.0, 0.0, 0.0])
(48534000, [2.0, 0.62, 0.0, 0.6, 0.0, 0.69, 0.0, 2.44, 0.0, 0.0], [0.0, 0.82, 0.0, 0.74, 356.01, 356.04, 0.0, 1.0], [0.2, 25.0, 0.0, 0.0])
(48633933, [2.0, 0.62, 0.0, 0.6, 0.0, 3.6, 0.0, 2.46, 0.0, 0.0], [0.0, 0.82, 0.0, 0.73, 356.03, 356.03, 0.0, 1.0], [0.2, 25.0, 0.0, 0.0])
(48733969, [2.0, 0.62, 0.0, 0.6, 0.0, 3.6, 0.0, 2.5, 0.0, 0.0], [0.0, 0.82, 0.0, 0.74, 356.03, 356.05, 0.0, 1.0], [0.2, 25.0, 0.0, 0.0])
(48834000, [2.0, 0.62, 0.0, 0.6, 0.0, 3.6, 0.0, 2.46, 0.0, 0.0], [0.0, 0.82, 0.0, 0.73, 356.03, 356.03, 0.0, 1.0], [0.2, 25.0, 0.0, 0.0])
(48933937, [2.0, 0.62, 0.0, 0.6, 0.0, 3.6, 0.0, 2.44, 0.0, 0.0], [0.0, 0.82, 0.0, 0.72, 356.03, 356.02, 0.0, 1.0], [0.2, 25.0, 0.0, 0.0])
(49033974, [2.0, 0.62, 0.0, 0.6, 0.0, 3.6, 0.0, 2.45, 0.0, 0.0], [0.0, 0.82, 0.0, 0.74, 356.03, 356.03, 0.0, 1.0], [0.2, 25.0, 0.0, 0.0])
(49133970, [2.0, 0.62, 0.0, 0.6, 0.0, 0.65, 0.0, 2.46, 0.0, 0.0], [-1.12, 0.82, 0.47, 0.74, 356.03, 356.04, 0.0, 1.0], [0.2, 25.0, 0.0, 0.0])
(49233958, [2.0, 0.62, 0.0, 0.6, 0.0, 0.65, 0.0, 2.46, 0.0, 0.0], [-2.05, 0.82, 0.36, 0.73, 356.03, 356.01, 0.0, 1.0], [0.2, 25.0, 0.0, 0.0])
(49334068, [2.0, 0.63, 0.0, 0.61, 0.0, 3.6, 0.0, 2.46, 0.0, 0.0], [-2.31, 0.82, 0.73, 0.74, 356.03, 356.01, 0.0, 1.0], [0.2, 25.0, 0.0, 0.0])
(49434025, [2.0, 0.62, 0.0, 0.6, 0.0, 3.6, 0.0, 2.45, 0.0, 0.0], [-2.22, 0.82, 1.42, 0.73, 356.03, 356.01, 0.0, 1.0], [0.2, 25.0, 0.0, 0.0])
(49534009, [2.0, 0.62, 0.0, 0.6, 0.0, 3.6, 0.0, 2.46, 0.0, 0.0], [-2.18, 0.82, 1.76, 0.73, 356.03, 356.0, 0.0, 1.0], [0.2, 25.0, 0.0, 0.0])
(49634427, [2.0, 0.62, 0.0, 0.6, 0.0, 3.6, 0.0, 2.46, 0.0, 0.0], [-2.16, 0.83, 1.93, 0.74, 356.03, 356.02, 0.0, 1.0], [0.55, 25.0, 0.0, 0.0])
(49734986, [2.0, 0.62, 0.0, 0.6, 0.0, 3.6, 0.0, 2.46, 0.0, 0.0], [-2.15, 0.82, 2.01, 0.74, 356.03, 356.0, 0.0, 1.0], [0.56, 25.0, 0.0, 0.0])
(49834192, [2.0, 0.62, 0.0, 0.6, 0.0, 3.6, 0.0, 2.46, 0.0, 0.0], [-2.14, 0.83, 2.05, 0.73, 356.03, 356.0, 0.0, 1.0], [0.57, 25.0, 0.0, 0.0])
(49934014, [2.0, 0.62, 0.0, 0.6, 0.0, 0.67, 0.0, 2.47, 0.0, 0.0], [-2.41, 0.83, 1.52, 0.74, 356.03, 355.99, 0.0, 1.0], [0.2, 25.0, 0.0, 0.0])
(50033998, [2.0, 0.62, 0.0, 0.6, 0.0, 0.67, 0.0, 2.46, 0.0, 0.0], [-2.68, 0.85, 0.95, 0.7, 356.03, 355.97, 0.0, 1.0], [0.2, 25.0, 0.0, 0.0])
(50133972, [2.0, 0.62, 0.0, 0.6, 0.0, 3.6, 0.0, 2.46, 0.0, 0.0], [-2.53, 0.85, 1.24, 0.68, 356.03, 355.97, 0.0, 1.0], [0.2, 25.0, 0.0, 0.0])
(50233960, [2.0, 0.62, 0.0, 0.61, 0.0, 3.6, 0.0, 2.46, 0.0, 0.0], [-2.33, 0.87, 1.68, 0.7, 356.03, 356.02, 0.0, 1.0], [0.2, 25.0, 0.0, 0.0])
(50333986, [2.0, 0.62, 0.0, 0.6, 0.0, 3.6, 0.0, 2.46, 0.0, 0.0], [-2.23, 0.89, 1.89, 0.72, 356.03, 356.02, 0.0, 1.0], [0.2, 25.0, 0.0, 0.0])
(50433943, [2.0, 0.62, 0.0, 0.6, 0.0, 3.6, 0.0, 2.49, 0.0, 0.0], [-2.18, 0.91, 1.99, 0.7, 356.03, 356.01, 0.0, 1.0], [0.2, 25.0, 0.0, 0.0])
(50534214, [2.0, 0.62, 0.0, 0.6, 0.0, 3.6, 0.0, 2.45, 0.0, 0.0], [-2.17, 0.92, 2.03, 0.68, 356.03, 356.0, 0.0, 1.0], [0.2, 25.0, 0.0, 0.0])
(50634170, [2.0, 0.62, 0.0, 0.61, 0.0, 0.68, 0.0, 2.47, 0.0, 0.0], [-2.53, 0.91, 1.31, 0.7, 356.03, 355.99, 0.0, 1.0], [0.2, 25.0, 0.0, 0.0])
(50734691, [2.0, 0.62, 0.0, 0.6, 0.0, 3.6, 0.0, 2.47, 0.0, 0.0], [-2.73, 0.92, 0.89, 0.69, 356.03, 355.99, 0.0, 1.0], [0.2, 25.0, 0.0, 0.0])
(50834206, [2.0, 0.62, 0.0, 0.6, 0.0, 3.6, 0.0, 2.46, 0.0, 0.0], [-2.43, 0.93, 1.49, 0.71, 356.03, 355.99, 0.0, 1.0], [0.2, 25.0, 0.0, 0.0])
(50934360, [2.0, 0.62, 0.0, 0.6, 0.0, 3.6, 0.0, 2.46, 0.0, 0.0], [-2.28, 0.93, 1.79, 0.71, 356.03, 356.0, 0.0, 1.0], [0.53, 25.0, 0.0, 0.0])
