(15147386, [2.0, 0.73, 0.0, 0.7, 0.0, 3.6, 0.0, 2.37, 0.0, 0.0], [0.0, 0.89, 0.0, 0.55, 0.04, 0.06, 0.0, 1.0], [0.2, 25.0, 0.0, 0.0])
(15246933, [2.0, 0.73, 0.0, 0.7, 0.0, 3.6, 0.0, 2.37, 0.0, 0.0], [0.0, 0.89, 0.0, 0.55, 0.04, 0.06, 0.0, 1.0], [0.2, 25.0, 0.0, 0.0])
(15347331, [2.0, 0.74, 0.0, 0.71, 0.0, 3.6, 0.0, 2.34, 0.0, 0.0], [0.0, 0.89, 0.0, 0.55, 0.05, 0.06, 0.0, 1.0], [0.2, 25.0, 0.0, 0.0])
(15446897, [2.0, 0.73, 0.0, 0.7, 0.0, 3.6, 0.0, 2.36, 0.0, 0.0], [0.0, 0.89, 0.0, 0.55, 0.05, 0.06, 0.0, 1.0], [0.2, 25.0, 0.0, 0.0])
(15547335, [2.0, 0.74, 0.0, 0.71, 0.0, 3.6, 0.0, 2.33, 0.0, 0.0], [0.0, 0.89, 0.0, 0.55, 0.04, 0.05, 0.0, 1.0], [0.2, 25.0, 0.0, 0.0])
(15647015, [2.0, 0.73, 0.0, 0.71, 0.0, 3.6, 0.0, 2.36, 0.0, 0.0], [0.0, 0.89, 0.0, 0.55, 0.04, 0.05, 0.0, 1.0], [0.2, 25.0, 0.0, 0.0])
(15748075, [2.0, 0.73, 0.0, 0.7, 0.0, 3.6, 0.0, 2.37, 0.0, 0.0], [0.0, 0.89, 0.0, 0.55, 0.04, 0.05, 0.0, 1.0], [0.2, 25.0, 0.0, 0.0])
(15846956, [2.0, 0.73, 0.0, 0.7, 0.0, 3.6, 0.0, 2.35, 0.0, 0.0], [0.0, 0.89, 0.0, 0.55, 0.04, 0.05, 0.0, 1.0], [0.2, 25.0, 0.0, 0.0])
(15947080, [2.0, 0.74, 0.0, 0.7, 0.0, 3.6, 0.0, 2.37, 0.0, 0.0], [0.0, 0.88, 0.0, 0.55, 0.04, 0.05, 0.0, 1.0], [0.2, 25.0, 0.0, 0.0])
(16046944, [2.0, 0.73, 0.0, 0.7, 0.0, 3.6, 0.0, 2.36, 0.0, 0.0], [0.0, 0.88, 0.0, 0.54, 0.04, 0.05, 0.0, 1.0], [0.2, 25.0, 0.0, 0.0])
(16147145, [2.0, 0.74, 0.0, 0.71, 0.0, 3.6, 0.0, 2.35, 0.0, 0.0], [0.0, 0.88, 0.0, 0.54, 0.04, 0.06, 0.0, 1.0], [0.2, 25.0, 0.0, 0.0])
(16246969, [2.0, 0.73, 0.0, 0.7, 0.0, 3.6, 0.0, 2.38, 0.0, 0.0], [0.0, 0.88, 0.0, 0.55, 0.04, 0.06, 0.0, 1.0], [0.2, 25.0, 0.0, 0.0])
(16346725, [2.0, 0.74, 0.0, 0.71, 0.0, 0.49, 0.0, 2.33, 0.0, 0.0], [0.0, 0.88, 0.0, 0.55, 0.04, 0.06, 0.0, 1.0], [0.2, 25.0, 0.0, 0.0])
(16447087, [2.0, 0.73, 0.0, 0.71, 0.0, 0.49, 0.0, 2.36, 0.0, 0.0], [0.0, 0.88, 0.0, 0.55, 0.04, 0.06, 0.0, 1.0], [0.2, 25.0, 0.0, 0.0])
(16546951, [2.0, 0.73, 0.0, 0.71, 0.0, 0.49, 0.0, 2.37, 0.0, 0.0], [0.0, 0.88, 0.0, 0.55, 0.04, 0.06, 0.0, 1.0], [0.2, 25.0, 0.0, 0.0])
(16647146, [2.0, 0.74, 0.0, 0.7, 0.0, 0.49, 0.0, 2.37, 0.0, 0.0], [0.0, 0.88, 0.0, 0.55, 0.04, 0.06, 0.0, 1.0], [0.2, 25.0, 0.0, 0.0])
(16746950, [2.0, 0.74, 0.0, 0.7, 0.0, 3.6, 0.0, 2.36, 0.0, 0.0], [0.0, 0.88, 0.0, 0.55, 0.04, 0.06, 0.0, 1.0], [0.2, 25.0, 0.0, 0.0])
(16846891, [2.0, 0.73, 0.0, 0.71, 0.0, 3.6, 0.0, 2.35, 0.0, 0.0], [0.0, 0.88, 0.0, 0.54, 0.04, 0.05, 0.0, 1.0], [0.2, 25.0, 0.0, 0.0])
(16948069, [2.0, 0.74, 0.0, 0.71, 0.0, 0.47, 0.0, 2.33, 0.0, 0.0], [0.0, 0.88, 0.0, 0.54, 0.04, 0.06, 0.0, 1.0], [0.2, 25.0, 0.0, 0.0])
(17047896, [2.0, 0.74, 0.0, 0.7, 0.0, 0.48, 0.0, 2.33, 0.0, 0.0], [0.0, 0.88, 0.0, 0.54, 0.05, 0.06, 0.0, 1.0], [0.2, 25.0, 0.0, 0.0])
(17147549, [2.0, 0.73, 0.0, 0.71, 0.0, 0.48, 0.0, 2.38, 0.0, 0.0], [0.0, 0.87, 0.0, 0.54, 0.05, 0.06, 0.0, 1.0], [0.2, 25.0, 0.0, 0.0])
(17247281, [2.0, 0.74, 0.0, 0.7, 0.0, 3.6, 0.0, 2.33, 0.0, 0.0], [0.0, 0.87, 0.0, 0.54, 0.05, 0.06, 0.0, 1.0], [0.2, 25.0, 0.0, 0.0])
(17347337, [2.0, 0.74, 0.0, 0.71, 0.0, 3.6, 0.0, 2.38, 0.0, 0.0], [0.0, 0.87, 0.0, 0.54, 0.05, 0.07, 0.0, 1.0], [0.2, 25.0, 0.0, 0.0])
(17447500, [2.0, 0.74, 0.0, 0.7, 0.0, 0.48, 0.0, 2.34, 0.0, 0.0], [0.0, 0.87, 0.0, 0.55, 0.07, 0.08, 0.0, 1.0], [0.2, 25.0, 0.0, 0.0])
(17547087, [2.0, 0.74, 0.0, 0.7, 0.0, 0.48, 0.0, 2.35, 0.0, 0.0], [0.0, 0.85, 0.0, 0.58, 0.04, 0.06, 0.0, 1.0], [0.2, 25.0, 0.0, 0.0])
(17647416, [2.0, 0.74, 0.0, 0.71, 0.0, 0.46, 0.0, 2.37, 0.0, 0.0], [0.0, 0.86, 0.0, 0.58, 0.04, 0.05, 0.0, 1.0], [0.2, 25.0, 0.0, 0.0])
(17746985, [2.0, 0.73, 0.0, 0.7, 0.0, 0.46, 0.0, 2.34, 0.0, 0.0], [0.0, 0.86, 0.0, 0.59, 0.05, 0.06, 0.0, 1.0], [0.2, 25.0, 0.0, 0.0])
(17847312, [2.0, 0.74, 0.0, 0.7, 0.0, 3.6, 0.0, 2.34, 0.0, 0.0], [0.0, 0.85, 0.0, 0.59, 0.06, 0.07, 0.0, 1.0], [0.2, 25.0, 0.0, 0.0])
(17947075, [2.0, 0.74, 0.0, 0.7, 0.0, 3.6, 0.0, 2.35, 0.0, 0.0], [0.0, 0.85, 0.0, 0.59, 0.07, 0.08, 0.0, 1.0], [0.2, 25.0, 0.0, 0.0])
(18047283, [2.0, 0.74, 0.0, 0.7, 0.0, 0.46, 0.0, 2.34, 0.0, 0.0], [0.0, 0.86, 0.0, 0.59, 0.07, 0.08, 0.0, 1.0], [0.2, 25.0, 0.0, 0.0])
(18146927, [2.0, 0.73, 0.0, 0.71, 0.0, 0.46, 0.0, 2.36, 0.0, 0.0], [0.0, 0.85, 0.0, 0.57, 0.05, 0.07, 0.0, 1.0], [0.2, 25.0, 0.0, 0.0])
(18247604, [2.0, 0.73, 0.0, 0.7, 0.0, 0.49, 0.0, 2.35, 0.0, 0.0], [0.0, 0.86, 0.0, 0.59, 0.08, 0.09, 0.0, 1.0], [0.2, 25.0, 0.0, 0.0])
(18346928, [2.0, 0.74, 0.0, 0.7, 0.0, 0.49, 0.0, 2.37, 0.0, 0.0], [0.0, 0.87, 0.0, 0.58, 0.09, 0.1, 0.0, 1.0], [0.2, 25.0, 0.0, 0.0])
(18447578, [2.0, 0.73, 0.0, 0.7, 0.0, 0.46, 0.0, 2.35, 0.0, 0.0], [0.0, 0.87, 0.0, 0.59, 0.1, 0.12, 0.0, 1.0], [0.2, 25.0, 0.0, 0.0])
(18546886, [2.0, 0.74, 0.0, 0.71, 0.0, 0.47, 0.0, 2.35, 0.0, 0.0], [0.0, 0.87, 0.0, 0.59, 0.12, 0.13, 0.0, 1.0], [0.2, 25.0, 0.0, 0.0])
(18647028, [2.0, 0.74, 0.0, 0.71, 0.0, 0.47, 0.0, 2.35, 0.0, 0.0], [0.0, 0.88, 0.0, 0.6, 0.14, 0.15, 0.0, 1.0], [0.2, 25.0, 0.0, 0.0])
(18747123, [2.0, 0.73, 0.0, 0.7, 0.0, 3.6, 0.0, 2.35, 0.0, 0.0], [0.0, 0.87, 0.0, 0.57, 0.12, 0.13, 0.0, 1.0], [0.2, 25.0, 0.0, 0.0])
(18846945, [2.0, 0.74, 0.0, 0.7, 0.0, 3.6, 0.0, 2.37, 0.0, 0.0], [0.0, 0.87, 0.0, 0.59, 0.12, 0.14, 0.0, 1.0], [0.2, 25.0, 0.0, 0.0])
(18947096, [2.0, 0.73, 0.0, 0.7, 0.0, 3.6, 0.0, 2.37, 0.0, 0.0], [0.0, 0.86, 0.0, 0.59, 0.17, 0.18, 0.0, 1.0], [0.2, 25.0, 0.0, 0.0])
(19046986, [2.0, 0.73, 0.0, 0.7, 0.0, 3.6, 0.0, 2.36, 0.0, 0.0], [0.0, 0.87, 0.0, 0.59, 0.18, 0.19, 0.0, 1.0], [0.2, 25.0, 0.0, 0.0])
(19147105, [2.0, 0.73, 0.0, 0.71, 0.0, 3.6, 0.0, 2.34, 0.0, 0.0], [0.0, 0.87, 0.0, 0.57, 0.17, 0.18, 0.0, 1.0], [0.2, 25.0, 0.0, 0.0])
(19246758, [2.0, 0.74, 0.0, 0.71, 0.0, 3.6, 0.0, 2.34, 0.0, 0.0], [0.0, 0.87, 0.0, 0.59, 0.17, 0.18, 0.0, 1.0], [0.2, 25.0, 0.0, 0.0])
(19347225, [2.0, 0.73, 0.0, 0.7, 0.0, 3.6, 0.0, 2.34, 0.0, 0.0], [0.0, 0.87, 0.0, 0.58, 0.2, 0.21, 0.0, 1.0], [0.2, 25.0, 0.0, 0.0])
(19446932, [2.0, 0.73, 0.0, 0.7, 0.0, 3.6, 0.0, 2.36, 0.0, 0.0], [0.0, 0.87, 0.0, 0.58, 0.19, 0.21, 0.0, 1.0], [0.2, 25.0, 0.0, 0.0])
(19547388, [2.0, 0.73, 0.0, 0.71, 0.0, 3.6, 0.0, 2.35, 0.0, 0.0], [0.0, 0.86, 0.0, 0.58, 0.21, 0.22, 0.0, 1.0], [0.2, 25.0, 0.0, 0.0])
(19647353, [2.0, 0.73, 0.0, 0.7, 0.0, 3.6, 0.0, 2.34, 0.0, 0.0], [0.0, 0.88, 0.0, 0.6, 0.23, 0.24, 0.0, 1.0], [0.2, 25.0, 0.0, 0.0])
(19748206, [2.0, 0.73, 0.0, 0.71, 0.0, 3.6, 0.0, 2.37, 0.0, 0.0], [0.0, 0.86, 0.0, 0.59, 0.25, 0.27, 0.0, 1.0], [0.2, 25.0, 0.0, 0.0])
(19846873, [2.0, 0.73, 0.0, 0.71, 0.0, 3.6, 0.0, 2.36, 0.0, 0.0], [0.0, 0.87, 0.0, 0.58, 0.25, 0.26, 0.0, 1.0], [0.2, 25.0, 0.0, 0.0])
(19947024, [2.0, 0.74, 0.0, 0.7, 0.0, 0.49, 0.0, 2.36, 0.0, 0.0], [0.0, 0.85, 0.0, 0.59, 0.27, 0.28, 0.0, 1.0], [0.2, 25.0, 0.0, 0.0])
(20046750, [2.0, 0.74, 0.0, 0.7, 0.0, 0.48, 0.0, 2.34, 0.0, 0.0], [0.0, 0.85, 0.0, 0.63, 0.28, 0.28, 0.0, 1.0], [0.2, 25.0, 0.0, 0.0])
(20146987, [2.0, 0.73, 0.0, 0.7, 0.0, 0.48, 0.0, 2.36, 0.0, 0.0], [0.0, 0.85, 0.0, 0.65, 0.28, 0.27, 0.0, 1.0], [0.2, 25.0, 0.0, 0.0])
(20247052, [2.0, 0.73, 0.0, 0.71, 0.0, 3.6, 0.0, 2.36, 0.0, 0.0], [0.0, 0.85, 0.0, 0.62, 0.28, 0.17, 0.0, 1.0], [0.2, 25.0, 0.0, 0.0])
(20346990, [2.0, 0.74, 0.0, 0.7, 0.0, 3.6, 0.0, 2.35, 0.0, 0.0], [0.0, 0.84, 0.0, 0.62, 0.28, 359.81, 0.0, 1.0], [0.2, 25.0, 0.0, 0.0])
(20447061, [2.0, 0.74, 0.0, 0.71, 0.0, 3.6, 0.0, 2.34, 0.0, 0.0], [0.0, 0.89, 0.0, 0.65, 0.28, 359.3, 0.0, 1.0], [0.2, 25.0, 0.0, 0.0])
(20547063, [2.0, 0.74, 0.0, 0.7, 0.0, 0.52, 0.0, 2.37, 0.0, 0.0], [-0.93, 0.77, 0.81, 0.75, 0.28, 358.68, 0.0, 1.0], [0.2, 25.0, 0.0, 0.0])
(20647023, [2.0, 0.74, 0.0, 0.7, 0.0, 0.52, 0.0, 2.35, 0.0, 0.0], [-1.67, 0.79, -0.41, 0.48, 0.28, 358.18, 0.0, 1.0], [0.2, 25.0, 0.0, 0.0])
(20747143, [2.0, 0.74, 0.0, 0.71, 0.0, 3.6, 0.0, 2.31, 0.0, 0.0], [-2.01, 0.76, -1.06, 0.44, 0.28, 357.9, 0.0, 1.0], [0.2, 25.0, 0.0, 0.0])
(20848725, [2.0, 0.74, 0.0, 0.7, 0.0, 3.6, 0.0, 2.31, 0.0, 0.0], [-2.11, 0.86, 0.43, 0.72, 0.28, 357.64, 0.01, 1.0], [0.2, 25.0, 0.0, 0.0])
(20948518, [2.0, 0.75, 0.0, 0.7, 0.0, 0.53, 0.0, 2.34, 0.0, 0.0], [-2.2, 0.96, 1.13, 0.53, 0.28, 357.39, 0.01, 1.0], [0.2, 25.0, 0.0, 0.0])
(21048352, [2.0, 0.75, 0.0, 0.71, 0.0, 0.53, 0.0, 2.32, 0.0, 0.0], [-2.28, 0.9, -0.29, -0.86, 0.28, 357.06, 0.01, 1.0], [0.2, 25.0, 0.0, 0.0])
(21148440, [2.0, 0.75, 0.0, 0.71, 0.0, 0.51, 0.0, 2.35, 0.0, 0.0], [-2.31, 0.87, -1.06, -2.83, 0.28, 356.62, 0.01, 1.0], [0.2, 25.0, 0.0, 0.0])
(21248357, [2.0, 0.74, 0.0, 0.71, 0.0, 0.51, 0.0, 2.34, 0.0, 0.0], [-2.31, 0.92, -1.45, -4.83, 0.28, 355.87, 0.02, 1.0], [0.2, 25.0, 0.0, 0.0])
(21349654, [2.0, 0.72, 0.0, 0.71, 0.0, 3.6, 0.0, 2.35, 0.0, 0.0], [-2.27, 0.59, -1.15, -5.96, 0.28, 354.66, 0.02, 1.0], [0.2, 25.0, 0.0, 0.0])
(21448526, [2.0, 0.7, 0.0, 0.72, 0.0, 3.6, 0.0, 2.3, 0.0, 0.0], [-2.18, -0.29, 0.51, -4.26, 0.28, 353.4, 0.03, 1.0], [0.2, 25.0, 0.0, 0.0])
(21548530, [2.0, 0.68, 0.0, 0.72, 0.0, 3.6, 0.0, 2.3, 0.0, 0.0], [-2.08, -1.04, 1.39, -2.67, 0.28, 352.59, 0.03, 1.0], [0.2, 25.0, 0.0, 0.0])
(21648557, [2.0, 0.64, 0.0, 0.72, 0.0, 3.6, 0.0, 3.6, 0.0, 0.0], [-1.98, -1.43, 1.87, -1.68, 0.28, 352.27, 0.03, 1.0], [0.2, 25.0, 0.0, 0.0])
(21748685, [2.0, 0.61, 0.0, 0.73, 0.0, 3.6, 0.0, 2.31, 0.0, 0.0], [-1.86, -0.97, 2.16, -1.02, 0.28, 352.35, 0.03, 1.0], [0.2, 25.0, 0.0, 0.0])
(21848452, [2.0, 0.55, 0.0, 0.74, 0.0, 3.6, 0.0, 2.31, 0.0, 0.0], [-1.71, -0.89, 2.36, -0.23, 0.28, 352.58, 0.03, 1.0], [0.2, 25.0, 0.0, 0.0])
(21948543, [2.0, 0.52, 0.0, 0.75, 0.0, 3.6, 0.0, 2.31, 0.0, 0.0], [-1.56, -0.78, 2.51, 0.19, 0.28, 353.14, 0.03, 1.0], [0.2, 25.0, 0.0, 0.0])
(22049682, [2.0, 0.45, 0.0, 0.76, 0.0, 3.6, 0.0, 2.3, 0.0, 0.0], [-1.42, -0.66, 2.62, 0.58, 0.28, 353.91, 0.03, 1.0], [0.2, 25.0, 0.0, 0.0])
(22148507, [2.0, 0.42, 0.0, 0.77, 0.0, 3.6, 0.0, 2.3, 0.0, 0.0], [-1.27, -0.84, 2.71, 0.56, 0.28, 354.68, 0.03, 1.0], [0.2, 25.0, 0.0, 0.0])
(22249207, [2.0, 0.35, 0.0, 0.78, 0.0, 3.6, 0.0, 2.26, 0.0, 0.0], [-1.13, -1.3, 2.78, 0.21, 0.28, 355.26, 0.03, 1.0], [0.2, 25.0, 0.0, 0.0])
(22348483, [2.0, 0.32, 0.0, 0.79, 0.0, 3.6, 0.0, 2.23, 0.0, 0.0], [-1.01, -1.04, 2.83, -0.1, 0.28, 355.74, 0.03, 1.0], [0.2, 25.0, 0.0, 0.0])
(22449009, [2.0, 0.25, 0.0, 0.81, 0.0, 3.6, 0.0, 2.24, 0.0, 0.0], [-0.89, -0.08, 2.87, -0.01, 0.28, 356.07, 0.03, 1.0], [0.2, 25.0, 0.0, 0.0])
(22548563, [2.0, 0.21, 0.0, 0.82, 0.0, 3.6, 0.0, 2.24, 0.0, 0.0], [-0.77, 2.0, 2.91, -1.56, 0.28, 3.24, 0.03, 1.0], [0.2, 25.0, 0.0, 0.0])
(22648440, [2.0, 0.2, 0.0, 0.85, 0.0, 3.6, 0.0, 2.2, 0.0, 0.0], [-0.66, 1.99, 2.94, -1.82, 0.28, 5.07, 0.03, 1.0], [0.2, 25.0, 0.0, 0.0])
(22748465, [2.0, 0.2, 0.0, 0.86, 0.0, 3.6, 0.0, 2.21, 0.0, 0.0], [-0.58, 0.59, 2.96, -1.38, 0.28, 5.41, 0.09, 1.0], [0.2, 25.0, 0.0, 0.0])
(22848998, [2.0, 0.2, 0.0, 0.87, 0.0, 1.41, 0.0, 2.18, 0.0, 0.0], [-0.51, -0.31, 2.97, -0.61, 0.28, 4.13, 0.09, 1.0], [0.2, 25.0, 0.0, 0.0])
(22948471, [2.0, 0.2, 0.0, 0.88, 0.0, 1.41, 0.0, 2.15, 0.0, 0.0], [-0.47, -0.55, 2.98, -0.21, 0.28, 1.67, 0.09, 1.0], [0.2, 25.0, 0.0, 0.0])
(23049088, [2.0, 0.21, 0.0, 0.89, 0.0, 3.6, 0.0, 2.13, 0.0, 0.0], [-0.43, -0.34, 2.99, 0.17, 0.28, 358.76, 0.09, 1.0], [0.2, 25.0, 0.0, 0.0])
(23148422, [2.0, 0.21, 0.0, 0.89, 0.0, 3.6, 0.0, 2.13, 0.0, 0.0], [-0.41, 0.37, 2.99, -0.12, 0.28, 359.98, 0.07, 1.0], [0.22, 25.0, 0.0, 0.0])
(23249297, [2.0, 0.2, 0.0, 0.9, 0.0, 3.6, 0.0, 2.11, 0.0, 0.0], [-0.37, 0.72, 3.0, -0.37, 0.28, 1.73, 0.07, 1.0], [0.24, 25.0, 0.0, 0.0])
(23349465, [2.0, 0.19, 0.0, 0.91, 0.0, 3.6, 0.0, 2.13, 0.0, 0.0], [-0.34, 0.03, 3.0, 0.28, 0.28, 2.52, 0.06, 1.0], [0.25, 25.0, 0.0, 0.0])
(23448861, [2.0, 0.21, 0.0, 0.92, 0.0, 1.46, 0.0, 2.1, 0.0, 0.0], [-0.3, 0.06, 3.01, 0.19, 0.28, 3.85, 0.06, 1.0], [0.27, 25.0, 0.0, 0.0])
(23548651, [2.0, 0.2, 0.0, 0.93, 0.0, 1.46, 0.0, 2.1, 0.0, 0.0], [-0.27, 0.18, 3.01, -0.27, 0.28, 5.33, 0.05, 1.0], [0.29, 25.0, 0.0, 0.0])
(23648500, [2.0, 0.2, 0.0, 0.94, 0.0, 1.45, 0.0, 2.1, 0.0, 0.0], [-0.24, -0.25, 3.01, -0.15, 0.28, 5.1, 0.05, 1.0], [0.3, 25.0, 0.0, 0.0])
(23748558, [2.0, 0.2, 0.0, 0.94, 0.0, 1.45, 0.0, 2.1, 0.0, 0.0], [-0.21, -0.05, 3.01, -0.31, 0.28, 5.23, 0.05, 1.0], [0.32, 25.0, 0.0, 0.0])
(23848572, [2.0, 0.19, 0.0, 0.95, 0.0, 1.48, 0.0, 2.09, 0.0, 0.0], [-0.19, 0.44, 3.02, 0.01, 0.28, 5.5, 0.05, 1.0], [0.33, 25.0, 0.0, 0.0])
(23948643, [2.0, 0.2, 0.0, 0.96, 0.0, 1.46, 0.0, 2.08, 0.0, 0.0], [-0.16, 0.79, 3.02, 0.04, 0.28, 5.12, 0.05, 1.0], [0.35, 25.0, 0.0, 0.0])
(24048645, [2.0, 0.2, 0.0, 0.96, 0.0, 1.48, 0.0, 2.06, 0.0, 0.0], [-0.14, 1.06, 3.02, 0.38, 0.28, 4.71, 0.05, 1.0], [0.36, 25.0, 0.0, 0.0])
(24148511, [2.0, 0.18, 0.0, 0.96, 0.0, 1.42, 0.0, 2.07, 0.0, 0.0], [-0.12, 1.29, 3.02, 0.57, 0.28, 4.83, 0.06, 1.0], [0.38, 25.0, 0.0, 0.0])
(24248395, [2.0, 0.2, 0.0, 0.95, 0.0, 1.42, 0.0, 2.05, 0.0, 0.0], [-0.13, 1.21, 3.02, 0.74, 0.28, 4.53, 0.06, 1.0], [0.39, 25.0, 0.0, 0.0])
(24349424, [2.0, 0.19, 0.0, 0.95, 0.0, 1.47, 0.0, 2.06, 0.0, 0.0], [-0.13, 1.39, 3.02, 0.73, 0.28, 3.88, 0.05, 1.0], [0.4, 25.0, 0.0, 0.0])
(24448424, [2.0, 0.2, 0.0, 0.95, 0.0, 1.47, 0.0, 2.06, 0.0, 0.0], [-0.14, 1.42, 3.02, 0.65, 0.28, 2.92, 0.05, 1.0], [0.41, 25.0, 0.0, 0.0])
(24548987, [2.0, 0.21, 0.0, 0.93, 0.0, 1.47, 0.0, 2.08, 0.0, 0.0], [-0.16, 1.46, 3.02, 0.54, 0.28, 1.77, 0.04, 1.0], [0.42, 25.0, 0.0, 0.0])
(24648376, [2.0, 0.19, 0.0, 0.93, 0.0, 1.47, 0.0, 2.09, 0.0, 0.0], [-0.19, 1.56, 3.02, 0.38, 0.28, 359.94, 0.04, 1.0], [0.42, 25.0, 0.0, 0.0])
(24749217, [2.0, 0.2, 0.0, 0.92, 0.0, 3.6, 0.0, 2.09, 0.0, 0.0], [-0.21, 1.78, 3.01, 0.49, 0.28, 358.13, 0.04, 1.0], [0.43, 25.0, 0.0, 0.0])
(24848997, [2.0, 0.2, 0.0, 0.9, 0.0, 3.6, 0.0, 2.1, 0.0, 0.0], [-0.26, 2.02, 3.01, 0.27, 0.28, 355.83, 0.04, 1.0], [0.44, 25.0, 0.0, 0.0])
(24949132, [2.0, 0.21, 0.0, 0.89, 0.0, 3.6, 0.0, 2.15, 0.0, 0.0], [-0.3, 2.03, 3.01, 0.02, 0.28, 353.43, 0.04, 1.0], [0.45, 25.0, 0.0, 0.0])
(25048633, [2.0, 0.22, 0.0, 0.89, 0.0, 3.6, 0.0, 2.15, 0.0, 0.0], [-0.34, 2.16, 3.0, -0.66, 0.28, 351.01, 0.04, 1.0], [0.46, 25.0, 0.0, 0.0])
(25148487, [2.0, 0.23, 0.0, 0.87, 0.0, 3.6, 0.0, 2.21, 0.0, 0.0], [-0.4, 2.19, 2.99, -1.03, 0.28, 348.81, 0.03, 1.0], [0.46, 25.0, 0.0, 0.0])
(25248493, [2.0, 0.23, 0.0, 0.86, 0.0, 3.6, 0.0, 2.21, 0.0, 0.0], [-0.44, 2.24, 2.99, -1.5, 0.28, 346.37, 0.03, 1.0], [0.46, 25.0, 0.0, 0.0])
(25349348, [2.0, 0.24, 0.0, 0.84, 0.0, 3.6, 0.0, 2.24, 0.0, 0.0], [-0.51, 2.38, 2.97, -1.56, 0.28, 344.19, 0.03, 1.0], [0.46, 25.0, 0.0, 0.0])
(25448556, [2.0, 0.24, 0.0, 0.82, 0.0, 3.6, 0.0, 2.29, 0.0, 0.0], [-0.57, 2.43, 2.96, -1.27, 0.28, 342.3, 0.03, 1.0], [0.47, 25.0, 0.0, 0.0])
(25549077, [2.0, 0.25, 0.0, 0.78, 0.0, 3.6, 0.0, 2.29, 0.0, 0.0], [-0.65, 2.35, 2.94, -0.29, 0.28, 340.42, 0.03, 1.0], [0.47, 25.0, 0.0, 0.0])
(25649211, [2.0, 0.26, 0.0, 0.77, 0.0, 3.6, 0.0, 2.33, 0.0, 0.0], [-0.75, 1.41, 2.92, 1.01, 0.28, 339.61, 0.03, 1.0], [0.47, 25.0, 0.0, 0.0])
(25748987, [2.0, 0.26, 0.0, 0.75, 0.0, 3.6, 0.0, 2.33, 0.0, 0.0], [-0.83, 0.47, 2.89, 2.0, 0.28, 340.15, 0.03, 1.0], [0.48, 25.0, 0.0, 0.0])
(25849256, [2.0, 0.26, 0.0, 0.74, 0.0, 1.4, 0.0, 3.6, 0.0, 0.0], [-0.89, -0.4, 2.88, 2.25, 0.28, 341.79, 0.03, 1.0], [0.49, 25.0, 0.0, 0.0])
(25948497, [2.0, 0.25, 0.0, 0.74, 0.0, 1.4, 0.0, 2.39, 0.0, 0.0], [-0.92, -0.84, 2.87, 2.64, 0.28, 344.42, 0.03, 1.0], [0.49, 25.0, 0.0, 0.0])
(26048580, [2.0, 0.25, 0.0, 0.73, 0.0, 3.6, 0.0, 2.39, 0.0, 0.0], [-0.95, -0.22, 2.86, 3.36, 0.28, 347.54, 0.03, 1.0], [0.5, 25.0, 0.0, 0.0])
(26148369, [2.0, 0.25, 0.0, 0.68, 0.0, 3.6, 0.0, 2.48, 0.0, 0.0], [-1.01, 0.12, 2.83, 4.2, 0.28, 350.57, 0.03, 1.0], [0.5, 25.0, 0.0, 0.0])
(26248413, [2.0, 0.26, 0.0, 0.64, 0.0, 3.6, 0.0, 2.43, 0.0, 0.0], [-1.1, -0.1, 2.8, 5.01, 0.28, 353.27, 0.03, 1.0], [0.52, 25.0, 0.0, 0.0])
(26348767, [2.0, 0.26, 0.0, 0.62, 0.0, 3.6, 0.0, 2.43, 0.0, 0.0], [-1.21, -0.94, 2.75, 5.04, 0.28, 355.67, 0.03, 1.0], [0.51, 25.0, 0.0, 0.0])
(26448642, [2.0, 0.28, 0.0, 0.58, 0.0, 3.6, 0.0, 2.45, 0.0, 0.0], [-1.3, -1.16, 2.71, 4.73, 0.28, 357.39, 0.03, 1.0], [0.51, 25.0, 0.0, 0.0])
(26548531, [2.0, 0.29, 0.0, 0.56, 0.0, 3.6, 0.0, 2.45, 0.0, 0.0], [-1.41, -1.58, 2.65, 4.75, 0.28, 358.51, 0.03, 1.0], [0.51, 25.0, 0.0, 0.0])
(26648516, [2.0, 0.32, 0.0, 0.52, 0.0, 3.6, 0.0, 2.49, 0.0, 0.0], [-1.51, -1.79, 2.59, 4.26, 0.28, 359.23, 0.03, 1.0], [0.52, 25.0, 0.0, 0.0])
(26749727, [2.0, 0.34, 0.0, 0.51, 0.0, 3.6, 0.0, 2.54, 0.0, 0.0], [-1.62, -2.91, 2.52, 3.38, 0.28, 359.33, 0.03, 1.0], [0.52, 25.0, 0.0, 0.0])
(26849459, [2.0, 0.39, 0.0, 0.48, 0.0, 3.6, 0.0, 2.58, 0.0, 0.0], [-1.73, -3.69, 2.45, 2.77, 0.28, 359.03, 0.03, 1.0], [0.52, 25.0, 0.0, 0.0])
(26948563, [2.0, 0.41, 0.0, 0.47, 0.0, 3.6, 0.0, 2.55, 0.0, 0.0], [-1.84, -4.46, 2.36, 2.84, 0.28, 358.63, 0.04, 1.0], [0.52, 25.0, 0.0, 0.0])
(27049231, [2.0, 0.46, 0.0, 0.45, 0.0, 3.6, 0.0, 2.55, 0.0, 0.0], [-1.94, -4.13, 2.28, 2.57, 0.28, 358.49, 0.04, 1.0], [0.53, 25.0, 0.0, 0.0])
(27148504, [2.0, 0.48, 0.0, 0.45, 0.0, 3.6, 0.0, 2.62, 0.0, 0.0], [-2.03, -3.54, 2.19, 2.43, 0.28, 358.52, 0.04, 1.0], [0.53, 25.0, 0.0, 0.0])
(27249092, [2.0, 0.53, 0.0, 0.45, 0.0, 3.6, 0.0, 2.62, 0.0, 0.0], [-2.13, -3.03, 2.1, 2.07, 0.28, 358.2, 0.04, 1.0], [0.53, 25.0, 0.0, 0.0])
(27348433, [2.0, 0.56, 0.0, 0.45, 0.0, 3.6, 0.0, 2.6, 0.0, 0.0], [-2.21, -3.16, 2.01, 2.1, 0.28, 357.57, 0.05, 1.0], [0.52, 25.0, 0.0, 0.0])
(27449265, [2.0, 0.61, 0.0, 0.45, 0.0, 3.6, 0.0, 2.57, 0.0, 0.0], [-2.29, -2.25, 1.91, 0.51, 0.28, 356.95, 0.05, 1.0], [0.53, 25.0, 0.0, 0.0])
(27548531, [2.0, 0.64, 0.0, 0.47, 0.0, 3.6, 0.0, 2.57, 0.0, 0.0], [-2.37, -1.79, 1.82, 0.65, 0.28, 356.45, 0.04, 1.0], [0.52, 25.0, 0.0, 0.0])
(27648406, [2.0, 0.69, 0.0, 0.47, 0.0, 3.6, 0.0, 2.58, 0.0, 0.0], [-2.44, -1.27, 1.71, 0.64, 0.28, 356.44, 0.04, 1.0], [0.53, 25.0, 0.0, 0.0])
(27748552, [2.0, 0.71, 0.0, 0.48, 0.0, 3.6, 0.0, 2.58, 0.0, 0.0], [-2.51, -1.98, 1.61, 1.16, 0.28, 356.95, 0.04, 1.0], [0.52, 25.0, 0.0, 0.0])
(27848458, [2.0, 0.76, 0.0, 0.49, 0.0, 3.6, 0.0, 2.53, 0.0, 0.0], [-2.57, -2.45, 1.49, 1.13, 0.28, 357.7, 0.04, 1.0], [0.52, 25.0, 0.0, 0.0])
(27948432, [2.0, 0.8, 0.0, 0.5, 0.0, 3.6, 0.0, 2.57, 0.0, 0.0], [-2.64, -2.58, 1.37, 1.26, 0.28, 358.59, 0.04, 1.0], [0.52, 25.0, 0.0, 0.0])
(28048722, [2.0, 0.82, 0.0, 0.52, 0.0, 3.6, 0.0, 2.49, 0.0, 0.0], [-2.7, -2.35, 1.25, 1.52, 0.28, 359.27, 0.04, 1.0], [0.52, 25.0, 0.0, 0.0])
(28148534, [2.0, 0.85, 0.0, 0.55, 0.0, 3.6, 0.0, 2.47, 0.0, 0.0], [-2.74, -2.65, 1.15, 1.64, 0.28, 359.7, 0.04, 1.0], [0.53, 25.0, 0.0, 0.0])
(28248415, [2.0, 0.87, 0.0, 0.56, 0.0, 0.2, 0.0, 2.44, 0.0, 0.0], [-2.64, -2.94, 0.79, 1.81, 0.28, 359.79, 0.04, 1.0], [0.52, 25.0, 0.0, 0.0])
(28349182, [2.0, 0.9, 0.0, 0.6, 0.0, 0.2, 0.0, 2.44, 0.0, 0.0], [-2.09, -2.72, -0.88, 0.59, 0.28, 0.1, 0.03, 1.0], [0.53, 25.0, 0.0, 0.0])
(28448571, [2.0, 0.92, 0.0, 0.62, 0.0, 0.17, 0.0, 2.43, 0.0, 0.0], [-1.73, -2.33, -1.75, -0.76, 0.28, 359.75, 0.03, 1.0], [0.28, 25.0, 0.0, 0.0])
(28550084, [2.0, 0.94, 0.0, 0.65, 0.0, 0.16, 0.0, 2.43, 0.0, 0.0], [-1.49, 1.85, -2.22, 0.49, 0.28, 356.08, 0.03, 1.0], [0.53, 25.0, 0.0, 0.0])
(28648979, [2.0, 0.96, 0.0, 0.7, 0.0, 0.13, 0.0, 2.31, 0.0, 0.0], [-1.3, 4.75, -2.48, 0.74, 0.28, 349.65, 0.03, 1.0], [0.53, 25.0, 0.0, 0.0])
(28749742, [2.0, 1.02, 0.0, 0.73, 0.0, 0.14, 0.0, 2.31, 0.0, 0.0], [-1.11, 3.25, -2.65, -1.9, 0.28, 345.06, 0.05, 1.0], [0.51, 25.0, 0.0, 0.0])
(28849448, [2.0, 1.03, 0.0, 0.75, 0.0, 0.19, 0.0, 3.6, 0.0, 0.0], [-0.99, 2.26, -2.74, -3.37, 0.28, 342.97, 0.05, 1.0], [0.51, 25.0, 0.0, 0.0])
(28949582, [2.0, 1.04, 0.0, 0.76, 0.0, 0.23, 0.0, 0.55, 0.0, 0.0], [-0.37, 1.05, -2.8, -3.57, 0.28, 342.85, 0.05, 1.0], [0.5, 25.0, 0.0, 0.0])
(29049690, [2.0, 1.03, 0.0, 0.77, 0.0, 0.23, 0.0, 0.57, 0.0, 0.0], [0.22, 0.99, -2.83, -3.46, 0.28, 344.01, 0.05, 1.0], [0.5, 25.0, 0.0, 0.0])
(29149368, [2.0, 0.97, 0.0, 0.77, 0.0, 0.25, 0.0, 0.59, 0.0, 0.0], [0.53, 0.28, -2.84, -3.25, 0.28, 346.0, 0.06, 1.0], [0.5, 25.0, 0.0, 0.0])
(29249703, [2.0, 0.94, 0.0, 0.77, 0.0, 0.25, 0.0, 0.6, 0.0, 0.0], [0.64, -0.5, -2.86, -2.4, 0.28, 348.65, 0.06, 1.0], [0.51, 25.0, 0.0, 0.0])
(29349906, [2.0, 0.86, 0.0, 0.78, 0.0, 0.28, 0.0, 0.76, 0.0, 0.0], [0.44, -1.14, -2.9, -1.69, 0.28, 351.36, 0.06, 1.0], [0.51, 25.0, 0.0, 0.0])
(29449530, [2.0, 0.82, 0.0, 0.78, 0.0, 0.28, 0.0, 0.76, 0.0, 0.0], [0.29, -1.66, -2.93, -1.49, 0.28, 353.88, 0.06, 1.0], [0.52, 25.0, 0.0, 0.0])
(29549870, [2.0, 0.74, 0.0, 0.8, 0.0, 0.51, 0.0, 2.23, 0.0, 0.0], [-0.53, -1.22, -1.06, -0.48, 0.28, 356.09, 0.06, 1.0], [0.51, 25.0, 0.0, 0.0])
(29649212, [2.0, 0.7, 0.0, 0.81, 0.0, 0.59, 0.0, 2.23, 0.0, 0.0], [-1.41, -1.67, -1.33, 1.59, 0.28, 358.07, 0.06, 1.0], [0.52, 25.0, 0.0, 0.0])
(29750171, [2.0, 0.63, 0.0, 0.84, 0.0, 0.59, 0.0, 2.2, 0.0, 0.0], [-2.1, -2.55, -1.16, 1.47, 0.28, 359.69, 0.05, 1.0], [0.52, 25.0, 0.0, 0.0])
(29850461, [2.0, 0.59, 0.0, 0.85, 0.0, 0.98, 0.0, 2.18, 0.0, 0.0], [-2.05, -3.17, -0.04, 1.92, 0.28, 0.67, 0.05, 1.0], [0.52, 25.0, 0.0, 0.0])
(29949883, [2.0, 0.51, 0.0, 0.88, 0.0, 1.0, 0.0, 2.13, 0.0, 0.0], [-1.42, -1.92, 1.45, 3.89, 0.28, 1.04, 0.04, 1.0], [0.52, 25.0, 0.0, 0.0])
(30049965, [2.0, 0.48, 0.0, 0.9, 0.0, 1.0, 0.0, 2.12, 0.0, 0.0], [-1.0, -0.72, 2.21, 5.42, 0.28, 0.76, 0.04, 1.0], [0.52, 25.0, 0.0, 0.0])
(30149703, [2.0, 0.42, 0.0, 0.94, 0.0, 1.19, 0.0, 2.09, 0.0, 0.0], [-0.68, -0.29, 2.61, 5.61, 0.28, 359.56, 0.04, 1.0], [0.52, 25.0, 0.0, 0.0])
(30249637, [2.0, 0.4, 0.0, 0.96, 0.0, 1.23, 0.0, 2.06, 0.0, 0.0], [-0.44, -0.53, 2.81, 4.49, 0.28, 358.1, 0.04, 1.0], [0.52, 25.0, 0.0, 0.0])
(30349759, [2.0, 0.35, 0.0, 1.0, 0.0, 1.28, 0.0, 2.03, 0.0, 0.0], [-0.23, -0.17, 2.92, 4.22, 0.28, 356.5, 0.04, 1.0], [0.51, 25.0, 0.0, 0.0])
(30450046, [2.0, 0.3, 0.0, 1.03, 0.0, 3.6, 0.0, 2.02, 0.0, 0.0], [-0.1, -1.06, 2.97, 5.2, 0.28, 354.88, 0.04, 1.0], [0.51, 25.0, 0.0, 0.0])
(30549881, [2.0, 0.29, 0.0, 1.06, 0.0, 1.3, 0.0, 1.99, 0.0, 0.0], [-0.03, -2.06, 3.0, 5.17, 0.28, 353.44, 0.05, 1.0], [0.52, 25.0, 0.0, 0.0])
(30650234, [2.0, 0.26, 0.0, 1.1, 0.0, 1.3, 0.0, 1.98, 0.0, 0.0], [0.0, -1.64, 3.01, 3.21, 0.28, 352.72, 0.05, 1.0], [0.51, 25.0, 0.0, 0.0])
(30749874, [2.0, 0.24, 0.0, 1.1, 0.0, 3.6, 0.0, 1.97, 0.0, 0.0], [0.01, 0.38, 3.02, 1.49, 0.28, 352.32, 0.05, 1.0], [0.5, 25.0, 0.0, 0.0])
(30850182, [2.0, 0.22, 0.0, 1.12, 0.0, 3.6, 0.0, 1.91, 0.0, 0.0], [0.02, 1.8, 3.02, 0.88, 0.28, 357.2, 0.05, 1.0], [0.5, 25.0, 0.0, 0.0])
(30949388, [2.0, 0.21, 0.0, 1.16, 0.0, 3.6, 0.0, 1.86, 0.0, 0.0], [0.02, 1.36, 3.02, 0.46, 0.28, 3.65, 0.05, 1.0], [0.5, 25.0, 0.0, 0.0])
(31049405, [2.0, 0.2, 0.0, 1.17, 0.0, 3.6, 0.0, 1.83, 0.0, 0.0], [0.02, 1.57, 3.02, 1.25, 0.28, 8.6, 0.05, 1.0], [0.5, 25.0, 0.0, 0.0])
(31149671, [2.0, 0.18, 0.0, 1.21, 0.0, 0.95, 0.0, 1.82, 0.0, 0.0], [0.02, 1.69, 3.02, 1.79, 0.28, 8.7, 0.06, 1.0], [0.51, 25.0, 0.0, 0.0])
(31249656, [2.0, 0.2, 0.0, 1.22, 0.0, 0.94, 0.0, 1.81, 0.0, 0.0], [0.02, 1.85, 3.02, 1.93, 0.28, 6.29, 0.06, 1.0], [0.51, 25.0, 0.0, 0.0])
(31349603, [2.0, 0.19, 0.0, 1.23, 0.0, 0.94, 0.0, 1.78, 0.0, 0.0], [0.02, 2.26, 3.02, 1.96, 0.28, 4.49, 0.05, 1.0], [0.51, 25.0, 0.0, 0.0])
(31452126, [2.0, 0.2, 0.0, 1.23, 0.0, 0.95, 0.0, 1.78, 0.0, 0.0], [0.02, 1.68, 3.02, 2.15, 0.28, 2.92, 0.05, 1.0], [0.51, 25.0, 0.0, 0.0])
(31551295, [2.0, 0.2, 0.0, 1.23, 0.0, 0.96, 0.0, 1.79, 0.0, 0.0], [0.02, 0.63, 3.02, 2.01, 0.28, 0.55, 0.04, 1.0], [0.2, 25.0, 0.0, 0.0])
(31651908, [2.0, 0.21, 0.0, 1.22, 0.0, 0.99, 0.0, 1.8, 0.0, 0.0], [0.02, 0.13, 3.02, 1.31, 0.28, 358.81, 0.04, 1.0], [0.51, 25.0, 0.0, 0.0])
(31751430, [2.0, 0.21, 0.0, 1.22, 0.0, 1.04, 0.0, 1.8, 0.0, 0.0], [0.02, -0.35, 3.02, 0.73, 0.28, 357.42, 0.04, 1.0], [0.51, 25.0, 0.0, 0.0])
(31852208, [2.0, 0.22, 0.0, 1.2, 0.0, 1.3, 0.0, 1.84, 0.0, 0.0], [0.02, -0.33, 3.02, 0.46, 0.28, 356.37, 0.04, 1.0], [0.2, 25.0, 0.0, 0.0])
(31951382, [2.0, 0.22, 0.0, 1.2, 0.0, 1.3, 0.0, 1.82, 0.0, 0.0], [0.02, -0.41, 3.02, 0.41, 0.28, 355.86, 0.04, 1.0], [0.52, 25.0, 0.0, 0.0])
(32051433, [2.0, 0.22, 0.0, 1.18, 0.0, 1.35, 0.0, 1.83, 0.0, 0.0], [0.02, -0.39, 3.02, 0.41, 0.28, 355.51, 0.04, 1.0], [0.52, 25.0, 0.0, 0.0])
(32151581, [2.0, 0.22, 0.0, 1.18, 0.0, 1.38, 0.0, 1.83, 0.0, 0.0], [0.02, -0.15, 3.02, 0.33, 0.28, 355.53, 0.04, 1.0], [0.52, 25.0, 0.0, 0.0])
(32252478, [2.0, 0.22, 0.0, 1.18, 0.0, 1.38, 0.0, 1.82, 0.0, 0.0], [0.02, 0.12, 3.02, 0.08, 0.28, 355.61, 0.04, 1.0], [0.53, 25.0, 0.0, 0.0])
(32351924, [2.0, 0.22, 0.0, 1.18, 0.0, 1.37, 0.0, 1.84, 0.0, 0.0], [0.02, -0.45, 3.02, 0.39, 0.28, 356.04, 0.04, 1.0], [0.53, 25.0, 0.0, 0.0])
(32451693, [2.0, 0.22, 0.0, 1.18, 0.0, 1.33, 0.0, 1.83, 0.0, 0.0], [0.02, -1.06, 3.02, 1.18, 0.28, 356.89, 0.04, 1.0], [0.53, 25.0, 0.0, 0.0])
(32551345, [2.0, 0.21, 0.0, 1.19, 0.0, 1.28, 0.0, 1.83, 0.0, 0.0], [0.02, -0.69, 3.02, 2.38, 0.28, 358.15, 0.04, 1.0], [0.54, 25.0, 0.0, 0.0])
(32651275, [2.0, 0.22, 0.0, 1.21, 0.0, 1.28, 0.0, 1.8, 0.0, 0.0], [0.02, -0.74, 3.02, 4.12, 0.28, 359.16, 0.04, 1.0], [0.54, 25.0, 0.0, 0.0])
(32751455, [2.0, 0.22, 0.0, 1.21, 0.0, 1.11, 0.0, 1.8, 0.0, 0.0], [0.02, -1.91, 3.02, 4.88, 0.28, 359.56, 0.03, 1.0], [0.57, 25.0, 0.0, 0.0])
(32851366, [2.0, 0.22, 0.0, 1.22, 0.0, 1.02, 0.0, 1.8, 0.0, 0.0], [0.02, -2.47, 3.02, 5.05, 0.28, 359.91, 0.03, 1.0], [0.56, 25.0, 0.0, 0.0])
(32951936, [2.0, 0.23, 0.0, 1.25, 0.0, 0.96, 0.0, 1.79, 0.0, 0.0], [0.02, -1.91, 3.02, 4.58, 0.28, 0.3, 0.03, 1.0], [0.55, 25.0, 0.0, 0.0])
(33051227, [2.0, 0.24, 0.0, 1.25, 0.0, 0.94, 0.0, 1.76, 0.0, 0.0], [0.02, -1.04, 3.02, 3.92, 0.28, 0.73, 0.03, 1.0], [0.56, 25.0, 0.0, 0.0])
(33151978, [2.0, 0.26, 0.0, 1.28, 0.0, 0.9, 0.0, 1.72, 0.0, 0.0], [0.02, -0.97, 3.02, 3.43, 0.28, 1.33, 0.04, 1.0], [0.55, 25.0, 0.0, 0.0])
(33251239, [2.0, 0.28, 0.0, 1.29, 0.0, 0.88, 0.0, 1.71, 0.0, 0.0], [0.02, -1.35, 3.02, 3.12, 0.28, 1.9, 0.04, 1.0], [0.55, 25.0, 0.0, 0.0])
(33352143, [2.0, 0.3, 0.0, 1.33, 0.0, 0.84, 0.0, 1.68, 0.0, 0.0], [0.02, -1.9, 3.02, 3.03, 0.28, 2.24, 0.03, 1.0], [0.56, 25.0, 0.0, 0.0])
(33451434, [2.0, 0.32, 0.0, 1.34, 0.0, 0.82, 0.0, 1.67, 0.0, 0.0], [0.02, -2.5, 3.02, 2.69, 0.28, 2.0, 0.03, 1.0], [0.55, 25.0, 0.0, 0.0])
(33552317, [2.0, 0.36, 0.0, 1.39, 0.0, 0.79, 0.0, 1.63, 0.0, 0.0], [0.02, -3.06, 3.02, 2.24, 0.28, 1.21, 0.03, 1.0], [0.55, 25.0, 0.0, 0.0])
(33651963, [2.0, 0.38, 0.0, 1.41, 0.0, 0.78, 0.0, 1.62, 0.0, 0.0], [0.02, -2.99, 3.02, 2.6, 0.28, 359.84, 0.03, 1.0], [0.55, 25.0, 0.0, 0.0])
(33751589, [2.0, 0.42, 0.0, 1.46, 0.0, 0.74, 0.0, 1.57, 0.0, 0.0], [0.02, -2.38, 3.02, 2.66, 0.28, 358.08, 0.03, 1.0], [0.55, 25.0, 0.0, 0.0])
(33851441, [2.0, 0.45, 0.0, 1.49, 0.0, 0.73, 0.0, 1.54, 0.0, 0.0], [0.02, -1.61, 3.02, 3.0, 0.28, 356.22, 0.03, 1.0], [0.55, 25.0, 0.0, 0.0])
(33951966, [2.0, 0.49, 0.0, 1.56, 0.0, 0.68, 0.0, 1.49, 0.0, 0.0], [0.02, -0.59, 3.02, 2.91, 0.28, 354.61, 0.04, 1.0], [0.55, 25.0, 0.0, 0.0])
(34051458, [2.0, 0.52, 0.0, 1.59, 0.0, 0.66, 0.0, 1.47, 0.0, 0.0], [0.02, 0.38, 3.02, 2.46, 0.28, 353.31, 0.04, 1.0], [0.55, 25.0, 0.0, 0.0])
(34152210, [2.0, 0.57, 0.0, 1.65, 0.0, 0.63, 0.0, 1.42, 0.0, 0.0], [0.02, 1.15, 2.99, 1.77, 0.28, 352.43, 0.04, 1.0], [0.56, 25.0, 0.0, 0.0])
(34251355, [2.0, 0.62, 0.0, 1.69, 0.0, 0.61, 0.0, 1.39, 0.0, 0.0], [0.02, 1.29, 2.31, 0.57, 0.28, 352.04, 0.04, 1.0], [0.54, 25.0, 0.0, 0.0])
(34351386, [2.0, 0.65, 0.0, 1.76, 0.0, 0.57, 0.0, 1.33, 0.0, 0.0], [0.02, 1.08, 0.29, -1.11, 0.28, 352.0, 0.04, 1.0], [0.53, 25.0, 0.0, 0.0])
(34451437, [2.0, 0.74, 0.0, 1.79, 0.0, 0.56, 0.0, 1.3, 0.0, 0.0], [0.02, 1.12, -1.35, -3.03, 0.28, 352.28, 0.04, 1.0], [0.53, 25.0, 0.0, 0.0])
(34551529, [2.0, 0.74, 0.0, 1.83, 0.0, 0.53, 0.0, 1.25, 0.0, 0.0], [0.02, 1.3, -2.17, -4.26, 0.28, 352.82, 0.04, 1.0], [0.53, 25.0, 0.0, 0.0])
(34651638, [2.0, 1.96, 0.0, 1.86, 0.0, 0.53, 0.0, 1.22, 0.0, 0.0], [0.02, 2.68, -2.57, -4.43, 0.28, 353.46, 0.04, 1.0], [0.52, 25.0, 0.0, 0.0])
(34751327, [2.0, 1.96, 0.0, 1.88, 0.0, 0.52, 0.0, 1.17, 0.0, 0.0], [0.02, 2.71, -2.77, -3.64, 0.28, 354.21, 0.06, 1.0], [0.52, 25.0, 0.0, 0.0])
(34851666, [2.0, 1.96, 0.0, 1.92, 0.0, 0.53, 0.0, 1.15, 0.0, 0.0], [0.02, 1.28, -2.87, -2.46, 0.28, 355.43, 0.06, 1.0], [0.52, 25.0, 0.0, 0.0])
(34951226, [2.0, 1.96, 0.0, 1.97, 0.0, 0.54, 0.0, 1.1, 0.0, 0.0], [0.02, 0.81, -2.92, -1.63, 0.28, 356.6, 0.07, 1.0], [0.52, 25.0, 0.0, 0.0])
(35051490, [2.0, 1.9, 0.0, 1.98, 0.0, 0.55, 0.0, 1.09, 0.0, 0.0], [0.02, 1.87, -2.94, -1.95, 0.28, 357.14, 0.07, 1.0], [0.52, 25.0, 0.0, 0.0])
(35151458, [2.0, 1.87, 0.0, 1.99, 0.0, 0.59, 0.0, 1.04, 0.0, 0.0], [0.03, 2.5, -2.95, -2.47, 0.28, 357.27, 0.07, 1.0], [0.52, 25.0, 0.0, 0.0])
(35251998, [2.0, 1.82, 0.0, 2.01, 0.0, 0.63, 0.0, 1.02, 0.0, 0.0], [0.03, 2.01, -2.96, -2.14, 0.28, 357.45, 0.07, 1.0], [0.53, 25.0, 0.0, 0.0])
(35351991, [2.0, 1.81, 0.0, 2.03, 0.0, 0.66, 0.0, 1.0, 0.0, 0.0], [0.03, 1.77, -2.96, -1.54, 0.28, 357.49, 0.07, 1.0], [0.52, 25.0, 0.0, 0.0])
(35451519, [2.0, 1.74, 0.0, 2.03, 0.0, 0.71, 0.0, 0.98, 0.0, 0.0], [0.1, 1.78, -2.96, -1.14, 0.28, 357.36, 0.07, 1.0], [0.53, 25.0, 0.0, 0.0])
(35552712, [2.0, 1.71, 0.0, 2.05, 0.0, 0.74, 0.0, 0.97, 0.0, 0.0], [0.19, 1.83, -2.96, -0.96, 0.28, 356.95, 0.08, 1.0], [0.53, 25.0, 0.0, 0.0])
(35653201, [2.0, 1.64, 0.0, 2.03, 0.0, 0.8, 0.0, 0.96, 0.0, 0.0], [0.35, 2.2, -2.94, -1.71, 0.28, 356.38, 0.08, 1.0], [0.53, 25.0, 0.0, 0.0])
(35752573, [2.0, 1.63, 0.0, 1.95, 0.0, 0.84, 0.0, 0.95, 0.0, 0.0], [0.56, 2.02, -2.9, -1.78, 0.28, 355.51, 0.07, 1.0], [0.52, 25.0, 0.0, 0.0])
(35853522, [2.0, 1.54, 0.0, 1.95, 0.0, 0.9, 0.0, 0.95, 0.0, 0.0], [0.83, 1.76, -2.84, -1.25, 0.28, 353.95, 0.07, 1.0], [0.52, 25.0, 0.0, 0.0])
(35953083, [2.0, 1.53, 0.0, 3.6, 0.0, 0.94, 0.0, 0.97, 0.0, 0.0], [1.13, 0.81, -2.72, -0.9, 0.28, 352.27, 0.06, 1.0], [0.53, 25.0, 0.0, 0.0])
(36053274, [2.0, 1.46, 0.0, 3.6, 0.0, 1.03, 0.0, 0.96, 0.0, 0.0], [1.44, 2.67, -1.91, -1.8, 0.28, 354.16, 0.06, 1.0], [0.53, 25.0, 0.0, 0.0])
(36153169, [2.0, 1.43, 0.0, 0.6, 0.0, 1.06, 0.0, 0.95, 0.0, 0.0], [0.55, 1.85, -0.93, -0.23, 0.28, 356.58, 0.1, 1.0], [0.53, 25.0, 0.0, 0.0])
(36252720, [2.0, 1.41, 0.0, 0.7, 0.0, 1.06, 0.0, 0.91, 0.0, 0.0], [-1.23, -0.88, -0.44, -0.21, 0.28, 356.76, 0.1, 1.0], [0.53, 25.0, 0.0, 0.0])
(36353614, [2.0, 1.37, 0.0, 0.67, 0.0, 1.07, 0.0, 0.9, 0.0, 0.0], [-2.11, -3.73, -0.2, 0.76, 0.28, 355.52, 0.08, 1.0], [0.52, 25.0, 0.0, 0.0])
(36453157, [2.0, 1.37, 0.0, 0.52, 0.0, 1.11, 0.0, 0.88, 0.0, 0.0], [-2.54, -5.39, -0.08, 1.23, 0.28, 353.52, 0.08, 1.0], [0.52, 25.0, 0.0, 0.0])
(36552748, [2.0, 1.36, 0.0, 0.46, 0.0, 1.13, 0.0, 0.86, 0.0, 0.0], [-2.76, -6.09, -0.02, 1.37, 0.28, 351.23, 0.08, 1.0], [0.53, 25.0, 0.0, 0.0])
(36652688, [2.0, 1.36, 0.0, 0.39, 0.0, 1.16, 0.0, 0.82, 0.0, 0.0], [-2.86, -6.38, 0.0, 1.31, 0.28, 349.18, 0.08, 1.0], [0.53, 25.0, 0.0, 0.0])
(36753182, [2.0, 1.35, 0.0, 0.42, 0.0, 1.18, 0.0, 0.79, 0.0, 0.0], [-2.91, -5.68, 0.01, 1.03, 0.28, 347.59, 0.08, 1.0], [0.52, 25.0, 0.0, 0.0])
(36853311, [2.0, 1.36, 0.0, 0.46, 0.0, 1.2, 0.0, 0.72, 0.0, 0.0], [-2.94, -3.98, 0.02, 0.15, 0.28, 346.66, 0.09, 1.0], [0.52, 25.0, 0.0, 0.0])
(36952812, [2.0, 1.34, 0.0, 0.59, 0.0, 1.21, 0.0, 0.68, 0.0, 0.0], [-2.95, -2.54, 0.02, -0.29, 0.28, 346.37, 0.09, 1.0], [0.52, 25.0, 0.0, 0.0])
(37053010, [2.0, 1.32, 0.0, 0.59, 0.0, 1.22, 0.0, 0.58, 0.0, 0.0], [-2.19, -0.66, 0.02, -0.15, 0.28, 346.71, 0.08, 1.0], [0.52, 25.0, 0.0, 0.0])
(37152823, [2.0, 1.29, 0.0, 3.6, 0.0, 1.22, 0.0, 0.53, 0.0, 0.0], [-0.11, 1.94, 0.02, 0.1, 0.28, 347.61, 0.08, 1.0], [0.52, 25.0, 0.0, 0.0])
(37252600, [2.0, 1.27, 0.0, 3.6, 0.0, 1.22, 0.0, 0.42, 0.0, 0.0], [1.47, 5.14, 0.02, 0.38, 0.28, 348.75, 0.08, 1.0], [0.53, 25.0, 0.0, 0.0])
(37352712, [2.0, 1.2, 0.0, 3.6, 0.0, 1.22, 0.0, 0.33, 0.0, 0.0], [2.26, 7.06, 0.02, 0.45, 0.28, 349.91, 0.08, 1.0], [0.54, 25.0, 0.0, 0.0])
(37452533, [2.0, 1.16, 0.0, 3.6, 0.0, 1.24, 0.0, 0.28, 0.0, 0.0], [2.65, 7.63, 0.02, 0.49, 0.28, 351.06, 0.08, 1.0], [0.54, 25.0, 0.0, 0.0])
(37553575, [2.0, 1.13, 0.0, 3.6, 0.0, 1.25, 0.0, 0.24, 0.0, 0.0], [2.84, 8.55, 0.02, 0.85, 0.28, 352.81, 0.08, 1.0], [0.53, 25.0, 0.0, 0.0])
(37652577, [2.0, 1.15, 0.0, 3.6, 0.0, 1.24, 0.0, 0.24, 0.0, 0.0], [2.93, 6.53, 0.02, 1.53, 0.28, 353.36, 0.13, 1.0], [0.54, 25.0, 0.0, 0.0])
(37753705, [2.0, 1.2, 0.0, 2.67, 0.0, 1.25, 0.0, 0.25, 0.0, 0.0], [2.98, 3.83, 0.02, 1.85, 0.28, 353.23, 0.13, 1.0], [0.57, 25.0, 0.0, 0.0])
(37852768, [2.0, 1.19, 0.0, 2.67, 0.0, 1.25, 0.0, 0.28, 0.0, 0.0], [3.0, 2.65, 0.02, 2.23, 0.28, 352.71, 0.12, 1.0], [0.57, 25.0, 0.0, 0.0])
(37953006, [2.0, 1.2, 0.0, 3.6, 0.0, 1.26, 0.0, 0.33, 0.0, 0.0], [3.01, 2.12, 0.02, 1.87, 0.28, 351.94, 0.12, 1.0], [0.57, 25.0, 0.0, 0.0])
(38052688, [2.0, 1.2, 0.0, 3.6, 0.0, 1.28, 0.0, 0.35, 0.0, 0.0], [3.02, 1.93, 0.02, 0.6, 0.28, 351.07, 0.1, 1.0], [0.55, 25.0, 0.0, 0.0])
(38153251, [2.0, 1.22, 0.0, 3.6, 0.0, 1.29, 0.0, 0.41, 0.0, 0.0], [3.02, 1.42, 0.02, -0.37, 0.28, 350.23, 0.1, 1.0], [0.55, 25.0, 0.0, 0.0])
(38252749, [2.0, 1.22, 0.0, 2.66, 0.0, 1.29, 0.0, 0.43, 0.0, 0.0], [3.02, 0.31, 0.02, -1.1, 0.28, 349.69, 0.08, 1.0], [0.54, 25.0, 0.0, 0.0])
(38354316, [2.0, 1.21, 0.0, 2.66, 0.0, 1.3, 0.0, 0.48, 0.0, 0.0], [3.02, 0.18, 0.02, -1.35, 0.28, 349.44, 0.08, 1.0], [0.54, 25.0, 0.0, 0.0])
(38453423, [2.0, 1.19, 0.0, 2.59, 0.0, 1.33, 0.0, 0.51, 0.0, 0.0], [3.02, -0.02, 0.02, -1.6, 0.28, 349.48, 0.08, 1.0], [0.55, 25.0, 0.0, 0.0])
(38553781, [2.0, 1.15, 0.0, 2.54, 0.0, 1.35, 0.0, 0.54, 0.0, 0.0], [3.02, -0.29, 0.02, -1.55, 0.28, 350.02, 0.08, 1.0], [0.55, 25.0, 0.0, 0.0])
(38653572, [2.0, 1.12, 0.0, 2.52, 0.0, 1.39, 0.0, 0.56, 0.0, 0.0], [3.02, 0.39, 0.02, -1.08, 0.28, 350.87, 0.08, 1.0], [0.55, 25.0, 0.0, 0.0])
(38753420, [2.0, 1.08, 0.0, 2.52, 0.0, 1.41, 0.0, 0.59, 0.0, 0.0], [3.02, 1.23, 0.02, -0.99, 0.28, 351.78, 0.08, 1.0], [0.27, 25.0, 0.0, 0.0])
(38853542, [2.0, 1.03, 0.0, 2.46, 0.0, 1.43, 0.0, 0.61, 0.0, 0.0], [3.02, 2.03, 0.02, -0.67, 0.28, 352.54, 0.08, 1.0], [0.54, 25.0, 0.0, 0.0])
(38953324, [2.0, 1.0, 0.0, 2.4, 0.0, 1.51, 0.0, 0.63, 0.0, 0.0], [3.02, 1.5, 0.02, -0.37, 0.28, 353.16, 0.08, 1.0], [0.54, 25.0, 0.0, 0.0])
(39053365, [2.0, 0.96, 0.0, 2.41, 0.0, 1.55, 0.0, 0.65, 0.0, 0.0], [3.02, 0.86, 0.14, -0.08, 0.28, 353.77, 0.07, 1.0], [0.55, 25.0, 0.0, 0.0])
(39153194, [2.0, 0.89, 0.0, 2.36, 0.0, 1.62, 0.0, 0.68, 0.0, 0.0], [2.97, 1.22, 0.47, 0.14, 0.28, 354.53, 0.07, 1.0], [0.54, 25.0, 0.0, 0.0])
(39253368, [2.0, 0.81, 0.0, 2.33, 0.0, 1.66, 0.0, 0.69, 0.0, 0.0], [2.87, 1.61, 0.85, 0.15, 0.28, 355.13, 0.06, 1.0], [0.54, 25.0, 0.0, 0.0])
(39353291, [2.0, 0.78, 0.0, 2.31, 0.0, 1.71, 0.0, 0.72, 0.0, 0.0], [2.67, 1.68, 1.31, 0.72, 0.28, 355.57, 0.06, 1.0], [0.55, 25.0, 0.0, 0.0])
(39453194, [2.0, 0.69, 0.0, 2.26, 0.0, 1.74, 0.0, 0.74, 0.0, 0.0], [2.42, 2.39, 1.72, 1.51, 0.28, 355.84, 0.05, 1.0], [0.54, 25.0, 0.0, 0.0])
(39553429, [2.0, 0.65, 0.0, 2.23, 0.0, 1.82, 0.0, 0.79, 0.0, 0.0], [2.06, 2.81, 2.11, 2.23, 0.28, 356.08, 0.05, 1.0], [0.55, 25.0, 0.0, 0.0])
(39653218, [2.0, 0.58, 0.0, 2.18, 0.0, 1.9, 0.0, 0.81, 0.0, 0.0], [1.67, 1.94, 2.33, 2.32, 0.28, 356.23, 0.05, 1.0], [0.55, 25.0, 0.0, 0.0])
(39753416, [2.0, 0.53, 0.0, 2.17, 0.0, 1.93, 0.0, 0.86, 0.0, 0.0], [0.82, 0.57, 1.16, 0.65, 0.28, 356.41, 0.05, 1.0], [0.54, 25.0, 0.0, 0.0])
(39853407, [2.0, 0.44, 0.0, 2.13, 0.0, 1.93, 0.0, 0.89, 0.0, 0.0], [0.4, 0.21, 0.57, -0.69, 0.28, 356.9, 0.04, 1.0], [0.54, 25.0, 0.0, 0.0])
(39953603, [2.0, 0.4, 0.0, 2.06, 0.0, 0.82, 0.0, 0.95, 0.0, 0.0], [0.2, 0.29, 0.28, -0.26, 0.28, 357.9, 0.04, 1.0], [0.54, 25.0, 0.0, 0.0])
(40053359, [2.0, 0.31, 0.0, 2.0, 0.0, 0.85, 0.0, 1.0, 0.0, 0.0], [0.09, 0.04, 0.13, 0.18, 0.28, 359.18, 0.04, 1.0], [0.53, 25.0, 0.0, 0.0])
(40153347, [2.0, 0.26, 0.0, 1.98, 0.0, 0.88, 0.0, 1.03, 0.0, 0.0], [0.04, 0.49, 0.06, -0.13, 0.28, 0.21, 0.04, 1.0], [0.52, 25.0, 0.0, 0.0])
(40253353, [2.0, 0.19, 0.0, 1.92, 0.0, 0.96, 0.0, 1.09, 0.0, 0.0], [0.02, 2.23, 0.03, -1.71, 0.28, 0.61, 0.04, 1.0], [0.51, 25.0, 0.0, 0.0])
(40353149, [2.0, 0.19, 0.0, 1.79, 0.0, 0.95, 0.0, 1.1, 0.0, 0.0], [0.01, 1.24, 0.01, -0.83, 0.28, 1.43, 0.04, 1.0], [0.49, 25.0, 0.0, 0.0])
(40453279, [2.0, 0.19, 0.0, 1.86, 0.0, 0.95, 0.0, 1.13, 0.0, 0.0], [0.0, 0.96, 0.0, -1.75, 0.28, 2.12, 0.1, 1.0], [0.46, 25.0, 0.0, 0.0])
(40553422, [2.0, 0.19, 0.0, 1.85, 0.0, 0.95, 0.0, 1.13, 0.0, 0.0], [0.0, -1.04, 0.0, -0.1, 0.28, 2.83, 0.1, 1.0], [0.44, 25.0, 0.0, 0.0])
(40653213, [2.0, 0.19, 0.0, 1.85, 0.0, 0.96, 0.0, 1.15, 0.0, 0.0], [0.0, -1.72, 0.0, -0.01, 0.28, 3.91, 0.09, 1.0], [0.4, 25.0, 0.0, 0.0])
(40754139, [2.0, 0.19, 0.0, 1.85, 0.0, 0.96, 0.0, 1.17, 0.0, 0.0], [0.0, -2.94, 0.0, 1.93, 0.28, 5.1, 0.09, 1.0], [0.36, 25.0, 0.0, 0.0])
(40853688, [2.0, 0.19, 0.0, 1.85, 0.0, 0.97, 0.0, 1.19, 0.0, 0.0], [0.0, -3.01, 0.0, 1.21, 0.28, 6.56, 0.08, 1.0], [0.32, 25.0, 0.0, 0.0])
(40954023, [2.0, 0.18, 0.0, 1.85, 0.0, 0.97, 0.0, 1.2, 0.0, 0.0], [0.0, -1.83, 0.0, -0.06, 0.28, 6.96, 0.08, 1.0], [0.27, 25.0, 0.0, 0.0])
(41053194, [2.0, 0.18, 0.0, 1.84, 0.0, 0.98, 0.0, 1.19, 0.0, 0.0], [0.0, -1.49, 0.0, 1.13, 0.28, 6.94, 0.06, 1.0], [0.23, 25.0, 0.0, 0.0])
(41153242, [2.0, 0.19, 0.0, 1.84, 0.0, 0.99, 0.0, 1.19, 0.0, 0.0], [0.0, -1.48, 0.0, -0.02, 0.28, 6.96, 0.06, 1.0], [0.2, 25.0, 0.0, 0.0])
(41253416, [2.0, 0.19, 0.0, 1.86, 0.0, 1.0, 0.0, 1.19, 0.0, 0.0], [0.0, -1.32, 0.0, 0.28, 0.28, 7.66, 0.06, 1.0], [0.2, 25.0, 0.0, 0.0])
(41353324, [2.0, 0.19, 0.0, 1.86, 0.0, 1.0, 0.0, 1.19, 0.0, 0.0], [0.0, -1.28, 0.0, 0.1, 0.28, 7.35, 0.06, 1.0], [0.2, 25.0, 0.0, 0.0])
(41453355, [2.0, 0.18, 0.0, 1.85, 0.0, 1.02, 0.0, 1.17, 0.0, 0.0], [0.0, 1.97, 0.0, 1.37, 0.28, 7.59, 0.05, 1.0], [0.2, 25.0, 0.0, 0.0])
(41553571, [2.0, 0.18, 0.0, 1.89, 0.0, 1.02, 0.0, 1.17, 0.0, 0.0], [0.0, -1.15, 0.0, -0.99, 0.28, 7.41, 0.05, 1.0], [0.2, 25.0, 0.0, 0.0])
(41653404, [2.0, 0.18, 0.0, 1.87, 0.0, 1.03, 0.0, 1.17, 0.0, 0.0], [0.0, -0.41, 0.0, 0.58, 0.28, 7.27, 0.06, 1.0], [0.2, 25.0, 0.0, 0.0])
(41753461, [2.0, 0.18, 0.0, 1.85, 0.0, 1.02, 0.0, 1.18, 0.0, 0.0], [0.0, -0.63, 0.0, 0.93, 0.28, 6.54, 0.06, 1.0], [0.2, 25.0, 0.0, 0.0])
(41853151, [2.0, 0.18, 0.0, 1.86, 0.0, 1.02, 0.0, 1.18, 0.0, 0.0], [0.0, 0.53, 0.0, 0.67, 0.28, 6.53, 0.05, 1.0], [0.2, 25.0, 0.0, 0.0])
(41953242, [2.0, 0.18, 0.0, 1.83, 0.0, 1.02, 0.0, 1.18, 0.0, 0.0], [0.0, 0.34, 0.0, 1.4, 0.28, 6.99, 0.05, 1.0], [0.2, 25.0, 0.0, 0.0])
(42053234, [2.0, 0.18, 0.0, 1.85, 0.0, 1.01, 0.0, 1.17, 0.0, 0.0], [0.0, 0.45, 0.0, 1.4, 0.28, 7.05, 0.04, 1.0], [0.2, 25.0, 0.0, 0.0])
(42153192, [2.0, 0.18, 0.0, 1.84, 0.0, 1.02, 0.0, 1.18, 0.0, 0.0], [0.0, 0.3, 0.0, 1.39, 0.28, 7.1, 0.04, 1.0], [0.2, 25.0, 0.0, 0.0])
(42253385, [2.0, 0.18, 0.0, 1.85, 0.0, 1.02, 0.0, 1.17, 0.0, 0.0], [0.0, 0.33, 0.0, 1.37, 0.28, 7.22, 0.03, 1.0], [0.2, 25.0, 0.0, 0.0])
(42353156, [2.0, 0.19, 0.0, 1.84, 0.0, 1.01, 0.0, 1.18, 0.0, 0.0], [0.0, 0.36, 0.0, 1.39, 0.28, 7.35, 0.03, 1.0], [0.2, 25.0, 0.0, 0.0])
(42453525, [2.0, 0.18, 0.0, 1.85, 0.0, 1.01, 0.0, 1.17, 0.0, 0.0], [0.0, 0.34, 0.0, 1.42, 0.28, 7.44, 0.03, 1.0], [0.2, 25.0, 0.0, 0.0])
(42553398, [2.0, 0.18, 0.0, 1.85, 0.0, 1.02, 0.0, 1.17, 0.0, 0.0], [0.0, 0.38, 0.0, 1.36, 0.28, 7.56, 0.03, 1.0], [0.2, 25.0, 0.0, 0.0])
(42653269, [2.0, 0.18, 0.0, 1.85, 0.0, 1.01, 0.0, 1.17, 0.0, 0.0], [0.0, 0.34, 0.0, 1.39, 0.28, 7.65, 0.02, 1.0], [0.2, 25.0, 0.0, 0.0])
(42753570, [2.0, 0.18, 0.0, 1.85, 0.0, 1.02, 0.0, 1.17, 0.0, 0.0], [0.0, 0.38, 0.0, 1.36, 0.28, 7.77, 0.02, 1.0], [0.2, 25.0, 0.0, 0.0])
(42853383, [2.0, 0.19, 0.0, 1.84, 0.0, 1.02, 0.0, 1.17, 0.0, 0.0], [0.0, 0.36, 0.0, 1.39, 0.28, 7.85, 0.02, 1.0], [0.2, 25.0, 0.0, 0.0])
(42953505, [2.0, 0.18, 0.0, 1.86, 0.0, 1.02, 0.0, 1.17, 0.0, 0.0], [0.0, 0.34, 0.0, 1.4, 0.28, 7.93, 0.02, 1.0], [0.2, 25.0, 0.0, 0.0])
(43054178, [2.0, 0.18, 0.0, 1.83, 0.0, 1.02, 0.0, 1.17, 0.0, 0.0], [0.0, 0.36, 0.0, 1.36, 0.28, 8.04, 0.02, 1.0], [0.2, 25.0, 0.0, 0.0])
(43153375, [2.0, 0.18, 0.0, 1.85, 0.0, 1.02, 0.0, 1.17, 0.0, 0.0], [0.0, 0.37, 0.0, 1.34, 0.28, 8.14, 0.02, 1.0], [0.2, 25.0, 0.0, 0.0])
(43253445, [2.0, 0.18, 0.0, 1.83, 0.0, 1.02, 0.0, 1.18, 0.0, 0.0], [0.0, 0.38, 0.0, 1.34, 0.28, 8.24, 0.01, 1.0], [0.2, 25.0, 0.0, 0.0])
(43353532, [2.0, 0.18, 0.0, 1.83, 0.0, 1.02, 0.0, 1.18, 0.0, 0.0], [0.0, 0.37, 0.0, 1.38, 0.28, 8.33, 0.01, 1.0], [0.2, 25.0, 0.0, 0.0])
(43453331, [2.0, 0.18, 0.0, 1.87, 0.0, 1.02, 0.0, 1.18, 0.0, 0.0], [0.0, 0.35, 0.0, 1.4, 0.28, 8.41, 0.01, 1.0], [0.2, 25.0, 0.0, 0.0])
(160987774, [2.0, 0.69, 0.0, 0.48, 0.0, 0.66, 0.0, 2.56, 0.0, 0.0], [0.2, 0.33, 0.29, 0.47, 93.16, 93.17, 0.0, 1.0], [0.2, 25.0, 0.0, 0.0])
(161088561, [2.0, 0.69, 0.0, 0.49, 0.0, 0.65, 0.0, 2.58, 0.0, 0.0], [0.1, 0.33, 0.14, 0.48, 93.22, 93.23, 0.0, 1.0], [0.2, 25.0, 0.0, 0.0])
(161188349, [2.0, 0.69, 0.0, 0.48, 0.0, 0.65, 0.0, 2.6, 0.0, 0.0], [0.05, 0.33, 0.07, 0.48, 93.28, 93.29, 0.0, 1.0], [0.2, 25.0, 0.0, 0.0])
(161288399, [2.0, 0.69, 0.0, 0.49, 0.0, 3.6, 0.0, 2.52, 0.0, 0.0], [0.02, 0.33, 0.03, 0.47, 93.34, 93.35, 0.0, 1.0], [0.2, 25.0, 0.0, 0.0])
(161388405, [2.0, 0.69, 0.0, 0.48, 0.0, 3.6, 0.0, 2.62, 0.0, 0.0], [0.01, 0.33, 0.01, 0.47, 93.4, 93.41, 0.0, 1.0], [0.2, 25.0, 0.0, 0.0])
(161488281, [2.0, 0.69, 0.0, 0.48, 0.0, 3.6, 0.0, 2.54, 0.0, 0.0], [0.0, 0.33, 0.0, 0.47, 93.46, 93.46, 0.0, 1.0], [0.2, 25.0, 0.0, 0.0])
(161588305, [2.0, 0.68, 0.0, 0.48, 0.0, 3.6, 0.0, 2.54, 0.0, 0.0], [0.0, 0.33, 0.0, 0.47, 93.52, 93.53, 0.0, 1.0], [0.2, 25.0, 0.0, 0.0])
(161688349, [2.0, 0.69, 0.0, 0.49, 0.0, 3.6, 0.0, 2.58, 0.0, 0.0], [0.0, 0.33, 0.0, 0.46, 93.58, 93.58, 0.0, 1.0], [0.2, 25.0, 0.0, 0.0])
(161788500, [2.0, 0.69, 0.0, 0.49, 0.0, 3.6, 0.0, 2.58, 0.0, 0.0], [0.0, 0.33, 0.0, 0.46, 93.64, 93.64, 0.0, 1.0], [0.2, 25.0, 0.0, 0.0])
(161888519, [2.0, 0.69, 0.0, 0.49, 0.0, 3.6, 0.0, 2.57, 0.0, 0.0], [0.0, 0.33, 0.0, 0.46, 93.7, 93.7, 0.0, 1.0], [0.2, 25.0, 0.0, 0.0])
(161988427, [2.0, 0.69, 0.0, 0.48, 0.0, 3.6, 0.0, 2.62, 0.0, 0.0], [0.0, 0.33, 0.0, 0.46, 93.76, 93.76, 0.0, 1.0], [0.2, 25.0, 0.0, 0.0])
(162088357, [2.0, 0.69, 0.0, 0.48, 0.0, 3.6, 0.0, 2.62, 0.0, 0.0], [0.0, 0.33, 0.0, 0.46, 93.81, 93.82, 0.0, 1.0], [0.2, 25.0, 0.0, 0.0])
(162188572, [2.0, 0.69, 0.0, 0.48, 0.0, 3.6, 0.0, 2.52, 0.0, 0.0], [0.0, 0.33, 0.0, 0.46, 93.87, 93.88, 0.0, 1.0], [0.2, 25.0, 0.0, 0.0])
(162288663, [2.0, 0.69, 0.0, 0.48, 0.0, 3.6, 0.0, 2.58, 0.0, 0.0], [0.0, 0.33, 0.0, 0.46, 93.93, 93.94, 0.0, 1.0], [0.2, 25.0, 0.0, 0.0])
(162388406, [2.0, 0.69, 0.0, 0.48, 0.0, 3.6, 0.0, 2.59, 0.0, 0.0], [0.0, 0.33, 0.0, 0.46, 93.99, 93.99, 0.0, 1.0], [0.2, 25.0, 0.0, 0.0])
(162488294, [2.0, 0.69, 0.0, 0.48, 0.0, 3.6, 0.0, 2.57, 0.0, 0.0], [0.0, 0.34, 0.0, 0.46, 94.05, 94.05, 0.0, 1.0], [0.2, 25.0, 0.0, 0.0])
(162588290, [2.0, 0.69, 0.0, 0.48, 0.0, 3.6, 0.0, 2.57, 0.0, 0.0], [0.0, 0.34, 0.0, 0.45, 94.11, 94.11, 0.0, 1.0], [0.2, 25.0, 0.0, 0.0])
(162688439, [2.0, 0.69, 0.0, 0.49, 0.0, 3.6, 0.0, 2.6, 0.0, 0.0], [0.0, 0.34, 0.0, 0.45, 94.16, 94.17, 0.0, 1.0], [0.2, 25.0, 0.0, 0.0])
(162788490, [2.0, 0.69, 0.0, 0.48, 0.0, 3.6, 0.0, 2.56, 0.0, 0.0], [0.0, 0.34, 0.0, 0.45, 94.22, 94.23, 0.0, 1.0], [0.2, 25.0, 0.0, 0.0])
(162888353, [2.0, 0.69, 0.0, 0.49, 0.0, 3.6, 0.0, 2.53, 0.0, 0.0], [0.0, 0.34, 0.0, 0.45, 94.28, 94.29, 0.0, 1.0], [0.2, 25.0, 0.0, 0.0])
(162988319, [2.0, 0.69, 0.0, 0.48, 0.0, 3.6, 0.0, 2.53, 0.0, 0.0], [0.0, 0.34, 0.0, 0.45, 94.34, 94.34, 0.0, 1.0], [0.2, 25.0, 0.0, 0.0])
(163088503, [2.0, 0.69, 0.0, 0.48, 0.0, 0.58, 0.0, 2.58, 0.0, 0.0], [0.0, 0.34, 0.0, 0.45, 94.4, 94.4, 0.0, 1.0], [0.2, 25.0, 0.0, 0.0])
(163188537, [2.0, 0.69, 0.0, 0.49, 0.0, 0.58, 0.0, 2.56, 0.0, 0.0], [0.0, 0.34, 0.0, 0.45, 94.45, 94.46, 0.0, 1.0], [0.2, 25.0, 0.0, 0.0])
(163288467, [2.0, 0.69, 0.0, 0.48, 0.0, 3.6, 0.0, 2.54, 0.0, 0.0], [0.0, 0.34, 0.0, 0.44, 94.51, 94.51, 0.0, 1.0], [0.2, 25.0, 0.0, 0.0])
(163388316, [2.0, 0.69, 0.0, 0.49, 0.0, 3.6, 0.0, 2.54, 0.0, 0.0], [0.0, 0.34, 0.0, 0.44, 94.59, 94.59, 0.0, 1.0], [0.2, 25.0, 0.0, 0.0])
(163489000, [2.0, 0.69, 0.0, 0.48, 0.0, 3.6, 0.0, 2.59, 0.0, 0.0], [0.0, 0.34, 0.0, 0.45, 94.64, 94.64, 0.0, 1.0], [0.2, 25.0, 0.0, 0.0])
(163588275, [2.0, 0.69, 0.0, 0.48, 0.0, 3.6, 0.0, 2.56, 0.0, 0.0], [0.0, 0.35, 0.0, 0.44, 94.73, 94.74, 0.0, 1.0], [0.2, 25.0, 0.0, 0.0])
(163688481, [2.0, 0.69, 0.0, 0.48, 0.0, 3.6, 0.0, 2.61, 0.0, 0.0], [0.0, 0.35, 0.0, 0.45, 94.74, 94.74, 0.0, 1.0], [0.2, 25.0, 0.0, 0.0])
(163788353, [2.0, 0.69, 0.0, 0.48, 0.0, 3.6, 0.0, 2.61, 0.0, 0.0], [0.0, 0.35, 0.0, 0.44, 94.78, 94.79, 0.0, 1.0], [0.2, 25.0, 0.0, 0.0])
(163888231, [2.0, 0.69, 0.0, 0.48, 0.0, 0.57, 0.0, 2.6, 0.0, 0.0], [0.0, 0.36, 0.0, 0.42, 94.87, 94.87, 0.0, 1.0], [0.2, 25.0, 0.0, 0.0])
(163988271, [2.0, 0.69, 0.0, 0.48, 0.0, 0.57, 0.0, 2.55, 0.0, 0.0], [0.0, 0.35, 0.0, 0.42, 94.92, 94.92, 0.0, 1.0], [0.2, 25.0, 0.0, 0.0])
(164088576, [2.0, 0.69, 0.0, 0.48, 0.0, 3.6, 0.0, 2.56, 0.0, 0.0], [0.0, 0.35, 0.0, 0.42, 94.98, 94.99, 0.0, 1.0], [0.2, 25.0, 0.0, 0.0])
(164188261, [2.0, 0.69, 0.0, 0.48, 0.0, 3.6, 0.0, 2.55, 0.0, 0.0], [0.0, 0.37, 0.0, 0.41, 95.04, 95.04, 0.0, 1.0], [0.2, 25.0, 0.0, 0.0])
(164288275, [2.0, 0.69, 0.0, 0.48, 0.0, 3.6, 0.0, 2.59, 0.0, 0.0], [0.0, 0.36, 0.0, 0.42, 95.09, 95.1, 0.0, 1.0], [0.2, 25.0, 0.0, 0.0])
(164388475, [2.0, 0.69, 0.0, 0.48, 0.0, 3.6, 0.0, 2.56, 0.0, 0.0], [0.0, 0.36, 0.0, 0.4, 95.15, 95.16, 0.0, 1.0], [0.2, 25.0, 0.0, 0.0])
(164488238, [2.0, 0.69, 0.0, 0.48, 0.0, 3.6, 0.0, 2.55, 0.0, 0.0], [0.0, 0.37, 0.0, 0.4, 95.22, 95.22, 0.0, 1.0], [0.2, 25.0, 0.0, 0.0])
(164588271, [2.0, 0.69, 0.0, 0.49, 0.0, 0.57, 0.0, 2.55, 0.0, 0.0], [0.0, 0.36, 0.0, 0.41, 95.27, 95.27, 0.0, 1.0], [0.2, 25.0, 0.0, 0.0])
(164688368, [2.0, 0.69, 0.0, 0.48, 0.0, 0.57, 0.0, 2.58, 0.0, 0.0], [0.0, 0.36, 0.0, 0.39, 95.33, 95.33, 0.0, 1.0], [0.2, 25.0, 0.0, 0.0])
(164788768, [2.0, 0.69, 0.0, 0.48, 0.0, 3.6, 0.0, 2.6, 0.0, 0.0], [0.0, 0.36, 0.0, 0.4, 95.38, 95.39, 0.0, 1.0], [0.2, 25.0, 0.0, 0.0])
(164888516, [2.0, 0.69, 0.0, 0.48, 0.0, 3.6, 0.0, 2.6, 0.0, 0.0], [0.0, 0.35, 0.0, 0.41, 95.45, 95.46, 0.0, 1.0], [0.2, 25.0, 0.0, 0.0])
(164988410, [2.0, 0.69, 0.0, 0.48, 0.0, 3.6, 0.0, 2.56, 0.0, 0.0], [0.0, 0.36, 0.0, 0.4, 95.5, 95.5, 0.0, 1.0], [0.2, 25.0, 0.0, 0.0])
(165088708, [2.0, 0.69, 0.0, 0.48, 0.0, 3.6, 0.0, 2.56, 0.0, 0.0], [0.0, 0.36, 0.0, 0.39, 95.57, 95.58, 0.0, 1.0], [0.2, 25.0, 0.0, 0.0])
(165188466, [2.0, 0.69, 0.0, 0.48, 0.0, 0.53, 0.0, 2.54, 0.0, 0.0], [0.0, 0.35, 0.0, 0.4, 95.63, 95.63, 0.0, 1.0], [0.2, 25.0, 0.0, 0.0])
(165288352, [2.0, 0.69, 0.0, 0.48, 0.0, 0.53, 0.0, 2.56, 0.0, 0.0], [0.0, 0.36, 0.0, 0.39, 95.69, 95.7, 0.0, 1.0], [0.2, 25.0, 0.0, 0.0])
(165388323, [2.0, 0.69, 0.0, 0.48, 0.0, 3.6, 0.0, 2.56, 0.0, 0.0], [0.0, 0.36, 0.0, 0.4, 95.74, 95.74, 0.0, 1.0], [0.2, 25.0, 0.0, 0.0])
(165488302, [2.0, 0.69, 0.0, 0.48, 0.0, 3.6, 0.0, 2.58, 0.0, 0.0], [0.0, 0.36, 0.0, 0.39, 95.81, 95.82, 0.0, 1.0], [0.2, 25.0, 0.0, 0.0])
(165588364, [2.0, 0.69, 0.0, 0.48, 0.0, 3.6, 0.0, 2.55, 0.0, 0.0], [0.0, 0.36, 0.0, 0.39, 95.87, 95.87, 0.0, 1.0], [0.2, 25.0, 0.0, 0.0])
(165688321, [2.0, 0.69, 0.0, 0.49, 0.0, 3.6, 0.0, 2.59, 0.0, 0.0], [0.0, 0.37, 0.0, 0.39, 95.93, 95.93, 0.0, 1.0], [0.2, 25.0, 0.0, 0.0])
(165788527, [2.0, 0.69, 0.0, 0.48, 0.0, 3.6, 0.0, 2.55, 0.0, 0.0], [0.0, 0.36, 0.0, 0.39, 95.99, 95.99, 0.0, 1.0], [0.2, 25.0, 0.0, 0.0])
(165888759, [2.0, 0.69, 0.0, 0.48, 0.0, 3.6, 0.0, 2.59, 0.0, 0.0], [0.0, 0.37, 0.0, 0.38, 96.04, 96.05, 0.0, 1.0], [0.2, 25.0, 0.0, 0.0])
(165988369, [2.0, 0.69, 0.0, 0.48, 0.0, 3.6, 0.0, 2.57, 0.0, 0.0], [0.0, 0.37, 0.0, 0.38, 96.1, 96.11, 0.0, 1.0], [0.2, 25.0, 0.0, 0.0])
(166088465, [2.0, 0.69, 0.0, 0.48, 0.0, 3.6, 0.0, 2.57, 0.0, 0.0], [0.0, 0.38, 0.0, 0.4, 96.1, 96.16, 0.0, 1.0], [0.2, 25.0, 0.0, 0.0])
(166188276, [2.0, 0.69, 0.0, 0.48, 0.0, 3.6, 0.0, 2.57, 0.0, 0.0], [0.0, 0.36, 0.0, 0.48, 96.1, 96.2, 0.0, 1.0], [0.2, 25.0, 0.0, 0.0])
(166288357, [2.0, 0.69, 0.0, 0.48, 0.0, 3.6, 0.0, 2.57, 0.0, 0.0], [0.0, 0.38, 0.0, 0.4, 96.1, 96.24, 0.0, 1.0], [0.2, 25.0, 0.0, 0.0])
(166388423, [2.0, 0.69, 0.0, 0.48, 0.0, 3.6, 0.0, 2.56, 0.0, 0.0], [0.0, 0.4, 0.0, 0.44, 96.1, 96.12, 0.0, 1.0], [0.2, 25.0, 0.0, 0.0])
(166488380, [2.0, 0.69, 0.0, 0.48, 0.0, 3.6, 0.0, 2.6, 0.0, 0.0], [-0.26, 0.44, 0.19, 0.28, 96.1, 95.44, 0.0, 1.0], [0.2, 25.0, 0.0, 0.0])
(166588504, [2.0, 0.69, 0.0, 0.48, 0.0, 3.6, 0.0, 2.58, 0.0, 0.0], [-1.42, 0.39, 0.88, 0.44, 96.1, 94.31, 0.0, 1.0], [0.2, 25.0, 0.0, 0.0])
(166688305, [2.0, 0.68, 0.0, 0.48, 0.0, 3.6, 0.0, 2.58, 0.0, 0.0], [-1.98, 0.41, 1.24, 0.25, 96.1, 93.3, 0.0, 1.0], [0.2, 25.0, 0.0, 0.0])
(166788460, [2.0, 0.68, 0.0, 0.47, 0.0, 3.6, 0.0, 2.58, 0.0, 0.0], [-2.26, 0.51, 1.42, 0.35, 96.1, 92.58, 0.0, 1.0], [0.2, 25.0, 0.0, 0.0])
(166888297, [2.0, 0.68, 0.0, 0.47, 0.0, 3.6, 0.0, 2.6, 0.0, 0.0], [-2.4, 0.42, 1.5, 0.16, 96.1, 91.89, 0.01, 1.0], [0.2, 25.0, 0.0, 0.0])
(166988272, [2.0, 0.68, 0.0, 0.47, 0.0, 3.6, 0.0, 2.61, 0.0, 0.0], [-2.47, 0.46, 1.54, -0.3, 96.1, 91.29, 0.01, 1.0], [0.2, 25.0, 0.0, 0.0])
(167088748, [2.0, 0.68, 0.0, 0.47, 0.0, 3.6, 0.0, 2.58, 0.0, 0.0], [-2.5, 0.49, 1.56, -1.0, 96.1, 90.67, 0.02, 1.0], [0.2, 25.0, 0.0, 0.0])
(167188387, [2.0, 0.67, 0.0, 0.47, 0.0, 3.6, 0.0, 2.58, 0.0, 0.0], [-2.51, 0.43, 1.58, -1.95, 96.1, 90.18, 0.02, 1.0], [0.2, 25.0, 0.0, 0.0])
(167288380, [2.0, 0.66, 0.0, 0.46, 0.0, 3.6, 0.0, 3.6, 0.0, 0.0], [-2.51, 0.26, 1.6, -3.15, 96.1, 89.94, 0.03, 1.0], [0.2, 25.0, 0.0, 0.0])
(167388496, [2.0, 0.65, 0.0, 0.46, 0.0, 3.6, 0.0, 3.6, 0.0, 0.0], [-2.51, -0.3, 1.61, -3.61, 96.1, 89.75, 0.03, 1.0], [0.2, 25.0, 0.0, 0.0])
(167488385, [2.0, 0.64, 0.0, 0.47, 0.0, 3.6, 0.0, 2.58, 0.0, 0.0], [-2.49, -1.07, 1.64, -3.55, 96.1, 89.92, 0.04, 1.0], [0.2, 25.0, 0.0, 0.0])
(167588473, [2.0, 0.62, 0.0, 0.46, 0.0, 3.6, 0.0, 2.58, 0.0, 0.0], [-2.46, -0.89, 1.68, -3.17, 96.1, 90.22, 0.04, 1.0], [0.2, 25.0, 0.0, 0.0])
(167688339, [2.0, 0.59, 0.0, 0.47, 0.0, 3.6, 0.0, 2.58, 0.0, 0.0], [-2.42, -0.53, 1.74, -2.04, 96.1, 90.42, 0.04, 1.0], [0.2, 25.0, 0.0, 0.0])
(167788682, [2.0, 0.57, 0.0, 0.47, 0.0, 3.6, 0.0, 2.58, 0.0, 0.0], [-2.36, -0.27, 1.82, -1.26, 96.1, 90.58, 0.04, 1.0], [0.2, 25.0, 0.0, 0.0])
(167888449, [2.0, 0.52, 0.0, 0.47, 0.0, 3.6, 0.0, 2.58, 0.0, 0.0], [-2.29, -0.39, 1.91, -0.71, 96.1, 90.65, 0.04, 1.0], [0.2, 25.0, 0.0, 0.0])
(167988355, [2.0, 0.5, 0.0, 0.47, 0.0, 3.6, 0.0, 2.62, 0.0, 0.0], [-2.22, -0.21, 1.99, -0.62, 96.1, 90.42, 0.04, 1.0], [0.2, 25.0, 0.0, 0.0])
(168088635, [2.0, 0.44, 0.0, 0.47, 0.0, 3.6, 0.0, 2.57, 0.0, 0.0], [-2.14, -0.3, 2.08, -0.55, 96.1, 90.02, 0.04, 1.0], [0.2, 25.0, 0.0, 0.0])
(168188548, [2.0, 0.38, 0.0, 0.47, 0.0, 3.6, 0.0, 2.57, 0.0, 0.0], [-2.06, 0.11, 2.17, -0.94, 96.1, 89.59, 0.04, 1.0], [0.2, 25.0, 0.0, 0.0])
(168288410, [2.0, 0.34, 0.0, 0.47, 0.0, 3.6, 0.0, 2.61, 0.0, 0.0], [-1.97, 0.59, 2.25, -0.85, 96.1, 89.2, 0.04, 1.0], [0.2, 25.0, 0.0, 0.0])
(168388415, [2.0, 0.26, 0.0, 0.47, 0.0, 3.6, 0.0, 2.57, 0.0, 0.0], [-1.87, 0.54, 2.34, -1.13, 96.1, 88.88, 0.04, 1.0], [0.2, 25.0, 0.0, 0.0])
(168488358, [2.0, 0.22, 0.0, 0.47, 0.0, 3.6, 0.0, 2.58, 0.0, 0.0], [-1.77, 1.32, 2.41, -2.05, 96.1, 89.67, 0.04, 1.0], [0.2, 25.0, 0.0, 0.0])
(168588362, [2.0, 0.19, 0.0, 0.47, 0.0, 3.6, 0.0, 2.6, 0.0, 0.0], [-1.69, 2.65, 2.48, -4.54, 96.1, 88.94, 0.04, 1.0], [0.2, 25.0, 0.0, 0.0])
(168688369, [2.0, 0.19, 0.0, 0.46, 0.0, 3.6, 0.0, 2.59, 0.0, 0.0], [-1.65, 2.88, 2.5, -6.28, 96.1, 88.2, 0.09, 1.0], [0.2, 25.0, 0.0, 0.0])
(168788357, [2.0, 0.19, 0.0, 0.46, 0.0, 3.6, 0.0, 2.59, 0.0, 0.0], [-1.64, 3.36, 2.51, -6.53, 96.1, 87.75, 0.09, 1.0], [0.2, 25.0, 0.0, 0.0])
(168888336, [2.0, 0.19, 0.0, 0.45, 0.0, 3.6, 0.0, 2.63, 0.0, 0.0], [-1.64, 3.66, 2.51, -6.76, 96.1, 87.35, 0.07, 1.0], [0.2, 25.0, 0.0, 0.0])
(168988302, [2.0, 0.17, 0.0, 0.44, 0.0, 3.6, 0.0, 2.63, 0.0, 0.0], [-1.65, 3.8, 2.51, -6.02, 96.1, 87.29, 0.07, 1.0], [0.2, 25.0, 0.0, 0.0])
(169089193, [2.0, 0.19, 0.0, 0.43, 0.0, 3.6, 0.0, 3.6, 0.0, 0.0], [-1.66, 3.95, 2.5, -6.85, 96.1, 87.33, 0.07, 1.0], [0.2, 25.0, 0.0, 0.0])
(169188297, [2.0, 0.19, 0.0, 0.41, 0.0, 3.6, 0.0, 2.63, 0.0, 0.0], [-1.68, 3.88, 2.49, -6.38, 96.1, 87.25, 0.07, 1.0], [0.21, 25.0, 0.0, 0.0])
(169288295, [2.0, 0.18, 0.0, 0.4, 0.0, 3.6, 0.0, 2.63, 0.0, 0.0], [-1.71, 3.85, 2.47, -6.72, 96.1, 87.01, 0.06, 1.0], [0.23, 25.0, 0.0, 0.0])
(169388345, [2.0, 0.18, 0.0, 0.38, 0.0, 3.6, 0.0, 2.63, 0.0, 0.0], [-1.74, 4.07, 2.45, -7.34, 96.1, 86.32, 0.06, 1.0], [0.24, 25.0, 0.0, 0.0])
(169488349, [2.0, 0.19, 0.0, 0.37, 0.0, 3.6, 0.0, 2.7, 0.0, 0.0], [-1.76, 3.86, 2.42, -7.56, 96.1, 86.21, 0.05, 1.0], [0.26, 25.0, 0.0, 0.0])
(169588486, [2.0, 0.18, 0.0, 0.35, 0.0, 3.6, 0.0, 2.7, 0.0, 0.0], [-1.79, 5.1, 2.4, -8.44, 96.1, 86.0, 0.05, 1.0], [0.27, 25.0, 0.0, 0.0])
(169688596, [2.0, 0.19, 0.0, 0.34, 0.0, 3.6, 0.0, 2.7, 0.0, 0.0], [-1.82, 5.08, 2.38, -8.63, 96.1, 85.53, 0.05, 1.0], [0.29, 25.0, 0.0, 0.0])
(169788395, [2.0, 0.17, 0.0, 0.31, 0.0, 3.6, 0.0, 2.7, 0.0, 0.0], [-0.98, 4.99, 1.29, -9.09, 96.1, 85.42, 0.05, 1.0], [0.3, 25.0, 0.0, 0.0])
(169888464, [2.0, 0.19, 0.0, 0.3, 0.0, 3.6, 0.0, 3.6, 0.0, 0.0], [-0.48, 5.79, 0.64, -9.98, 96.1, 84.92, 0.04, 1.0], [0.31, 25.0, 0.0, 0.0])
(169988511, [2.0, 0.19, 0.0, 0.27, 0.0, 1.56, 0.0, 2.73, 0.0, 0.0], [-0.23, 6.62, 0.31, -9.92, 96.1, 84.06, 0.04, 1.0], [0.32, 25.0, 0.0, 0.0])
(170088570, [2.0, 0.19, 0.0, 0.26, 0.0, 1.55, 0.0, 2.79, 0.0, 0.0], [-0.11, 6.22, 0.15, -9.34, 96.1, 82.69, 0.04, 1.0], [0.33, 25.0, 0.0, 0.0])
(170188367, [2.0, 0.18, 0.0, 0.24, 0.0, 1.55, 0.0, 2.87, 0.0, 0.0], [-0.05, 6.88, 0.07, -8.83, 96.1, 80.83, 0.04, 1.0], [0.34, 25.0, 0.0, 0.0])
(170288336, [2.0, 0.19, 0.0, 0.23, 0.0, 3.6, 0.0, 2.87, 0.0, 0.0], [-0.02, 5.88, 0.03, -7.08, 96.1, 80.78, 0.04, 1.0], [0.34, 25.0, 0.0, 0.0])
(170388344, [2.0, 0.19, 0.0, 0.2, 0.0, 1.04, 0.0, 2.9, 0.0, 0.0], [-0.01, 4.09, 0.01, -3.83, 96.1, 83.97, 0.04, 1.0], [0.35, 25.0, 0.0, 0.0])
(170488462, [2.0, 0.18, 0.0, 0.2, 0.0, 1.04, 0.0, 2.9, 0.0, 0.0], [0.0, 1.23, 0.0, 0.36, 96.1, 85.2, 0.06, 1.0], [0.35, 25.0, 0.0, 0.0])
(170588250, [2.0, 0.19, 0.0, 0.19, 0.0, 1.22, 0.0, 3.6, 0.0, 0.0], [0.0, -1.82, 0.0, 3.01, 96.1, 86.32, 0.06, 1.0], [0.33, 25.0, 0.0, 0.0])
(170688324, [2.0, 0.19, 0.0, 0.2, 0.0, 1.22, 0.0, 3.6, 0.0, 0.0], [0.0, -3.79, 0.0, 4.43, 96.1, 87.18, 0.06, 1.0], [0.32, 25.0, 0.0, 0.0])
(170788484, [2.0, 0.19, 0.0, 0.19, 0.0, 3.6, 0.0, 3.6, 0.0, 0.0], [0.0, -4.14, 0.0, 4.65, 96.1, 88.84, 0.06, 1.0], [0.31, 25.0, 0.0, 0.0])
(170888289, [2.0, 0.21, 0.0, 0.2, 0.0, 3.6, 0.0, 2.82, 0.0, 0.0], [0.0, -4.67, 0.0, 5.02, 96.1, 90.86, 0.05, 1.0], [0.28, 25.0, 0.0, 0.0])
(170988509, [2.0, 0.22, 0.0, 0.2, 0.0, 3.6, 0.0, 2.88, 0.0, 0.0], [0.0, -4.58, 0.0, 5.15, 96.1, 93.0, 0.05, 1.0], [0.26, 25.0, 0.0, 0.0])
(171088572, [2.0, 0.24, 0.0, 0.23, 0.0, 3.6, 0.0, 2.88, 0.0, 0.0], [0.0, -4.06, 0.0, 5.52, 96.1, 94.65, 0.05, 1.0], [0.24, 25.0, 0.0, 0.0])
(171188410, [2.0, 0.26, 0.0, 0.25, 0.0, 3.6, 0.0, 3.6, 0.0, 0.0], [0.0, -3.59, 0.0, 5.43, 96.1, 95.52, 0.05, 1.0], [0.21, 25.0, 0.0, 0.0])
(171288360, [2.0, 0.29, 0.0, 0.28, 0.0, 3.6, 0.0, 2.75, 0.0, 0.0], [0.0, -3.02, 0.0, 4.34, 96.1, 95.67, 0.05, 1.0], [0.2, 25.0, 0.0, 0.0])
(171388450, [2.0, 0.31, 0.0, 0.3, 0.0, 3.6, 0.0, 2.75, 0.0, 0.0], [0.0, -2.5, 0.0, 3.22, 96.1, 95.43, 0.05, 1.0], [0.2, 25.0, 0.0, 0.0])
(171488426, [2.0, 0.35, 0.0, 0.34, 0.0, 3.6, 0.0, 2.72, 0.0, 0.0], [0.0, -1.85, 0.0, 2.82, 96.1, 94.9, 0.04, 1.0], [0.2, 25.0, 0.0, 0.0])
(171588302, [2.0, 0.37, 0.0, 0.35, 0.0, 3.6, 0.0, 2.72, 0.0, 0.0], [0.0, -1.87, 0.0, 1.91, 96.1, 94.18, 0.04, 1.0], [0.2, 25.0, 0.0, 0.0])
(171688268, [2.0, 0.4, 0.0, 0.4, 0.0, 3.6, 0.0, 2.62, 0.0, 0.0], [0.0, -0.05, 0.0, -1.25, 96.1, 93.06, 0.05, 1.0], [0.2, 25.0, 0.0, 0.0])
(171788502, [2.0, 0.42, 0.0, 0.42, 0.0, 3.6, 0.0, 2.62, 0.0, 0.0], [0.0, -0.23, 0.0, 1.94, 96.1, 91.99, 0.05, 1.0], [0.2, 25.0, 0.0, 0.0])
(171888313, [2.0, 0.44, 0.0, 0.45, 0.0, 3.6, 0.0, 2.62, 0.0, 0.0], [0.0, 0.25, 0.0, 0.38, 96.1, 90.42, 0.07, 1.0], [0.2, 25.0, 0.0, 0.0])
(171988336, [2.0, 0.45, 0.0, 0.46, 0.0, 3.6, 0.0, 2.58, 0.0, 0.0], [0.0, 0.51, 0.0, 0.36, 96.1, 90.24, 0.07, 1.0], [0.2, 25.0, 0.0, 0.0])
(172088497, [2.0, 0.45, 0.0, 0.47, 0.0, 3.6, 0.0, 2.61, 0.0, 0.0], [0.0, 0.28, 0.0, 0.97, 96.1, 90.76, 0.07, 1.0], [0.2, 25.0, 0.0, 0.0])
(172188526, [2.0, 0.45, 0.0, 0.47, 0.0, 3.6, 0.0, 2.61, 0.0, 0.0], [0.0, 0.37, 0.0, 0.72, 96.1, 90.7, 0.07, 1.0], [0.2, 25.0, 0.0, 0.0])
(172288242, [2.0, 0.45, 0.0, 0.47, 0.0, 3.6, 0.0, 2.56, 0.0, 0.0], [0.0, 0.46, 0.0, 0.84, 96.1, 90.84, 0.06, 1.0], [0.2, 25.0, 0.0, 0.0])
(172388319, [2.0, 0.45, 0.0, 0.47, 0.0, 3.6, 0.0, 2.58, 0.0, 0.0], [0.0, 0.37, 0.0, 0.84, 96.1, 90.91, 0.06, 1.0], [0.2, 25.0, 0.0, 0.0])
(172488603, [2.0, 0.45, 0.0, 0.47, 0.0, 3.6, 0.0, 2.55, 0.0, 0.0], [0.0, 0.4, 0.0, 0.77, 96.1, 90.97, 0.05, 1.0], [0.2, 25.0, 0.0, 0.0])
(172588454, [2.0, 0.45, 0.0, 0.47, 0.0, 3.6, 0.0, 2.55, 0.0, 0.0], [0.0, 0.42, 0.0, 0.79, 96.1, 91.04, 0.05, 1.0], [0.2, 25.0, 0.0, 0.0])
(172688339, [2.0, 0.46, 0.0, 0.47, 0.0, 3.6, 0.0, 2.6, 0.0, 0.0], [0.0, 0.43, 0.0, 0.8, 96.1, 91.09, 0.04, 1.0], [0.2, 25.0, 0.0, 0.0])
(172788644, [2.0, 0.45, 0.0, 0.47, 0.0, 3.6, 0.0, 2.6, 0.0, 0.0], [0.0, 0.45, 0.0, 0.73, 96.1, 91.14, 0.04, 1.0], [0.2, 25.0, 0.0, 0.0])
(172888410, [2.0, 0.45, 0.0, 0.47, 0.0, 3.6, 0.0, 2.55, 0.0, 0.0], [0.0, 0.44, 0.0, 0.7, 96.1, 91.17, 0.03, 1.0], [0.2, 25.0, 0.0, 0.0])
(172988285, [2.0, 0.45, 0.0, 0.47, 0.0, 3.6, 0.0, 2.61, 0.0, 0.0], [0.0, 0.46, 0.0, 0.72, 96.1, 91.25, 0.03, 1.0], [0.2, 25.0, 0.0, 0.0])
(173088276, [2.0, 0.45, 0.0, 0.47, 0.0, 3.6, 0.0, 2.59, 0.0, 0.0], [0.0, 0.47, 0.0, 0.7, 96.1, 91.32, 0.02, 1.0], [0.2, 25.0, 0.0, 0.0])
(173188435, [2.0, 0.45, 0.0, 0.47, 0.0, 3.6, 0.0, 2.55, 0.0, 0.0], [0.0, 0.48, 0.0, 0.71, 96.1, 91.36, 0.02, 1.0], [0.2, 25.0, 0.0, 0.0])
(173288335, [2.0, 0.45, 0.0, 0.47, 0.0, 3.6, 0.0, 2.61, 0.0, 0.0], [0.0, 0.46, 0.0, 0.71, 96.1, 91.43, 0.02, 1.0], [0.2, 25.0, 0.0, 0.0])
(173388260, [2.0, 0.45, 0.0, 0.47, 0.0, 3.6, 0.0, 2.6, 0.0, 0.0], [0.0, 0.46, 0.0, 0.72, 96.1, 91.48, 0.02, 1.0], [0.2, 25.0, 0.0, 0.0])
(173488447, [2.0, 0.45, 0.0, 0.47, 0.0, 3.6, 0.0, 2.62, 0.0, 0.0], [0.0, 0.47, 0.0, 0.71, 96.1, 91.55, 0.01, 1.0], [0.2, 25.0, 0.0, 0.0])
(173588309, [2.0, 0.45, 0.0, 0.47, 0.0, 3.6, 0.0, 2.58, 0.0, 0.0], [0.0, 0.47, 0.0, 0.68, 96.1, 91.58, 0.01, 1.0], [0.2, 25.0, 0.0, 0.0])
(173688355, [2.0, 0.45, 0.0, 0.47, 0.0, 3.6, 0.0, 2.58, 0.0, 0.0], [0.0, 0.47, 0.0, 0.69, 96.1, 91.64, 0.01, 1.0], [0.2, 25.0, 0.0, 0.0])
(181488739, [2.0, 0.45, 0.0, 0.47, 0.0, 3.6, 0.0, 2.59, 0.0, 0.0], [0.24, 0.5, 0.43, 0.92, 95.82, 95.83, 0.0, 1.0], [0.2, 25.0, 0.0, 0.0])
(181589378, [2.0, 0.45, 0.0, 0.47, 0.0, 3.6, 0.0, 2.59, 0.0, 0.0], [0.11, 0.5, 0.21, 0.92, 95.87, 95.88, 0.0, 1.0], [0.2, 25.0, 0.0, 0.0])
(181688875, [2.0, 0.45, 0.0, 0.47, 0.0, 3.6, 0.0, 2.6, 0.0, 0.0], [0.05, 0.5, 0.1, 0.92, 95.93, 95.94, 0.0, 1.0], [0.2, 25.0, 0.0, 0.0])
(181789555, [2.0, 0.45, 0.0, 0.47, 0.0, 3.6, 0.0, 2.59, 0.0, 0.0], [0.02, 0.5, 0.05, 0.92, 95.98, 95.99, 0.0, 1.0], [0.2, 25.0, 0.0, 0.0])
(181890748, [2.0, 0.45, 0.0, 0.47, 0.0, 3.6, 0.0, 2.59, 0.0, 0.0], [0.01, 0.5, 0.02, 0.92, 96.05, 96.05, 0.0, 1.0], [0.2, 25.0, 0.0, 0.0])
(181991705, [2.0, 0.45, 0.0, 0.47, 0.0, 3.6, 0.0, 2.59, 0.0, 0.0], [0.0, 0.5, 0.01, 0.92, 96.1, 96.11, 0.0, 1.0], [0.2, 25.0, 0.0, 0.0])
(182090773, [2.0, 0.45, 0.0, 0.46, 0.0, 3.6, 0.0, 2.57, 0.0, 0.0], [0.0, 0.5, 0.0, 0.92, 96.15, 96.16, 0.0, 1.0], [0.2, 25.0, 0.0, 0.0])
(182190693, [2.0, 0.45, 0.0, 0.47, 0.0, 3.6, 0.0, 2.58, 0.0, 0.0], [0.0, 0.5, 0.0, 0.91, 96.21, 96.22, 0.0, 1.0], [0.2, 25.0, 0.0, 0.0])
(182290889, [2.0, 0.45, 0.0, 0.46, 0.0, 3.6, 0.0, 2.61, 0.0, 0.0], [0.0, 0.5, 0.0, 0.91, 96.27, 96.28, 0.0, 1.0], [0.2, 25.0, 0.0, 0.0])
(182391433, [2.0, 0.45, 0.0, 0.47, 0.0, 3.6, 0.0, 2.58, 0.0, 0.0], [0.0, 0.5, 0.0, 0.91, 96.32, 96.33, 0.0, 1.0], [0.2, 25.0, 0.0, 0.0])
(182490634, [2.0, 0.45, 0.0, 0.47, 0.0, 3.6, 0.0, 2.6, 0.0, 0.0], [0.0, 0.5, 0.0, 0.91, 96.38, 96.39, 0.0, 1.0], [0.2, 25.0, 0.0, 0.0])
(182590810, [2.0, 0.45, 0.0, 0.47, 0.0, 3.6, 0.0, 2.57, 0.0, 0.0], [0.0, 0.5, 0.0, 0.91, 96.44, 96.45, 0.0, 1.0], [0.2, 25.0, 0.0, 0.0])
(182690767, [2.0, 0.45, 0.0, 0.47, 0.0, 3.6, 0.0, 2.58, 0.0, 0.0], [0.0, 0.5, 0.0, 0.91, 96.49, 96.5, 0.0, 1.0], [0.2, 25.0, 0.0, 0.0])
(182790728, [2.0, 0.45, 0.0, 0.46, 0.0, 3.6, 0.0, 2.6, 0.0, 0.0], [0.0, 0.51, 0.0, 0.92, 96.55, 96.56, 0.0, 1.0], [0.2, 25.0, 0.0, 0.0])
(182890614, [2.0, 0.45, 0.0, 0.47, 0.0, 3.6, 0.0, 2.58, 0.0, 0.0], [0.0, 0.5, 0.0, 0.92, 96.61, 96.61, 0.0, 1.0], [0.2, 25.0, 0.0, 0.0])
(182991014, [2.0, 0.45, 0.0, 0.47, 0.0, 3.6, 0.0, 2.6, 0.0, 0.0], [0.0, 0.5, 0.0, 0.92, 96.66, 96.66, 0.0, 1.0], [0.2, 25.0, 0.0, 0.0])
(183090663, [2.0, 0.45, 0.0, 0.47, 0.0, 3.6, 0.0, 2.59, 0.0, 0.0], [0.0, 0.5, 0.0, 0.92, 96.71, 96.72, 0.0, 1.0], [0.2, 25.0, 0.0, 0.0])
(183190966, [2.0, 0.45, 0.0, 0.47, 0.0, 3.6, 0.0, 2.59, 0.0, 0.0], [0.0, 0.5, 0.0, 0.93, 96.77, 96.78, 0.0, 1.0], [0.2, 25.0, 0.0, 0.0])
(183290886, [2.0, 0.45, 0.0, 0.47, 0.0, 3.6, 0.0, 2.58, 0.0, 0.0], [0.0, 0.5, 0.0, 0.93, 96.83, 96.83, 0.0, 1.0], [0.2, 25.0, 0.0, 0.0])
(183390854, [2.0, 0.45, 0.0, 0.47, 0.0, 3.6, 0.0, 2.6, 0.0, 0.0], [0.0, 0.5, 0.0, 0.93, 96.88, 96.89, 0.0, 1.0], [0.2, 25.0, 0.0, 0.0])
(183490729, [2.0, 0.45, 0.0, 0.47, 0.0, 3.6, 0.0, 2.58, 0.0, 0.0], [0.0, 0.5, 0.0, 0.93, 96.94, 96.94, 0.0, 1.0], [0.2, 25.0, 0.0, 0.0])
(183590802, [2.0, 0.45, 0.0, 0.46, 0.0, 3.6, 0.0, 2.58, 0.0, 0.0], [0.0, 0.5, 0.0, 0.93, 96.99, 97.0, 0.0, 1.0], [0.2, 25.0, 0.0, 0.0])
(183691538, [2.0, 0.45, 0.0, 0.47, 0.0, 3.6, 0.0, 2.57, 0.0, 0.0], [0.0, 0.5, 0.0, 0.92, 97.05, 97.05, 0.0, 1.0], [0.2, 25.0, 0.0, 0.0])
(183790674, [2.0, 0.45, 0.0, 0.47, 0.0, 3.6, 0.0, 2.6, 0.0, 0.0], [0.0, 0.5, 0.0, 0.92, 97.11, 97.12, 0.0, 1.0], [0.2, 25.0, 0.0, 0.0])
(183891835, [2.0, 0.45, 0.0, 0.47, 0.0, 3.6, 0.0, 2.59, 0.0, 0.0], [0.0, 0.49, 0.0, 0.92, 97.16, 97.17, 0.0, 1.0], [0.2, 25.0, 0.0, 0.0])
(183990837, [2.0, 0.45, 0.0, 0.46, 0.0, 3.6, 0.0, 2.58, 0.0, 0.0], [0.0, 0.49, 0.0, 0.92, 97.19, 97.2, 0.0, 1.0], [0.2, 25.0, 0.0, 0.0])
(184091706, [2.0, 0.45, 0.0, 0.47, 0.0, 3.6, 0.0, 2.58, 0.0, 0.0], [0.0, 0.47, 0.0, 0.91, 97.21, 97.22, 0.0, 1.0], [0.2, 25.0, 0.0, 0.0])
(184190638, [2.0, 0.45, 0.0, 0.47, 0.0, 3.6, 0.0, 2.59, 0.0, 0.0], [0.0, 0.48, 0.0, 0.9, 97.29, 97.3, 0.0, 1.0], [0.2, 25.0, 0.0, 0.0])
(184290883, [2.0, 0.45, 0.0, 0.47, 0.0, 3.6, 0.0, 2.58, 0.0, 0.0], [0.0, 0.49, 0.0, 0.88, 97.35, 97.36, 0.0, 1.0], [0.2, 25.0, 0.0, 0.0])
(184390670, [2.0, 0.45, 0.0, 0.47, 0.0, 3.6, 0.0, 2.57, 0.0, 0.0], [0.0, 0.5, 0.0, 0.88, 97.41, 97.41, 0.0, 1.0], [0.2, 25.0, 0.0, 0.0])
(184491026, [2.0, 0.45, 0.0, 0.47, 0.0, 3.6, 0.0, 2.58, 0.0, 0.0], [0.0, 0.51, 0.0, 0.87, 97.46, 97.46, 0.0, 1.0], [0.2, 25.0, 0.0, 0.0])
(184590672, [2.0, 0.45, 0.0, 0.47, 0.0, 3.6, 0.0, 2.59, 0.0, 0.0], [0.0, 0.5, 0.0, 0.87, 97.52, 97.52, 0.0, 1.0], [0.2, 25.0, 0.0, 0.0])
(184691889, [2.0, 0.45, 0.0, 0.47, 0.0, 3.6, 0.0, 2.6, 0.0, 0.0], [0.0, 0.5, 0.0, 0.86, 97.59, 97.6, 0.0, 1.0], [0.2, 25.0, 0.0, 0.0])
(184790792, [2.0, 0.45, 0.0, 0.47, 0.0, 3.6, 0.0, 2.6, 0.0, 0.0], [0.0, 0.5, 0.0, 0.86, 97.62, 97.63, 0.0, 1.0], [0.2, 25.0, 0.0, 0.0])
(184890847, [2.0, 0.45, 0.0, 0.47, 0.0, 3.6, 0.0, 2.59, 0.0, 0.0], [0.0, 0.51, 0.0, 0.87, 97.7, 97.71, 0.0, 1.0], [0.2, 25.0, 0.0, 0.0])
(184990839, [2.0, 0.45, 0.0, 0.47, 0.0, 3.6, 0.0, 2.59, 0.0, 0.0], [0.0, 0.51, 0.0, 0.87, 97.74, 97.75, 0.0, 1.0], [0.2, 25.0, 0.0, 0.0])
(185090958, [2.0, 0.45, 0.0, 0.47, 0.0, 3.6, 0.0, 2.58, 0.0, 0.0], [0.0, 0.5, 0.0, 0.86, 97.79, 97.79, 0.0, 1.0], [0.2, 25.0, 0.0, 0.0])
(185190709, [2.0, 0.45, 0.0, 0.47, 0.0, 3.6, 0.0, 2.58, 0.0, 0.0], [0.0, 0.52, 0.0, 0.87, 97.85, 97.86, 0.0, 1.0], [0.2, 25.0, 0.0, 0.0])
(185291969, [2.0, 0.45, 0.0, 0.46, 0.0, 3.6, 0.0, 2.6, 0.0, 0.0], [0.0, 0.52, 0.0, 0.85, 97.91, 97.91, 0.0, 1.0], [0.2, 25.0, 0.0, 0.0])
(185390719, [2.0, 0.45, 0.0, 0.47, 0.0, 3.6, 0.0, 2.58, 0.0, 0.0], [0.0, 0.52, 0.0, 0.85, 97.96, 97.96, 0.0, 1.0], [0.2, 25.0, 0.0, 0.0])
(185490763, [2.0, 0.45, 0.0, 0.46, 0.0, 3.6, 0.0, 2.6, 0.0, 0.0], [0.0, 0.52, 0.0, 0.85, 98.01, 98.02, 0.0, 1.0], [0.2, 25.0, 0.0, 0.0])
(185590778, [2.0, 0.45, 0.0, 0.47, 0.0, 3.6, 0.0, 2.58, 0.0, 0.0], [0.0, 0.52, 0.0, 0.85, 98.08, 98.09, 0.0, 1.0], [0.2, 25.0, 0.0, 0.0])
(185690840, [2.0, 0.45, 0.0, 0.47, 0.0, 3.6, 0.0, 2.58, 0.0, 0.0], [0.0, 0.53, 0.0, 0.86, 98.11, 98.12, 0.0, 1.0], [0.2, 25.0, 0.0, 0.0])
(185790737, [2.0, 0.45, 0.0, 0.47, 0.0, 3.6, 0.0, 2.59, 0.0, 0.0], [0.0, 0.53, 0.0, 0.85, 98.18, 98.19, 0.0, 1.0], [0.2, 25.0, 0.0, 0.0])
(185890640, [2.0, 0.45, 0.0, 0.47, 0.0, 3.6, 0.0, 2.59, 0.0, 0.0], [0.0, 0.53, 0.0, 0.84, 98.24, 98.25, 0.0, 1.0], [0.2, 25.0, 0.0, 0.0])
(185990756, [2.0, 0.45, 0.0, 0.46, 0.0, 3.6, 0.0, 2.59, 0.0, 0.0], [0.0, 0.53, 0.0, 0.83, 98.27, 98.27, 0.0, 1.0], [0.2, 25.0, 0.0, 0.0])
(186090687, [2.0, 0.45, 0.0, 0.47, 0.0, 3.6, 0.0, 2.57, 0.0, 0.0], [0.0, 0.53, 0.0, 0.84, 98.33, 98.34, 0.0, 1.0], [0.2, 25.0, 0.0, 0.0])
(186190771, [2.0, 0.45, 0.0, 0.47, 0.0, 3.6, 0.0, 2.59, 0.0, 0.0], [0.0, 0.53, 0.0, 0.83, 98.39, 98.4, 0.0, 1.0], [0.2, 25.0, 0.0, 0.0])
(186290776, [2.0, 0.45, 0.0, 0.47, 0.0, 3.6, 0.0, 2.58, 0.0, 0.0], [0.0, 0.53, 0.0, 0.83, 98.44, 98.44, 0.0, 1.0], [0.2, 25.0, 0.0, 0.0])
(186390953, [2.0, 0.45, 0.0, 0.47, 0.0, 3.6, 0.0, 2.58, 0.0, 0.0], [0.0, 0.53, 0.0, 0.84, 98.49, 98.5, 0.0, 1.0], [0.2, 25.0, 0.0, 0.0])
(186490922, [2.0, 0.45, 0.0, 0.47, 0.0, 3.6, 0.0, 2.57, 0.0, 0.0], [0.0, 0.52, 0.0, 0.82, 98.53, 98.49, 0.0, 1.0], [0.2, 25.0, 0.0, 0.0])
(186591151, [2.0, 0.45, 0.0, 0.47, 0.0, 3.6, 0.0, 2.58, 0.0, 0.0], [0.0, 0.53, 0.0, 0.83, 98.53, 98.56, 0.0, 1.0], [0.2, 25.0, 0.0, 0.0])
(186690817, [2.0, 0.45, 0.0, 0.47, 0.0, 3.6, 0.0, 2.61, 0.0, 0.0], [0.0, 0.52, 0.0, 0.88, 98.53, 98.58, 0.0, 1.0], [0.2, 25.0, 0.0, 0.0])
(186791323, [2.0, 0.45, 0.0, 0.47, 0.0, 1.02, 0.0, 2.59, 0.0, 0.0], [0.0, 0.53, 0.0, 0.88, 98.53, 98.51, 0.0, 1.0], [0.2, 25.0, 0.0, 0.0])
(186890673, [2.0, 0.45, 0.0, 0.47, 0.0, 1.02, 0.0, 2.58, 0.0, 0.0], [0.0, 0.53, 0.0, 0.87, 98.53, 98.15, 0.0, 1.0], [0.2, 25.0, 0.0, 0.0])
(186990818, [2.0, 0.45, 0.0, 0.47, 0.0, 3.6, 0.0, 2.58, 0.0, 0.0], [-1.34, 0.49, -1.35, 0.45, 98.18, 97.1, 0.0, 1.0], [0.2, 25.0, 0.0, 0.0])
(187090750, [2.0, 0.45, 0.0, 0.47, 0.0, 3.6, 0.0, 2.6, 0.0, 0.0], [-4.21, 0.51, -4.25, -0.85, 95.44, 95.6, 0.0, 1.0], [0.2, 25.0, 0.0, 0.0])
(187191030, [2.0, 0.44, 0.0, 0.47, 0.0, 3.6, 0.0, 2.59, 0.0, 0.0], [-5.63, 0.4, -5.68, -1.56, 90.0, 92.59, 0.0, 1.0], [0.2, 25.0, 0.0, 0.0])
(187290713, [2.0, 0.44, 0.0, 0.47, 0.0, 3.6, 0.0, 2.59, 0.0, 0.0], [-6.33, 0.34, -6.38, -1.54, 81.85, 87.47, 0.0, 1.0], [0.2, 25.0, 0.0, 0.0])
(187390915, [2.0, 0.44, 0.0, 0.47, 0.0, 3.6, 0.0, 3.6, 0.0, 0.0], [-6.68, 0.08, -6.73, -0.46, 70.97, 80.23, 0.01, 1.0], [0.2, 25.0, 0.0, 0.0])
(187490715, [2.0, 0.45, 0.0, 0.49, 0.0, 3.6, 0.0, 3.6, 0.0, 0.0], [-6.85, 0.16, -6.9, 1.13, 57.38, 71.31, 0.01, 1.0], [0.2, 25.0, 0.0, 0.0])
(187590771, [2.0, 0.46, 0.0, 0.54, 0.0, 0.82, 0.0, 3.6, 0.0, 0.0], [-6.93, 0.49, -6.98, 1.11, 41.08, 63.6, 0.01, 1.0], [0.2, 25.0, 0.0, 0.0])
(187690861, [2.0, 0.47, 0.0, 0.57, 0.0, 0.76, 0.0, 3.6, 0.0, 0.0], [-7.85, 0.55, -6.02, 0.77, 31.57, 58.2, 0.01, 1.0], [0.2, 25.0, 0.0, 0.0])
(187790858, [2.0, 0.47, 0.0, 0.61, 0.0, 0.65, 0.0, 3.6, 0.0, 0.0], [-8.71, 0.65, -4.47, 0.99, 29.06, 55.89, 0.02, 1.0], [0.2, 25.0, 0.0, 0.0])
(187890758, [2.0, 0.49, 0.0, 0.62, 0.0, 0.63, 0.0, 3.6, 0.0, 0.0], [-8.98, 0.63, -3.01, 0.98, 28.92, 55.92, 0.02, 1.0], [0.2, 25.0, 0.0, 0.0])
(187991313, [2.0, 0.49, 0.0, 0.62, 0.0, 0.62, 0.0, 3.6, 0.0, 0.0], [-8.82, 0.62, -1.97, 0.94, 28.83, 55.99, 0.01, 1.0], [0.2, 25.0, 0.0, 0.0])
(188090969, [2.0, 0.49, 0.0, 0.62, 0.0, 0.63, 0.0, 3.6, 0.0, 0.0], [-8.49, 0.65, -1.25, 0.95, 28.74, 56.03, 0.01, 1.0], [0.2, 25.0, 0.0, 0.0])
(188190868, [2.0, 0.49, 0.0, 0.62, 0.0, 0.63, 0.0, 3.6, 0.0, 0.0], [-8.14, 0.62, -0.73, 0.94, 28.69, 56.1, 0.01, 1.0], [0.2, 25.0, 0.0, 0.0])
(188290702, [2.0, 0.49, 0.0, 0.62, 0.0, 0.62, 0.0, 3.6, 0.0, 0.0], [-7.8, 0.68, -0.34, 0.94, 28.65, 56.15, 0.01, 1.0], [0.2, 25.0, 0.0, 0.0])
(188390860, [2.0, 0.48, 0.0, 0.62, 0.0, 0.63, 0.0, 3.6, 0.0, 0.0], [-7.49, 0.63, -0.04, 0.95, 28.6, 56.2, 0.01, 1.0], [0.2, 25.0, 0.0, 0.0])
(188491404, [2.0, 0.48, 0.0, 0.62, 0.0, 0.62, 0.0, 3.6, 0.0, 0.0], [-7.2, 0.66, 0.21, 0.93, 28.58, 56.28, 0.01, 1.0], [0.2, 25.0, 0.0, 0.0])
(188590748, [2.0, 0.48, 0.0, 0.62, 0.0, 0.63, 0.0, 3.6, 0.0, 0.0], [-6.92, 0.65, 0.43, 0.95, 28.55, 56.32, 0.01, 1.0], [0.2, 25.0, 0.0, 0.0])
(188691071, [2.0, 0.48, 0.0, 0.62, 0.0, 0.63, 0.0, 3.6, 0.0, 0.0], [-6.65, 0.63, 0.62, 0.95, 28.53, 56.38, 0.01, 1.0], [0.2, 25.0, 0.0, 0.0])
(188790648, [2.0, 0.48, 0.0, 0.61, 0.0, 0.63, 0.0, 3.6, 0.0, 0.0], [-6.39, 0.68, 0.78, 0.94, 28.52, 56.45, 0.01, 1.0], [0.2, 25.0, 0.0, 0.0])
(192490762, [2.0, 0.49, 0.0, 0.62, 0.0, 0.63, 0.0, 3.6, 0.0, 0.0], [0.44, 0.65, -0.31, 0.99, 57.26, 58.52, 0.0, 1.0], [0.2, 25.0, 0.0, 0.0])
(192590887, [2.0, 0.49, 0.0, 0.62, 0.0, 0.62, 0.0, 3.6, 0.0, 0.0], [0.21, 0.65, -0.15, 1.0, 57.38, 58.57, 0.0, 1.0], [0.2, 25.0, 0.0, 0.0])
(192690900, [2.0, 0.49, 0.0, 0.62, 0.0, 0.63, 0.0, 3.6, 0.0, 0.0], [0.1, 0.65, -0.07, 1.0, 57.51, 58.63, 0.0, 1.0], [0.2, 25.0, 0.0, 0.0])
(192790771, [2.0, 0.49, 0.0, 0.62, 0.0, 0.62, 0.0, 3.6, 0.0, 0.0], [0.05, 0.64, -0.03, 1.0, 57.63, 58.69, 0.0, 1.0], [0.2, 25.0, 0.0, 0.0])
(192890743, [2.0, 0.49, 0.0, 0.62, 0.0, 0.62, 0.0, 3.6, 0.0, 0.0], [0.02, 0.64, -0.01, 1.0, 57.75, 58.74, 0.0, 1.0], [0.2, 25.0, 0.0, 0.0])
(192990626, [2.0, 0.49, 0.0, 0.62, 0.0, 0.63, 0.0, 3.6, 0.0, 0.0], [0.01, 0.64, 0.0, 1.0, 57.88, 58.8, 0.0, 1.0], [0.2, 25.0, 0.0, 0.0])
(193091394, [2.0, 0.49, 0.0, 0.62, 0.0, 0.63, 0.0, 3.6, 0.0, 0.0], [0.0, 0.64, 0.0, 1.0, 58.0, 58.86, 0.0, 1.0], [0.2, 25.0, 0.0, 0.0])
(193190668, [2.0, 0.49, 0.0, 0.62, 0.0, 0.63, 0.0, 3.6, 0.0, 0.0], [0.0, 0.65, 0.0, 1.0, 58.13, 58.92, 0.0, 1.0], [0.2, 25.0, 0.0, 0.0])
(193290767, [2.0, 0.49, 0.0, 0.62, 0.0, 0.63, 0.0, 3.6, 0.0, 0.0], [0.0, 0.65, 0.0, 1.0, 58.25, 58.97, 0.0, 1.0], [0.2, 25.0, 0.0, 0.0])
(193390703, [2.0, 0.49, 0.0, 0.62, 0.0, 0.62, 0.0, 3.6, 0.0, 0.0], [0.0, 0.65, 0.0, 0.99, 58.38, 59.03, 0.0, 1.0], [0.2, 25.0, 0.0, 0.0])
(193490879, [2.0, 0.49, 0.0, 0.62, 0.0, 0.63, 0.0, 3.6, 0.0, 0.0], [0.0, 0.65, 0.0, 1.0, 58.5, 59.09, 0.0, 1.0], [0.2, 25.0, 0.0, 0.0])
(193590719, [2.0, 0.49, 0.0, 0.62, 0.0, 0.63, 0.0, 3.6, 0.0, 0.0], [0.0, 0.65, 0.0, 1.0, 58.63, 59.14, 0.0, 1.0], [0.2, 25.0, 0.0, 0.0])
(193691481, [2.0, 0.49, 0.0, 0.62, 0.0, 0.63, 0.0, 3.6, 0.0, 0.0], [0.0, 0.64, 0.0, 1.0, 58.75, 59.2, 0.0, 1.0], [0.2, 25.0, 0.0, 0.0])
(193790844, [2.0, 0.49, 0.0, 0.62, 0.0, 0.62, 0.0, 3.6, 0.0, 0.0], [0.0, 0.64, 0.0, 1.0, 58.87, 59.25, 0.0, 1.0], [0.2, 25.0, 0.0, 0.0])
(193891368, [2.0, 0.49, 0.0, 0.62, 0.0, 0.62, 0.0, 3.6, 0.0, 0.0], [0.0, 0.65, 0.0, 1.0, 59.0, 59.31, 0.0, 1.0], [0.2, 25.0, 0.0, 0.0])
(193990757, [2.0, 0.49, 0.0, 0.62, 0.0, 0.62, 0.0, 3.6, 0.0, 0.0], [0.0, 0.65, 0.0, 1.0, 59.12, 59.37, 0.0, 1.0], [0.2, 25.0, 0.0, 0.0])
(194091329, [2.0, 0.49, 0.0, 0.62, 0.0, 0.63, 0.0, 1.14, 0.0, 0.0], [0.0, 0.64, 0.0, 1.0, 59.24, 59.42, 0.0, 1.0], [0.2, 25.0, 0.0, 0.0])
(194190800, [2.0, 0.49, 0.0, 0.62, 0.0, 0.63, 0.0, 1.14, 0.0, 0.0], [0.0, 0.64, 0.0, 1.0, 59.36, 59.48, 0.0, 1.0], [0.2, 25.0, 0.0, 0.0])
(194290620, [2.0, 0.49, 0.0, 0.62, 0.0, 0.63, 0.0, 3.6, 0.0, 0.0], [0.0, 0.64, 0.0, 1.0, 59.49, 59.53, 0.0, 1.0], [0.2, 25.0, 0.0, 0.0])
(194390651, [2.0, 0.49, 0.0, 0.62, 0.0, 0.63, 0.0, 3.6, 0.0, 0.0], [0.0, 0.64, 0.0, 1.0, 59.58, 59.59, 0.0, 1.0], [0.2, 25.0, 0.0, 0.0])
(194490768, [2.0, 0.49, 0.0, 0.62, 0.0, 0.62, 0.0, 3.6, 0.0, 0.0], [0.0, 0.64, 0.0, 1.0, 59.64, 59.64, 0.0, 1.0], [0.2, 25.0, 0.0, 0.0])
(194590758, [2.0, 0.49, 0.0, 0.62, 0.0, 0.63, 0.0, 3.6, 0.0, 0.0], [0.0, 0.64, 0.0, 1.0, 59.69, 59.7, 0.0, 1.0], [0.2, 25.0, 0.0, 0.0])
(194690826, [2.0, 0.49, 0.0, 0.62, 0.0, 0.63, 0.0, 3.6, 0.0, 0.0], [0.0, 0.64, 0.0, 1.0, 59.74, 59.75, 0.0, 1.0], [0.2, 25.0, 0.0, 0.0])
(194790799, [2.0, 0.49, 0.0, 0.62, 0.0, 0.62, 0.0, 3.6, 0.0, 0.0], [0.0, 0.64, 0.0, 1.0, 59.8, 59.81, 0.0, 1.0], [0.2, 25.0, 0.0, 0.0])
(194890623, [2.0, 0.49, 0.0, 0.62, 0.0, 0.62, 0.0, 3.6, 0.0, 0.0], [0.0, 0.63, 0.0, 1.0, 59.87, 59.88, 0.0, 1.0], [0.2, 25.0, 0.0, 0.0])
(194990841, [2.0, 0.49, 0.0, 0.62, 0.0, 0.62, 0.0, 3.6, 0.0, 0.0], [0.0, 0.63, 0.0, 1.0, 59.91, 59.92, 0.0, 1.0], [0.2, 25.0, 0.0, 0.0])
(195090798, [2.0, 0.49, 0.0, 0.62, 0.0, 0.62, 0.0, 1.13, 0.0, 0.0], [0.0, 0.63, 0.0, 1.02, 59.93, 59.93, 0.0, 1.0], [0.2, 25.0, 0.0, 0.0])
(195191023, [2.0, 0.49, 0.0, 0.62, 0.0, 0.62, 0.0, 1.13, 0.0, 0.0], [0.0, 0.62, 0.0, 1.03, 59.98, 59.98, 0.0, 1.0], [0.2, 25.0, 0.0, 0.0])
(195290793, [2.0, 0.49, 0.0, 0.62, 0.0, 0.62, 0.0, 3.6, 0.0, 0.0], [0.0, 0.63, 0.0, 1.03, 60.06, 60.07, 0.0, 1.0], [0.2, 25.0, 0.0, 0.0])
(195391311, [2.0, 0.49, 0.0, 0.62, 0.0, 0.63, 0.0, 3.6, 0.0, 0.0], [0.0, 0.64, 0.0, 1.01, 60.11, 60.12, 0.0, 1.0], [0.2, 25.0, 0.0, 0.0])
(195490760, [2.0, 0.49, 0.0, 0.62, 0.0, 0.62, 0.0, 3.6, 0.0, 0.0], [0.0, 0.64, 0.0, 1.0, 60.17, 60.18, 0.0, 1.0], [0.2, 25.0, 0.0, 0.0])
(195591004, [2.0, 0.49, 0.0, 0.62, 0.0, 0.63, 0.0, 3.6, 0.0, 0.0], [0.0, 0.65, 0.0, 0.98, 60.24, 60.25, 0.0, 1.0], [0.2, 25.0, 0.0, 0.0])
(195691343, [2.0, 0.48, 0.0, 0.62, 0.0, 0.63, 0.0, 3.6, 0.0, 0.0], [0.0, 0.65, 0.0, 0.98, 60.28, 60.29, 0.0, 1.0], [0.2, 25.0, 0.0, 0.0])
(195790936, [2.0, 0.48, 0.0, 0.62, 0.0, 0.62, 0.0, 3.6, 0.0, 0.0], [0.0, 0.63, 0.0, 0.99, 60.36, 60.37, 0.0, 1.0], [0.2, 25.0, 0.0, 0.0])
(195890651, [2.0, 0.48, 0.0, 0.62, 0.0, 0.62, 0.0, 3.6, 0.0, 0.0], [0.0, 0.65, 0.0, 0.98, 60.41, 60.42, 0.0, 1.0], [0.2, 25.0, 0.0, 0.0])
(195991625, [2.0, 0.48, 0.0, 0.62, 0.0, 0.63, 0.0, 3.6, 0.0, 0.0], [0.0, 0.64, 0.0, 0.97, 60.47, 60.47, 0.0, 1.0], [0.2, 25.0, 0.0, 0.0])
(196090690, [2.0, 0.48, 0.0, 0.62, 0.0, 0.62, 0.0, 3.6, 0.0, 0.0], [0.0, 0.65, 0.0, 0.98, 60.52, 60.53, 0.0, 1.0], [0.2, 25.0, 0.0, 0.0])
(196191357, [2.0, 0.48, 0.0, 0.62, 0.0, 0.63, 0.0, 3.6, 0.0, 0.0], [0.0, 0.65, 0.0, 0.97, 60.58, 60.59, 0.0, 1.0], [0.2, 25.0, 0.0, 0.0])
(196290717, [2.0, 0.48, 0.0, 0.62, 0.0, 0.63, 0.0, 3.6, 0.0, 0.0], [0.0, 0.65, 0.0, 0.97, 60.63, 60.64, 0.0, 1.0], [0.2, 25.0, 0.0, 0.0])
(196391055, [2.0, 0.48, 0.0, 0.62, 0.0, 0.63, 0.0, 3.6, 0.0, 0.0], [0.0, 0.64, 0.0, 0.96, 60.67, 60.68, 0.0, 1.0], [0.2, 25.0, 0.0, 0.0])
(196490759, [2.0, 0.48, 0.0, 0.62, 0.0, 0.62, 0.0, 3.6, 0.0, 0.0], [0.0, 0.64, 0.0, 0.97, 60.76, 60.77, 0.0, 1.0], [0.2, 25.0, 0.0, 0.0])
(196590768, [2.0, 0.49, 0.0, 0.62, 0.0, 0.62, 0.0, 3.6, 0.0, 0.0], [0.0, 0.64, 0.0, 0.96, 60.81, 60.81, 0.0, 1.0], [0.2, 25.0, 0.0, 0.0])
(196690730, [2.0, 0.48, 0.0, 0.62, 0.0, 0.63, 0.0, 3.6, 0.0, 0.0], [0.0, 0.65, 0.0, 0.95, 60.85, 60.86, 0.0, 1.0], [0.2, 25.0, 0.0, 0.0])
(196790766, [2.0, 0.49, 0.0, 0.62, 0.0, 0.63, 0.0, 3.6, 0.0, 0.0], [0.0, 0.64, 0.0, 0.97, 60.92, 60.93, 0.0, 1.0], [0.2, 25.0, 0.0, 0.0])
(196890962, [2.0, 0.49, 0.0, 0.62, 0.0, 0.63, 0.0, 1.13, 0.0, 0.0], [0.0, 0.65, 0.0, 0.97, 60.98, 60.99, 0.0, 1.0], [0.2, 25.0, 0.0, 0.0])
(196991536, [2.0, 0.49, 0.0, 0.62, 0.0, 0.63, 0.0, 1.13, 0.0, 0.0], [0.0, 0.65, 0.0, 0.96, 61.03, 61.04, 0.0, 1.0], [0.2, 25.0, 0.0, 0.0])
(197090854, [2.0, 0.49, 0.0, 0.62, 0.0, 0.63, 0.0, 3.6, 0.0, 0.0], [0.0, 0.65, 0.0, 0.97, 61.08, 61.09, 0.0, 1.0], [0.2, 25.0, 0.0, 0.0])
(197190849, [2.0, 0.49, 0.0, 0.62, 0.0, 0.63, 0.0, 3.6, 0.0, 0.0], [0.0, 0.65, 0.0, 0.97, 61.15, 61.16, 0.0, 1.0], [0.2, 25.0, 0.0, 0.0])
(197290934, [2.0, 0.48, 0.0, 0.62, 0.0, 0.63, 0.0, 3.6, 0.0, 0.0], [0.0, 0.65, 0.0, 0.97, 61.2, 61.21, 0.0, 1.0], [0.2, 25.0, 0.0, 0.0])
(197390652, [2.0, 0.48, 0.0, 0.62, 0.0, 0.62, 0.0, 3.6, 0.0, 0.0], [0.0, 0.64, 0.0, 0.96, 61.26, 61.26, 0.0, 1.0], [0.2, 25.0, 0.0, 0.0])
(197491419, [2.0, 0.48, 0.0, 0.62, 0.0, 0.62, 0.0, 3.6, 0.0, 0.0], [0.0, 0.65, 0.0, 0.99, 61.29, 61.33, 0.0, 1.0], [0.2, 25.0, 0.0, 0.0])
(197590834, [2.0, 0.48, 0.0, 0.62, 0.0, 0.62, 0.0, 3.6, 0.0, 0.0], [0.0, 0.65, 0.0, 0.99, 61.29, 61.36, 0.0, 1.0], [0.2, 25.0, 0.0, 0.0])
(197690832, [2.0, 0.48, 0.0, 0.62, 0.0, 0.62, 0.0, 1.12, 0.0, 0.0], [0.0, 0.64, 0.0, 1.03, 61.29, 61.41, 0.0, 1.0], [0.2, 25.0, 0.0, 0.0])
(197790878, [2.0, 0.48, 0.0, 0.62, 0.0, 0.62, 0.0, 1.12, 0.0, 0.0], [0.0, 0.63, 0.0, 0.99, 61.29, 61.44, 0.0, 1.0], [0.2, 25.0, 0.0, 0.0])
(197890818, [2.0, 0.48, 0.0, 0.62, 0.0, 0.63, 0.0, 3.6, 0.0, 0.0], [0.0, 0.69, 0.0, 0.93, 61.29, 61.36, 0.0, 1.0], [0.2, 25.0, 0.0, 0.0])
(197990736, [2.0, 0.48, 0.0, 0.62, 0.0, 0.62, 0.0, 3.6, 0.0, 0.0], [0.0, 0.76, 0.0, 0.9, 61.29, 60.87, 0.0, 1.0], [0.2, 25.0, 0.0, 0.0])
(198090738, [2.0, 0.49, 0.0, 0.61, 0.0, 0.62, 0.0, 3.6, 0.0, 0.0], [0.0, 0.74, 0.0, 0.93, 61.29, 60.28, 0.0, 1.0], [0.2, 25.0, 0.0, 0.0])
(198190702, [2.0, 0.49, 0.0, 0.62, 0.0, 0.61, 0.0, 3.6, 0.0, 0.0], [0.0, 0.68, 0.0, 1.02, 61.29, 60.01, 0.0, 1.0], [0.2, 25.0, 0.0, 0.0])
(198291121, [2.0, 0.5, 0.0, 0.62, 0.0, 0.6, 0.0, 3.6, 0.0, 0.0], [0.0, 0.63, 0.0, 0.97, 61.29, 59.74, 0.0, 1.0], [0.2, 25.0, 0.0, 0.0])
(198390800, [2.0, 0.5, 0.0, 0.62, 0.0, 0.6, 0.0, 3.6, 0.0, 0.0], [0.0, 0.73, 0.0, 0.96, 61.29, 59.64, 0.0, 1.0], [0.2, 25.0, 0.0, 0.0])
(198490807, [2.0, 0.51, 0.0, 0.62, 0.0, 0.6, 0.0, 3.6, 0.0, 0.0], [0.0, 0.61, 0.0, 0.93, 61.29, 59.57, 0.0, 1.0], [0.2, 25.0, 0.0, 0.0])
(198590884, [2.0, 0.51, 0.0, 0.62, 0.0, 0.6, 0.0, 3.6, 0.0, 0.0], [0.0, 0.64, 0.0, 1.0, 61.29, 59.73, 0.0, 1.0], [0.2, 25.0, 0.0, 0.0])
(198691701, [2.0, 0.51, 0.0, 0.62, 0.0, 0.6, 0.0, 3.6, 0.0, 0.0], [0.0, 0.64, 0.0, 0.99, 61.29, 59.78, 0.0, 1.0], [0.2, 25.0, 0.0, 0.0])
(198790949, [2.0, 0.51, 0.0, 0.62, 0.0, 0.6, 0.0, 3.6, 0.0, 0.0], [0.0, 0.65, 0.0, 0.97, 61.29, 59.84, 0.0, 1.0], [0.2, 25.0, 0.0, 0.0])
(198891840, [2.0, 0.51, 0.0, 0.62, 0.0, 0.6, 0.0, 3.6, 0.0, 0.0], [0.0, 0.65, 0.0, 0.95, 61.29, 59.9, 0.0, 1.0], [0.2, 25.0, 0.0, 0.0])
(198990643, [2.0, 0.52, 0.0, 0.61, 0.0, 0.6, 0.0, 3.6, 0.0, 0.0], [0.0, 0.65, 0.0, 0.93, 61.29, 59.97, 0.0, 1.0], [0.2, 25.0, 0.0, 0.0])
(199090666, [2.0, 0.52, 0.0, 0.62, 0.0, 0.6, 0.0, 3.6, 0.0, 0.0], [0.0, 0.65, 0.0, 0.96, 61.29, 60.01, 0.0, 1.0], [0.2, 25.0, 0.0, 0.0])
(199190795, [2.0, 0.52, 0.0, 0.61, 0.0, 0.6, 0.0, 3.6, 0.0, 0.0], [0.0, 0.64, 0.0, 0.92, 61.29, 60.08, 0.0, 1.0], [0.2, 25.0, 0.0, 0.0])
(199290662, [2.0, 0.52, 0.0, 0.62, 0.0, 0.6, 0.0, 3.6, 0.0, 0.0], [0.0, 0.65, 0.0, 0.98, 61.29, 60.14, 0.0, 1.0], [0.2, 25.0, 0.0, 0.0])
(199391032, [2.0, 0.52, 0.0, 0.62, 0.0, 0.6, 0.0, 3.6, 0.0, 0.0], [0.0, 0.66, 0.0, 0.93, 61.29, 60.2, 0.0, 1.0], [0.2, 25.0, 0.0, 0.0])
(199490895, [2.0, 0.51, 0.0, 0.62, 0.0, 0.6, 0.0, 3.6, 0.0, 0.0], [0.0, 0.63, 0.0, 0.9, 61.29, 60.25, 0.0, 1.0], [0.2, 25.0, 0.0, 0.0])
(199590689, [2.0, 0.51, 0.0, 0.62, 0.0, 0.6, 0.0, 3.6, 0.0, 0.0], [0.0, 0.62, 0.0, 0.94, 61.29, 60.32, 0.0, 1.0], [0.2, 25.0, 0.0, 0.0])
(199690834, [2.0, 0.51, 0.0, 0.61, 0.0, 0.6, 0.0, 3.6, 0.0, 0.0], [0.0, 0.67, 0.0, 0.94, 61.29, 60.37, 0.0, 1.0], [0.2, 25.0, 0.0, 0.0])
(199790898, [2.0, 0.52, 0.0, 0.62, 0.0, 0.6, 0.0, 3.6, 0.0, 0.0], [0.0, 0.66, 0.0, 0.91, 61.29, 60.43, 0.0, 1.0], [0.2, 25.0, 0.0, 0.0])
