(35188079, [2.0, 0.58, 0.0, 0.62, 0.0, 3.6, 0.0, 2.45, 0.0, 0.0], [0.0, 0.8, 0.0, 0.79, 0.18, 0.19, 0.0, 1.0], [0.2, 25.0, 0.0, 0.0])
(35288543, [2.0, 0.58, 0.0, 0.61, 0.0, 3.6, 0.0, 2.45, 0.0, 0.0], [0.0, 0.8, 0.0, 0.79, 0.17, 0.18, 0.0, 1.0], [0.2, 25.0, 0.0, 0.0])
(35388270, [2.0, 0.58, 0.0, 0.62, 0.0, 3.6, 0.0, 2.42, 0.0, 0.0], [0.0, 0.8, 0.0, 0.78, 0.17, 0.18, 0.0, 1.0], [0.2, 25.0, 0.0, 0.0])
(35488529, [2.0, 0.58, 0.0, 0.62, 0.0, 3.6, 0.0, 2.45, 0.0, 0.0], [0.0, 0.8, 0.0, 0.78, 0.17, 0.18, 0.0, 1.0], [0.2, 25.0, 0.0, 0.0])
(35588269, [2.0, 0.58, 0.0, 0.62, 0.0, 3.6, 0.0, 2.45, 0.0, 0.0], [0.0, 0.79, 0.0, 0.78, 0.18, 0.19, 0.0, 1.0], [0.2, 25.0, 0.0, 0.0])
(35687989, [2.0, 0.58, 0.0, 0.61, 0.0, 3.6, 0.0, 2.46, 0.0, 0.0], [0.0, 0.8, 0.0, 0.78, 0.18, 0.19, 0.0, 1.0], [0.2, 25.0, 0.0, 0.0])
(35787892, [2.0, 0.58, 0.0, 0.62, 0.0, 3.6, 0.0, 2.45, 0.0, 0.0], [0.0, 0.8, 0.0, 0.78, 0.17, 0.19, 0.0, 1.0], [0.2, 25.0, 0.0, 0.0])
(35889308, [2.0, 0.58, 0.0, 0.62, 0.0, 3.6, 0.0, 2.49, 0.0, 0.0], [0.0, 0.8, 0.0, 0.78, 0.18, 0.19, 0.0, 1.0], [0.2, 25.0, 0.0, 0.0])
(35987982, [2.0, 0.58, 0.0, 0.61, 0.0, 3.6, 0.0, 2.44, 0.0, 0.0], [0.0, 0.8, 0.0, 0.77, 0.18, 0.19, 0.0, 1.0], [0.2, 25.0, 0.0, 0.0])
(36088271, [2.0, 0.58, 0.0, 0.62, 0.0, 3.6, 0.0, 2.43, 0.0, 0.0], [0.0, 0.8, 0.0, 0.77, 0.18, 0.19, 0.0, 1.0], [0.2, 25.0, 0.0, 0.0])
(36187967, [2.0, 0.58, 0.0, 0.62, 0.0, 3.6, 0.0, 2.43, 0.0, 0.0], [0.0, 0.8, 0.0, 0.77, 0.18, 0.19, 0.0, 1.0], [0.2, 25.0, 0.0, 0.0])
(36288247, [2.0, 0.58, 0.0, 0.62, 0.0, 3.6, 0.0, 2.47, 0.0, 0.0], [0.0, 0.8, 0.0, 0.77, 0.18, 0.19, 0.0, 1.0], [0.2, 25.0, 0.0, 0.0])
(36388209, [2.0, 0.58, 0.0, 0.62, 0.0, 3.6, 0.0, 2.41, 0.0, 0.0], [0.0, 0.8, 0.0, 0.77, 0.18, 0.19, 0.0, 1.0], [0.2, 25.0, 0.0, 0.0])
(36488216, [2.0, 0.58, 0.0, 0.62, 0.0, 3.6, 0.0, 2.43, 0.0, 0.0], [0.0, 0.8, 0.0, 0.77, 0.18, 0.19, 0.0, 1.0], [0.2, 25.0, 0.0, 0.0])
(36588389, [2.0, 0.58, 0.0, 0.61, 0.0, 3.6, 0.0, 2.43, 0.0, 0.0], [0.0, 0.8, 0.0, 0.77, 0.18, 0.19, 0.0, 1.0], [0.2, 25.0, 0.0, 0.0])
(36688263, [2.0, 0.58, 0.0, 0.62, 0.0, 3.6, 0.0, 2.45, 0.0, 0.0], [0.0, 0.8, 0.0, 0.77, 0.18, 0.19, 0.0, 1.0], [0.2, 25.0, 0.0, 0.0])
(36788226, [2.0, 0.58, 0.0, 0.62, 0.0, 3.6, 0.0, 2.45, 0.0, 0.0], [0.0, 0.81, 0.0, 0.77, 0.18, 0.19, 0.0, 1.0], [0.2, 25.0, 0.0, 0.0])
(36888760, [2.0, 0.58, 0.0, 0.62, 0.0, 3.6, 0.0, 2.45, 0.0, 0.0], [0.0, 0.81, 0.0, 0.76, 0.18, 0.19, 0.0, 1.0], [0.2, 25.0, 0.0, 0.0])
(36988080, [2.0, 0.58, 0.0, 0.62, 0.0, 3.6, 0.0, 2.43, 0.0, 0.0], [0.0, 0.8, 0.0, 0.76, 0.18, 0.19, 0.0, 1.0], [0.2, 25.0, 0.0, 0.0])
(37088215, [2.0, 0.58, 0.0, 0.62, 0.0, 3.6, 0.0, 2.45, 0.0, 0.0], [0.0, 0.8, 0.0, 0.76, 0.18, 0.2, 0.0, 1.0], [0.2, 25.0, 0.0, 0.0])
(37188653, [2.0, 0.58, 0.0, 0.62, 0.0, 3.6, 0.0, 2.45, 0.0, 0.0], [0.0, 0.81, 0.0, 0.76, 0.19, 0.2, 0.0, 1.0], [0.2, 25.0, 0.0, 0.0])
(37288269, [2.0, 0.58, 0.0, 0.62, 0.0, 3.6, 0.0, 2.45, 0.0, 0.0], [0.0, 0.81, 0.0, 0.76, 0.19, 0.2, 0.0, 1.0], [0.2, 25.0, 0.0, 0.0])
(37388498, [2.0, 0.58, 0.0, 0.62, 0.0, 3.6, 0.0, 2.46, 0.0, 0.0], [0.0, 0.81, 0.0, 0.76, 0.19, 0.2, 0.0, 1.0], [0.2, 25.0, 0.0, 0.0])
(37487985, [2.0, 0.58, 0.0, 0.62, 0.0, 3.6, 0.0, 2.43, 0.0, 0.0], [0.0, 0.8, 0.0, 0.75, 0.21, 0.22, 0.0, 1.0], [0.2, 25.0, 0.0, 0.0])
(37588289, [2.0, 0.58, 0.0, 0.62, 0.0, 3.6, 0.0, 2.47, 0.0, 0.0], [0.0, 0.8, 0.0, 0.75, 0.23, 0.24, 0.0, 1.0], [0.2, 25.0, 0.0, 0.0])
(37688246, [2.0, 0.58, 0.0, 0.62, 0.0, 3.6, 0.0, 2.44, 0.0, 0.0], [0.0, 0.8, 0.0, 0.76, 0.2, 0.21, 0.0, 1.0], [0.2, 25.0, 0.0, 0.0])
(37787989, [2.0, 0.58, 0.0, 0.62, 0.0, 3.6, 0.0, 2.44, 0.0, 0.0], [0.0, 0.8, 0.0, 0.75, 0.2, 0.21, 0.0, 1.0], [0.2, 25.0, 0.0, 0.0])
(37888258, [2.0, 0.58, 0.0, 0.62, 0.0, 3.6, 0.0, 2.47, 0.0, 0.0], [0.0, 0.79, 0.0, 0.73, 0.16, 0.17, 0.0, 1.0], [0.2, 25.0, 0.0, 0.0])
(37988257, [2.0, 0.58, 0.0, 0.62, 0.0, 3.6, 0.0, 2.43, 0.0, 0.0], [0.0, 0.8, 0.0, 0.7, 0.17, 0.18, 0.0, 1.0], [0.2, 25.0, 0.0, 0.0])
(38087975, [2.0, 0.58, 0.0, 0.62, 0.0, 3.6, 0.0, 2.43, 0.0, 0.0], [0.0, 0.8, 0.0, 0.7, 0.18, 0.19, 0.0, 1.0], [0.2, 25.0, 0.0, 0.0])
(38187974, [2.0, 0.58, 0.0, 0.62, 0.0, 3.6, 0.0, 2.46, 0.0, 0.0], [0.0, 0.8, 0.0, 0.71, 0.17, 0.19, 0.0, 1.0], [0.2, 25.0, 0.0, 0.0])
(38288311, [2.0, 0.58, 0.0, 0.62, 0.0, 3.6, 0.0, 2.46, 0.0, 0.0], [0.0, 0.8, 0.0, 0.69, 0.18, 0.2, 0.0, 1.0], [0.2, 25.0, 0.0, 0.0])
(38388255, [2.0, 0.58, 0.0, 0.62, 0.0, 3.6, 0.0, 2.45, 0.0, 0.0], [0.0, 0.79, 0.0, 0.68, 0.16, 0.17, 0.0, 1.0], [0.2, 25.0, 0.0, 0.0])
(38488372, [2.0, 0.58, 0.0, 0.62, 0.0, 3.6, 0.0, 2.44, 0.0, 0.0], [0.0, 0.79, 0.0, 0.69, 0.18, 0.2, 0.0, 1.0], [0.2, 25.0, 0.0, 0.0])
(38588372, [2.0, 0.58, 0.0, 0.62, 0.0, 3.6, 0.0, 2.44, 0.0, 0.0], [0.0, 0.79, 0.0, 0.7, 0.2, 0.21, 0.0, 1.0], [0.2, 25.0, 0.0, 0.0])
(38688361, [2.0, 0.58, 0.0, 0.62, 0.0, 0.63, 0.0, 2.45, 0.0, 0.0], [0.0, 0.79, 0.0, 0.69, 0.17, 0.18, 0.0, 1.0], [0.2, 25.0, 0.0, 0.0])
(38788247, [2.0, 0.58, 0.0, 0.62, 0.0, 0.63, 0.0, 2.48, 0.0, 0.0], [0.0, 0.79, 0.0, 0.71, 0.2, 0.21, 0.0, 1.0], [0.2, 25.0, 0.0, 0.0])
(38888241, [2.0, 0.58, 0.0, 0.62, 0.0, 3.6, 0.0, 2.44, 0.0, 0.0], [0.0, 0.81, 0.0, 0.69, 0.19, 0.2, 0.0, 1.0], [0.2, 25.0, 0.0, 0.0])
(38988220, [2.0, 0.58, 0.0, 0.62, 0.0, 3.6, 0.0, 2.45, 0.0, 0.0], [0.0, 0.79, 0.0, 0.69, 0.18, 0.19, 0.0, 1.0], [0.2, 25.0, 0.0, 0.0])
(39088081, [2.0, 0.58, 0.0, 0.62, 0.0, 3.6, 0.0, 2.45, 0.0, 0.0], [0.0, 0.8, 0.0, 0.7, 0.19, 0.2, 0.0, 1.0], [0.2, 25.0, 0.0, 0.0])
(39187978, [2.0, 0.58, 0.0, 0.62, 0.0, 3.6, 0.0, 2.45, 0.0, 0.0], [0.0, 0.8, 0.0, 0.69, 0.2, 0.21, 0.0, 1.0], [0.2, 25.0, 0.0, 0.0])
(39288538, [2.0, 0.58, 0.0, 0.62, 0.0, 3.6, 0.0, 2.44, 0.0, 0.0], [0.0, 0.8, 0.0, 0.68, 0.18, 0.19, 0.0, 1.0], [0.2, 25.0, 0.0, 0.0])
(39388959, [2.0, 0.58, 0.0, 0.61, 0.0, 3.6, 0.0, 2.43, 0.0, 0.0], [0.0, 0.8, 0.0, 0.68, 0.19, 0.2, 0.0, 1.0], [0.2, 25.0, 0.0, 0.0])
(39488987, [2.0, 0.58, 0.0, 0.62, 0.0, 3.6, 0.0, 2.43, 0.0, 0.0], [0.0, 0.8, 0.0, 0.67, 0.19, 0.2, 0.0, 1.0], [0.2, 25.0, 0.0, 0.0])
(39588967, [2.0, 0.58, 0.0, 0.62, 0.0, 3.6, 0.0, 2.47, 0.0, 0.0], [0.0, 0.8, 0.0, 0.67, 0.18, 0.19, 0.0, 1.0], [0.2, 25.0, 0.0, 0.0])
(39689089, [2.0, 0.58, 0.0, 0.62, 0.0, 0.61, 0.0, 2.46, 0.0, 0.0], [0.0, 0.81, 0.0, 0.68, 0.2, 0.21, 0.0, 1.0], [0.2, 25.0, 0.0, 0.0])
(39788951, [2.0, 0.58, 0.0, 0.62, 0.0, 0.61, 0.0, 2.44, 0.0, 0.0], [0.0, 0.81, 0.0, 0.66, 0.19, 0.2, 0.0, 1.0], [0.2, 25.0, 0.0, 0.0])
(39889548, [2.0, 0.58, 0.0, 0.62, 0.0, 3.6, 0.0, 2.45, 0.0, 0.0], [0.0, 0.81, 0.0, 0.66, 0.19, 0.2, 0.0, 1.0], [0.2, 25.0, 0.0, 0.0])
(39988984, [2.0, 0.58, 0.0, 0.62, 0.0, 3.6, 0.0, 2.44, 0.0, 0.0], [0.0, 0.81, 0.0, 0.67, 0.19, 0.2, 0.0, 1.0], [0.2, 25.0, 0.0, 0.0])
(40089731, [2.0, 0.58, 0.0, 0.62, 0.0, 3.6, 0.0, 2.42, 0.0, 0.0], [0.0, 0.81, 0.0, 0.67, 0.19, 0.2, 0.0, 1.0], [0.2, 25.0, 0.0, 0.0])
(40188952, [2.0, 0.58, 0.0, 0.62, 0.0, 3.6, 0.0, 2.43, 0.0, 0.0], [0.0, 0.81, 0.0, 0.68, 0.18, 0.19, 0.0, 1.0], [0.2, 25.0, 0.0, 0.0])
(40289326, [2.0, 0.58, 0.0, 0.62, 0.0, 3.6, 0.0, 2.46, 0.0, 0.0], [0.0, 0.8, 0.0, 0.68, 0.2, 0.21, 0.0, 1.0], [0.2, 25.0, 0.0, 0.0])
(40388955, [2.0, 0.58, 0.0, 0.62, 0.0, 3.6, 0.0, 2.44, 0.0, 0.0], [0.0, 0.81, 0.0, 0.68, 0.18, 0.19, 0.0, 1.0], [0.2, 25.0, 0.0, 0.0])
(40489552, [2.0, 0.58, 0.0, 0.62, 0.0, 3.6, 0.0, 2.44, 0.0, 0.0], [0.0, 0.8, 0.0, 0.68, 0.18, 0.19, 0.0, 1.0], [0.2, 25.0, 0.0, 0.0])
(40588936, [2.0, 0.58, 0.0, 0.62, 0.0, 3.6, 0.0, 2.43, 0.0, 0.0], [0.0, 0.82, 0.0, 0.68, 0.19, 0.2, 0.0, 1.0], [0.2, 25.0, 0.0, 0.0])
(40689176, [2.0, 0.58, 0.0, 0.62, 0.0, 3.6, 0.0, 2.43, 0.0, 0.0], [0.0, 0.8, 0.0, 0.67, 0.17, 0.18, 0.0, 1.0], [0.2, 25.0, 0.0, 0.0])
(40788957, [2.0, 0.58, 0.0, 0.62, 0.0, 3.6, 0.0, 2.44, 0.0, 0.0], [0.0, 0.8, 0.0, 0.68, 0.19, 0.2, 0.0, 1.0], [0.2, 25.0, 0.0, 0.0])
(40888984, [2.0, 0.58, 0.0, 0.61, 0.0, 3.6, 0.0, 2.45, 0.0, 0.0], [0.0, 0.81, 0.0, 0.67, 0.19, 0.2, 0.0, 1.0], [0.2, 25.0, 0.0, 0.0])
(40989461, [2.0, 0.58, 0.0, 0.62, 0.0, 3.6, 0.0, 2.44, 0.0, 0.0], [0.0, 0.8, 0.0, 0.67, 0.18, 0.19, 0.0, 1.0], [0.2, 25.0, 0.0, 0.0])
(41088974, [2.0, 0.58, 0.0, 0.62, 0.0, 3.6, 0.0, 2.45, 0.0, 0.0], [0.0, 0.81, 0.0, 0.66, 0.19, 0.2, 0.0, 1.0], [0.2, 25.0, 0.0, 0.0])
(41188930, [2.0, 0.58, 0.0, 0.62, 0.0, 3.6, 0.0, 2.45, 0.0, 0.0], [0.0, 0.81, 0.0, 0.66, 0.2, 0.21, 0.0, 1.0], [0.2, 25.0, 0.0, 0.0])
(41288957, [2.0, 0.58, 0.0, 0.62, 0.0, 3.6, 0.0, 2.42, 0.0, 0.0], [0.0, 0.81, 0.0, 0.67, 0.18, 0.19, 0.0, 1.0], [0.2, 25.0, 0.0, 0.0])
(41389284, [2.0, 0.58, 0.0, 0.62, 0.0, 3.6, 0.0, 2.44, 0.0, 0.0], [0.0, 0.81, 0.0, 0.67, 0.21, 0.22, 0.0, 1.0], [0.2, 25.0, 0.0, 0.0])
(41490350, [2.0, 0.58, 0.0, 0.62, 0.0, 3.6, 0.0, 2.44, 0.0, 0.0], [0.0, 0.81, 0.0, 0.65, 0.19, 0.2, 0.0, 1.0], [0.2, 25.0, 0.0, 0.0])
(41590575, [2.0, 0.58, 0.0, 0.62, 0.0, 3.6, 0.0, 2.44, 0.0, 0.0], [0.0, 0.79, 0.0, 0.66, 0.19, 0.2, 0.0, 1.0], [0.2, 25.0, 0.0, 0.0])
(41689808, [2.0, 0.58, 0.0, 0.62, 0.0, 0.65, 0.0, 2.44, 0.0, 0.0], [0.0, 0.8, 0.0, 0.67, 0.2, 0.21, 0.0, 1.0], [0.2, 25.0, 0.0, 0.0])
(41789985, [2.0, 0.58, 0.0, 0.62, 0.0, 0.65, 0.0, 2.46, 0.0, 0.0], [0.0, 0.81, 0.0, 0.66, 0.18, 0.19, 0.0, 1.0], [0.2, 25.0, 0.0, 0.0])
(41889832, [2.0, 0.58, 0.0, 0.62, 0.0, 3.6, 0.0, 2.42, 0.0, 0.0], [0.0, 0.8, 0.0, 0.66, 0.18, 0.19, 0.0, 1.0], [0.2, 25.0, 0.0, 0.0])
(41990104, [2.0, 0.58, 0.0, 0.62, 0.0, 3.6, 0.0, 2.42, 0.0, 0.0], [0.0, 0.8, 0.0, 0.66, 0.19, 0.2, 0.0, 1.0], [0.2, 25.0, 0.0, 0.0])
(42089798, [2.0, 0.58, 0.0, 0.62, 0.0, 3.6, 0.0, 2.45, 0.0, 0.0], [0.0, 0.81, 0.0, 0.66, 0.19, 0.2, 0.0, 1.0], [0.2, 25.0, 0.0, 0.0])
(42189834, [2.0, 0.58, 0.0, 0.62, 0.0, 3.6, 0.0, 2.45, 0.0, 0.0], [0.0, 0.81, 0.0, 0.66, 0.17, 0.18, 0.0, 1.0], [0.2, 25.0, 0.0, 0.0])
(42289795, [2.0, 0.58, 0.0, 0.62, 0.0, 3.6, 0.0, 2.44, 0.0, 0.0], [0.0, 0.81, 0.0, 0.66, 0.19, 0.21, 0.0, 1.0], [0.2, 25.0, 0.0, 0.0])
(42389783, [2.0, 0.58, 0.0, 0.62, 0.0, 3.6, 0.0, 2.44, 0.0, 0.0], [0.0, 0.8, 0.0, 0.65, 0.18, 0.19, 0.0, 1.0], [0.2, 25.0, 0.0, 0.0])
(42489787, [2.0, 0.58, 0.0, 0.62, 0.0, 3.6, 0.0, 2.44, 0.0, 0.0], [0.0, 0.79, 0.0, 0.66, 0.19, 0.2, 0.0, 1.0], [0.2, 25.0, 0.0, 0.0])
(42589766, [2.0, 0.58, 0.0, 0.62, 0.0, 3.6, 0.0, 2.47, 0.0, 0.0], [0.0, 0.81, 0.0, 0.67, 0.2, 0.21, 0.0, 1.0], [0.54, 25.0, 0.0, 0.0])
(42689783, [2.0, 0.58, 0.0, 0.61, 0.0, 3.6, 0.0, 2.46, 0.0, 0.0], [0.0, 0.8, 0.0, 0.65, 0.2, 0.21, 0.0, 1.0], [0.2, 25.0, 0.0, 0.0])
(42789798, [2.0, 0.58, 0.0, 0.62, 0.0, 3.6, 0.0, 2.44, 0.0, 0.0], [0.0, 0.8, 0.0, 0.66, 0.19, 0.2, 0.0, 1.0], [0.2, 25.0, 0.0, 0.0])
(42889825, [2.0, 0.58, 0.0, 0.62, 0.0, 3.6, 0.0, 2.42, 0.0, 0.0], [0.0, 0.8, 0.0, 0.67, 0.19, 0.2, 0.0, 1.0], [0.2, 25.0, 0.0, 0.0])
(42989766, [2.0, 0.58, 0.0, 0.62, 0.0, 3.6, 0.0, 2.46, 0.0, 0.0], [0.0, 0.8, 0.0, 0.66, 0.2, 0.21, 0.0, 1.0], [0.2, 25.0, 0.0, 0.0])
(43089815, [2.0, 0.58, 0.0, 0.62, 0.0, 3.6, 0.0, 2.44, 0.0, 0.0], [0.0, 0.8, 0.0, 0.66, 0.17, 0.18, 0.0, 1.0], [0.2, 25.0, 0.0, 0.0])
(43189762, [2.0, 0.58, 0.0, 0.62, 0.0, 3.6, 0.0, 2.44, 0.0, 0.0], [0.0, 0.8, 0.0, 0.67, 0.2, 0.21, 0.0, 1.0], [0.2, 25.0, 0.0, 0.0])
(43289886, [2.0, 0.58, 0.0, 0.62, 0.0, 3.6, 0.0, 2.45, 0.0, 0.0], [0.0, 0.81, 0.0, 0.66, 0.2, 0.21, 0.0, 1.0], [0.2, 25.0, 0.0, 0.0])
(43389766, [2.0, 0.58, 0.0, 0.62, 0.0, 3.6, 0.0, 2.44, 0.0, 0.0], [0.0, 0.8, 0.0, 0.66, 0.19, 0.2, 0.0, 1.0], [0.2, 25.0, 0.0, 0.0])
(43490106, [2.0, 0.58, 0.0, 0.62, 0.0, 3.6, 0.0, 2.44, 0.0, 0.0], [0.0, 0.81, 0.0, 0.67, 0.19, 0.2, 0.0, 1.0], [0.2, 25.0, 0.0, 0.0])
(43589798, [2.0, 0.58, 0.0, 0.62, 0.0, 3.6, 0.0, 2.45, 0.0, 0.0], [0.0, 0.81, 0.0, 0.67, 0.2, 0.21, 0.0, 1.0], [0.2, 25.0, 0.0, 0.0])
(43689962, [2.0, 0.58, 0.0, 0.62, 0.0, 3.6, 0.0, 2.46, 0.0, 0.0], [0.0, 0.81, 0.0, 0.67, 0.18, 0.2, 0.0, 1.0], [0.2, 25.0, 0.0, 0.0])
(43789787, [2.0, 0.58, 0.0, 0.62, 0.0, 3.6, 0.0, 2.43, 0.0, 0.0], [0.0, 0.8, 0.0, 0.67, 0.18, 0.19, 0.0, 1.0], [0.2, 25.0, 0.0, 0.0])
(43889945, [2.0, 0.58, 0.0, 0.62, 0.0, 3.6, 0.0, 2.42, 0.0, 0.0], [0.0, 0.8, 0.0, 0.67, 0.2, 0.21, 0.0, 1.0], [0.2, 25.0, 0.0, 0.0])
(43989757, [2.0, 0.58, 0.0, 0.62, 0.0, 3.6, 0.0, 2.46, 0.0, 0.0], [0.0, 0.82, 0.0, 0.66, 0.18, 0.2, 0.0, 1.0], [0.2, 25.0, 0.0, 0.0])
(44089952, [2.0, 0.58, 0.0, 0.62, 0.0, 3.6, 0.0, 2.46, 0.0, 0.0], [0.0, 0.81, 0.0, 0.66, 0.18, 0.19, 0.0, 1.0], [0.2, 25.0, 0.0, 0.0])
(44189766, [2.0, 0.58, 0.0, 0.62, 0.0, 3.6, 0.0, 3.6, 0.0, 0.0], [0.0, 0.82, 0.0, 0.67, 0.19, 0.2, 0.0, 1.0], [0.2, 25.0, 0.0, 0.0])
(44289891, [2.0, 0.58, 0.0, 0.62, 0.0, 3.6, 0.0, 2.44, 0.0, 0.0], [0.0, 0.81, 0.0, 0.66, 0.2, 0.21, 0.0, 1.0], [0.2, 25.0, 0.0, 0.0])
(44389866, [2.0, 0.58, 0.0, 0.62, 0.0, 3.6, 0.0, 2.45, 0.0, 0.0], [0.0, 0.81, 0.0, 0.66, 0.18, 0.19, 0.0, 1.0], [0.2, 25.0, 0.0, 0.0])
(44490101, [2.0, 0.58, 0.0, 0.62, 0.0, 3.6, 0.0, 2.45, 0.0, 0.0], [0.0, 0.81, 0.0, 0.68, 0.19, 0.2, 0.0, 1.0], [0.2, 25.0, 0.0, 0.0])
(44589741, [2.0, 0.58, 0.0, 0.62, 0.0, 3.6, 0.0, 2.45, 0.0, 0.0], [0.0, 0.82, 0.0, 0.68, 0.2, 0.21, 0.0, 1.0], [0.2, 25.0, 0.0, 0.0])
(44689862, [2.0, 0.58, 0.0, 0.62, 0.0, 3.6, 0.0, 2.41, 0.0, 0.0], [0.0, 0.82, 0.0, 0.66, 0.17, 0.19, 0.0, 1.0], [0.2, 25.0, 0.0, 0.0])
(44789781, [2.0, 0.58, 0.0, 0.62, 0.0, 3.6, 0.0, 2.45, 0.0, 0.0], [0.0, 0.81, 0.0, 0.67, 0.19, 0.2, 0.0, 1.0], [0.2, 25.0, 0.0, 0.0])
(44889865, [2.0, 0.58, 0.0, 0.62, 0.0, 3.6, 0.0, 2.45, 0.0, 0.0], [0.0, 0.82, 0.0, 0.67, 0.19, 0.2, 0.0, 1.0], [0.2, 25.0, 0.0, 0.0])
(44989783, [2.0, 0.58, 0.0, 0.62, 0.0, 3.6, 0.0, 2.42, 0.0, 0.0], [0.0, 0.82, 0.0, 0.66, 0.18, 0.2, 0.0, 1.0], [0.2, 25.0, 0.0, 0.0])
(45090264, [2.0, 0.58, 0.0, 0.62, 0.0, 3.6, 0.0, 2.43, 0.0, 0.0], [0.0, 0.81, 0.0, 0.67, 0.17, 0.18, 0.0, 1.0], [0.2, 25.0, 0.0, 0.0])
(45189797, [2.0, 0.58, 0.0, 0.61, 0.0, 3.6, 0.0, 2.45, 0.0, 0.0], [0.0, 0.81, 0.0, 0.68, 0.19, 0.2, 0.0, 1.0], [0.2, 25.0, 0.0, 0.0])
(45289810, [2.0, 0.58, 0.0, 0.62, 0.0, 3.6, 0.0, 2.45, 0.0, 0.0], [0.0, 0.82, 0.0, 0.68, 0.2, 0.21, 0.0, 1.0], [0.2, 25.0, 0.0, 0.0])
(45389831, [2.0, 0.58, 0.0, 0.62, 0.0, 3.6, 0.0, 2.45, 0.0, 0.0], [0.0, 0.81, 0.0, 0.67, 0.18, 0.19, 0.0, 1.0], [0.2, 25.0, 0.0, 0.0])
(45489797, [2.0, 0.58, 0.0, 0.62, 0.0, 0.61, 0.0, 2.46, 0.0, 0.0], [0.0, 0.82, 0.0, 0.7, 0.19, 0.2, 0.0, 1.0], [0.2, 25.0, 0.0, 0.0])
(45589884, [2.0, 0.58, 0.0, 0.62, 0.0, 0.61, 0.0, 2.42, 0.0, 0.0], [0.0, 0.82, 0.0, 0.68, 0.19, 0.2, 0.0, 1.0], [0.2, 25.0, 0.0, 0.0])
(45689775, [2.0, 0.58, 0.0, 0.62, 0.0, 3.6, 0.0, 2.42, 0.0, 0.0], [0.0, 0.82, 0.0, 0.67, 0.19, 0.2, 0.0, 1.0], [0.2, 25.0, 0.0, 0.0])
(45789895, [2.0, 0.58, 0.0, 0.62, 0.0, 3.6, 0.0, 2.42, 0.0, 0.0], [0.0, 0.82, 0.0, 0.68, 0.18, 0.19, 0.0, 1.0], [0.2, 25.0, 0.0, 0.0])
(45889943, [2.0, 0.58, 0.0, 0.61, 0.0, 3.6, 0.0, 2.46, 0.0, 0.0], [0.0, 0.82, 0.0, 0.68, 0.2, 0.21, 0.0, 1.0], [0.2, 25.0, 0.0, 0.0])
(45989896, [2.0, 0.58, 0.0, 0.62, 0.0, 3.6, 0.0, 2.44, 0.0, 0.0], [0.0, 0.83, 0.0, 0.68, 0.19, 0.21, 0.0, 1.0], [0.2, 25.0, 0.0, 0.0])
(46089754, [2.0, 0.58, 0.0, 0.62, 0.0, 3.6, 0.0, 2.42, 0.0, 0.0], [0.0, 0.82, 0.0, 0.66, 0.18, 0.19, 0.0, 1.0], [0.2, 25.0, 0.0, 0.0])
(46189842, [2.0, 0.58, 0.0, 0.62, 0.0, 3.6, 0.0, 2.45, 0.0, 0.0], [0.0, 0.82, 0.0, 0.69, 0.19, 0.2, 0.0, 1.0], [0.2, 25.0, 0.0, 0.0])
(46289778, [2.0, 0.58, 0.0, 0.62, 0.0, 3.6, 0.0, 2.45, 0.0, 0.0], [0.0, 0.83, 0.0, 0.69, 0.19, 0.2, 0.0, 1.0], [0.2, 25.0, 0.0, 0.0])
(46389948, [2.0, 0.58, 0.0, 0.62, 0.0, 3.6, 0.0, 2.43, 0.0, 0.0], [0.0, 0.82, 0.0, 0.68, 0.19, 0.2, 0.0, 1.0], [0.2, 25.0, 0.0, 0.0])
(46489783, [2.0, 0.58, 0.0, 0.62, 0.0, 3.6, 0.0, 2.45, 0.0, 0.0], [0.0, 0.83, 0.0, 0.7, 0.18, 0.19, 0.0, 1.0], [0.2, 25.0, 0.0, 0.0])
(46589857, [2.0, 0.58, 0.0, 0.62, 0.0, 3.6, 0.0, 2.44, 0.0, 0.0], [0.0, 0.82, 0.0, 0.7, 0.19, 0.21, 0.0, 1.0], [0.2, 25.0, 0.0, 0.0])
(46689802, [2.0, 0.58, 0.0, 0.62, 0.0, 3.6, 0.0, 2.44, 0.0, 0.0], [0.0, 0.83, 0.0, 0.69, 0.19, 0.2, 0.0, 1.0], [0.2, 25.0, 0.0, 0.0])
(46789777, [2.0, 0.58, 0.0, 0.62, 0.0, 3.6, 0.0, 2.45, 0.0, 0.0], [0.0, 0.82, 0.0, 0.7, 0.17, 0.18, 0.0, 1.0], [0.2, 25.0, 0.0, 0.0])
(46889840, [2.0, 0.58, 0.0, 0.62, 0.0, 3.6, 0.0, 2.44, 0.0, 0.0], [0.0, 0.82, 0.0, 0.7, 0.19, 0.21, 0.0, 1.0], [0.2, 25.0, 0.0, 0.0])
(46989800, [2.0, 0.58, 0.0, 0.62, 0.0, 3.6, 0.0, 2.46, 0.0, 0.0], [0.0, 0.83, 0.0, 0.7, 0.19, 0.2, 0.0, 1.0], [0.2, 25.0, 0.0, 0.0])
(47089778, [2.0, 0.58, 0.0, 0.62, 0.0, 3.6, 0.0, 2.42, 0.0, 0.0], [0.0, 0.83, 0.0, 0.68, 0.18, 0.19, 0.0, 1.0], [0.2, 25.0, 0.0, 0.0])
(47189806, [2.0, 0.58, 0.0, 0.62, 0.0, 3.6, 0.0, 2.44, 0.0, 0.0], [0.0, 0.84, 0.0, 0.7, 0.18, 0.19, 0.0, 1.0], [0.2, 25.0, 0.0, 0.0])
(47289794, [2.0, 0.58, 0.0, 0.62, 0.0, 3.6, 0.0, 2.45, 0.0, 0.0], [0.0, 0.84, 0.0, 0.7, 0.19, 0.2, 0.0, 1.0], [0.2, 25.0, 0.0, 0.0])
(47389836, [2.0, 0.58, 0.0, 0.62, 0.0, 3.6, 0.0, 2.45, 0.0, 0.0], [0.0, 0.84, 0.0, 0.69, 0.18, 0.2, 0.0, 1.0], [0.2, 25.0, 0.0, 0.0])
(47489857, [2.0, 0.58, 0.0, 0.62, 0.0, 3.6, 0.0, 2.45, 0.0, 0.0], [0.0, 0.83, 0.0, 0.71, 0.18, 0.19, 0.0, 1.0], [0.2, 25.0, 0.0, 0.0])
(47589775, [2.0, 0.58, 0.0, 0.62, 0.0, 3.6, 0.0, 2.44, 0.0, 0.0], [0.0, 0.84, 0.0, 0.71, 0.21, 0.22, 0.0, 1.0], [0.2, 25.0, 0.0, 0.0])
(47689981, [2.0, 0.58, 0.0, 0.62, 0.0, 3.6, 0.0, 2.42, 0.0, 0.0], [0.0, 0.86, 0.0, 0.71, 0.19, 0.2, 0.0, 1.0], [0.2, 25.0, 0.0, 0.0])
(47790279, [2.0, 0.58, 0.0, 0.62, 0.0, 3.6, 0.0, 2.43, 0.0, 0.0], [0.0, 0.86, 0.0, 0.72, 0.2, 0.21, 0.0, 1.0], [0.2, 25.0, 0.0, 0.0])
(47889944, [2.0, 0.58, 0.0, 0.62, 0.0, 3.6, 0.0, 2.45, 0.0, 0.0], [0.0, 0.86, 0.0, 0.72, 0.21, 0.22, 0.0, 1.0], [0.2, 25.0, 0.0, 0.0])
(47989942, [2.0, 0.58, 0.0, 0.62, 0.0, 3.6, 0.0, 2.45, 0.0, 0.0], [0.0, 0.86, 0.0, 0.7, 0.2, 0.21, 0.0, 1.0], [0.2, 25.0, 0.0, 0.0])
(48090249, [2.0, 0.58, 0.0, 0.62, 0.0, 0.67, 0.0, 2.44, 0.0, 0.0], [0.0, 0.85, 0.0, 0.71, 0.19, 0.2, 0.0, 1.0], [0.2, 25.0, 0.0, 0.0])
(48190474, [2.0, 0.58, 0.0, 0.62, 0.0, 0.67, 0.0, 2.44, 0.0, 0.0], [0.0, 0.86, 0.0, 0.73, 0.19, 0.2, 0.0, 1.0], [0.2, 25.0, 0.0, 0.0])
(48290419, [2.0, 0.58, 0.0, 0.62, 0.0, 3.6, 0.0, 3.6, 0.0, 0.0], [0.0, 0.86, 0.0, 0.72, 0.21, 0.22, 0.0, 1.0], [0.2, 25.0, 0.0, 0.0])
(48389949, [2.0, 0.58, 0.0, 0.62, 0.0, 3.6, 0.0, 2.42, 0.0, 0.0], [0.0, 0.87, 0.0, 0.71, 0.2, 0.21, 0.0, 1.0], [0.2, 25.0, 0.0, 0.0])
(48490392, [2.0, 0.57, 0.0, 0.62, 0.0, 3.6, 0.0, 2.46, 0.0, 0.0], [0.0, 0.88, 0.0, 0.72, 0.2, 0.21, 0.0, 1.0], [0.2, 25.0, 0.0, 0.0])
(48590489, [2.0, 0.58, 0.0, 0.62, 0.0, 3.6, 0.0, 2.46, 0.0, 0.0], [0.0, 0.89, 0.0, 0.74, 0.22, 0.23, 0.0, 1.0], [0.2, 25.0, 0.0, 0.0])
(48690179, [2.0, 0.58, 0.0, 0.62, 0.0, 3.6, 0.0, 2.44, 0.0, 0.0], [0.0, 0.89, 0.0, 0.72, 0.2, 0.22, 0.0, 1.0], [0.2, 25.0, 0.0, 0.0])
(48789970, [2.0, 0.58, 0.0, 0.62, 0.0, 3.6, 0.0, 2.45, 0.0, 0.0], [0.0, 0.89, 0.0, 0.73, 0.21, 0.22, 0.0, 1.0], [0.2, 25.0, 0.0, 0.0])
(48890336, [2.0, 0.58, 0.0, 0.62, 0.0, 3.6, 0.0, 2.47, 0.0, 0.0], [0.0, 0.89, 0.0, 0.75, 0.21, 0.22, 0.0, 1.0], [0.2, 25.0, 0.0, 0.0])
(48989977, [2.0, 0.58, 0.0, 0.61, 0.0, 3.6, 0.0, 2.44, 0.0, 0.0], [0.0, 0.9, 0.0, 0.75, 0.23, 0.24, 0.0, 1.0], [0.2, 25.0, 0.0, 0.0])
(50090124, [2.0, 0.58, 0.0, 0.62, 0.0, 3.6, 0.0, 2.44, 0.0, 0.0], [0.45, 0.89, 0.4, 0.81, 0.25, 0.26, 0.0, 1.0], [0.2, 25.0, 0.0, 0.0])
(50190221, [2.0, 0.58, 0.0, 0.62, 0.0, 3.6, 0.0, 2.44, 0.0, 0.0], [0.22, 0.89, 0.19, 0.81, 0.25, 0.26, 0.0, 1.0], [0.2, 25.0, 0.0, 0.0])
(50289949, [2.0, 0.58, 0.0, 0.62, 0.0, 3.6, 0.0, 2.43, 0.0, 0.0], [0.11, 0.89, 0.09, 0.81, 0.25, 0.26, 0.0, 1.0], [0.2, 25.0, 0.0, 0.0])
(50390170, [2.0, 0.58, 0.0, 0.62, 0.0, 0.69, 0.0, 2.45, 0.0, 0.0], [0.05, 0.88, 0.04, 0.81, 0.25, 0.26, 0.0, 1.0], [0.2, 25.0, 0.0, 0.0])
(50490415, [2.0, 0.58, 0.0, 0.62, 0.0, 0.65, 0.0, 2.42, 0.0, 0.0], [0.02, 0.89, 0.02, 0.82, 0.25, 0.26, 0.0, 1.0], [0.2, 25.0, 0.0, 0.0])
(50590310, [2.0, 0.58, 0.0, 0.62, 0.0, 0.67, 0.0, 2.43, 0.0, 0.0], [0.01, 0.89, 0.01, 0.82, 0.26, 0.27, 0.0, 1.0], [0.2, 25.0, 0.0, 0.0])
(50690159, [2.0, 0.58, 0.0, 0.62, 0.0, 0.67, 0.0, 2.46, 0.0, 0.0], [0.0, 0.89, 0.0, 0.82, 0.26, 0.27, 0.0, 1.0], [0.2, 25.0, 0.0, 0.0])
(50790173, [2.0, 0.58, 0.0, 0.62, 0.0, 0.65, 0.0, 2.46, 0.0, 0.0], [0.0, 0.89, 0.0, 0.82, 0.26, 0.27, 0.0, 1.0], [0.2, 25.0, 0.0, 0.0])
(50890100, [2.0, 0.58, 0.0, 0.62, 0.0, 0.65, 0.0, 2.46, 0.0, 0.0], [0.0, 0.88, 0.0, 0.82, 0.26, 0.27, 0.0, 1.0], [0.2, 25.0, 0.0, 0.0])
(50990253, [2.0, 0.58, 0.0, 0.62, 0.0, 0.68, 0.0, 2.46, 0.0, 0.0], [0.0, 0.88, 0.0, 0.82, 0.26, 0.27, 0.0, 1.0], [0.2, 25.0, 0.0, 0.0])
(51089941, [2.0, 0.58, 0.0, 0.62, 0.0, 0.68, 0.0, 2.47, 0.0, 0.0], [0.0, 0.89, 0.0, 0.82, 0.26, 0.27, 0.0, 1.0], [0.2, 25.0, 0.0, 0.0])
(51190402, [2.0, 0.58, 0.0, 0.62, 0.0, 3.6, 0.0, 2.43, 0.0, 0.0], [0.0, 0.88, 0.0, 0.83, 0.26, 0.27, 0.0, 1.0], [0.2, 25.0, 0.0, 0.0])
(51289925, [2.0, 0.58, 0.0, 0.62, 0.0, 3.6, 0.0, 2.42, 0.0, 0.0], [0.0, 0.89, 0.0, 0.83, 0.26, 0.27, 0.0, 1.0], [0.2, 25.0, 0.0, 0.0])
(51389968, [2.0, 0.58, 0.0, 0.62, 0.0, 3.6, 0.0, 2.45, 0.0, 0.0], [0.0, 0.88, 0.0, 0.83, 0.26, 0.27, 0.0, 1.0], [0.2, 25.0, 0.0, 0.0])
(51489983, [2.0, 0.58, 0.0, 0.62, 0.0, 3.6, 0.0, 2.43, 0.0, 0.0], [0.0, 0.88, 0.0, 0.83, 0.26, 0.27, 0.0, 1.0], [0.2, 25.0, 0.0, 0.0])
(51590112, [2.0, 0.58, 0.0, 0.62, 0.0, 3.6, 0.0, 2.46, 0.0, 0.0], [0.0, 0.88, 0.0, 0.83, 0.26, 0.27, 0.0, 1.0], [0.2, 25.0, 0.0, 0.0])
(51689969, [2.0, 0.58, 0.0, 0.62, 0.0, 3.6, 0.0, 2.44, 0.0, 0.0], [0.0, 0.88, 0.0, 0.83, 0.26, 0.27, 0.0, 1.0], [0.2, 25.0, 0.0, 0.0])
(51790130, [2.0, 0.58, 0.0, 0.62, 0.0, 3.6, 0.0, 2.45, 0.0, 0.0], [0.0, 0.88, 0.0, 0.83, 0.26, 0.27, 0.0, 1.0], [0.2, 25.0, 0.0, 0.0])
(51890216, [2.0, 0.58, 0.0, 0.62, 0.0, 3.6, 0.0, 2.41, 0.0, 0.0], [0.0, 0.88, 0.0, 0.83, 0.26, 0.27, 0.0, 1.0], [0.2, 25.0, 0.0, 0.0])
(51989975, [2.0, 0.58, 0.0, 0.62, 0.0, 3.6, 0.0, 2.42, 0.0, 0.0], [0.0, 0.88, 0.0, 0.83, 0.26, 0.27, 0.0, 1.0], [0.2, 25.0, 0.0, 0.0])
(52090128, [2.0, 0.58, 0.0, 0.62, 0.0, 3.6, 0.0, 2.41, 0.0, 0.0], [0.0, 0.88, 0.0, 0.83, 0.26, 0.28, 0.0, 1.0], [0.2, 25.0, 0.0, 0.0])
(52189929, [2.0, 0.58, 0.0, 0.62, 0.0, 3.6, 0.0, 2.45, 0.0, 0.0], [0.0, 0.88, 0.0, 0.83, 0.26, 0.28, 0.0, 1.0], [0.2, 25.0, 0.0, 0.0])
(52290114, [2.0, 0.58, 0.0, 0.62, 0.0, 0.68, 0.0, 2.42, 0.0, 0.0], [0.0, 0.88, 0.0, 0.83, 0.26, 0.27, 0.0, 1.0], [0.2, 25.0, 0.0, 0.0])
(52390303, [2.0, 0.58, 0.0, 0.62, 0.0, 0.68, 0.0, 2.47, 0.0, 0.0], [0.0, 0.88, 0.0, 0.83, 0.25, 0.27, 0.0, 1.0], [0.2, 25.0, 0.0, 0.0])
(52490275, [2.0, 0.58, 0.0, 0.62, 0.0, 3.6, 0.0, 2.45, 0.0, 0.0], [0.0, 0.88, 0.0, 0.84, 0.26, 0.27, 0.0, 1.0], [0.2, 25.0, 0.0, 0.0])
(52590162, [2.0, 0.58, 0.0, 0.62, 0.0, 3.6, 0.0, 2.46, 0.0, 0.0], [0.0, 0.87, 0.0, 0.86, 0.27, 0.28, 0.0, 1.0], [0.2, 25.0, 0.0, 0.0])
(52692450, [2.0, 0.58, 0.0, 0.62, 0.0, 3.6, 0.0, 2.44, 0.0, 0.0], [0.0, 0.87, 0.0, 0.86, 0.29, 0.3, 0.0, 1.0], [0.2, 25.0, 0.0, 0.0])
(52792451, [2.0, 0.58, 0.0, 0.62, 0.0, 3.6, 0.0, 2.41, 0.0, 0.0], [0.0, 0.88, 0.0, 0.86, 0.26, 0.27, 0.0, 1.0], [0.2, 25.0, 0.0, 0.0])
(52892469, [2.0, 0.58, 0.0, 0.62, 0.0, 3.6, 0.0, 2.44, 0.0, 0.0], [0.0, 0.88, 0.0, 0.83, 0.28, 0.29, 0.0, 1.0], [0.2, 25.0, 0.0, 0.0])
(52992414, [2.0, 0.58, 0.0, 0.61, 0.0, 3.6, 0.0, 2.44, 0.0, 0.0], [0.0, 0.87, 0.0, 0.82, 0.27, 0.28, 0.0, 1.0], [0.2, 25.0, 0.0, 0.0])
(53092437, [2.0, 0.58, 0.0, 0.62, 0.0, 3.6, 0.0, 2.45, 0.0, 0.0], [0.0, 0.87, 0.0, 0.82, 0.26, 0.27, 0.0, 1.0], [0.2, 25.0, 0.0, 0.0])
(53192493, [2.0, 0.58, 0.0, 0.62, 0.0, 3.6, 0.0, 2.43, 0.0, 0.0], [0.0, 0.86, 0.0, 0.83, 0.27, 0.29, 0.0, 1.0], [0.2, 25.0, 0.0, 0.0])
(53292303, [2.0, 0.58, 0.0, 0.62, 0.0, 3.6, 0.0, 2.46, 0.0, 0.0], [0.0, 0.88, 0.0, 0.83, 0.28, 0.29, 0.0, 1.0], [0.2, 25.0, 0.0, 0.0])
(53392445, [2.0, 0.58, 0.0, 0.62, 0.0, 3.6, 0.0, 2.46, 0.0, 0.0], [0.0, 0.87, 0.0, 0.82, 0.26, 0.27, 0.0, 1.0], [0.2, 25.0, 0.0, 0.0])
(53492341, [2.0, 0.58, 0.0, 0.62, 0.0, 3.6, 0.0, 2.43, 0.0, 0.0], [0.0, 0.88, 0.0, 0.84, 0.27, 0.28, 0.0, 1.0], [0.2, 25.0, 0.0, 0.0])
(53592354, [2.0, 0.58, 0.0, 0.62, 0.0, 3.6, 0.0, 2.45, 0.0, 0.0], [0.0, 0.9, 0.0, 0.83, 0.28, 0.29, 0.0, 1.0], [0.2, 25.0, 0.0, 0.0])
(53692356, [2.0, 0.58, 0.0, 0.62, 0.0, 3.6, 0.0, 2.44, 0.0, 0.0], [0.0, 0.89, 0.0, 0.84, 0.28, 0.29, 0.0, 1.0], [0.2, 25.0, 0.0, 0.0])
(53792356, [2.0, 0.58, 0.0, 0.62, 0.0, 3.6, 0.0, 2.45, 0.0, 0.0], [0.0, 0.88, 0.0, 0.83, 0.26, 0.27, 0.0, 1.0], [0.2, 25.0, 0.0, 0.0])
(53892355, [2.0, 0.58, 0.0, 0.62, 0.0, 3.6, 0.0, 2.44, 0.0, 0.0], [0.0, 0.88, 0.0, 0.84, 0.27, 0.28, 0.0, 1.0], [0.2, 25.0, 0.0, 0.0])
(53992418, [2.0, 0.58, 0.0, 0.62, 0.0, 3.6, 0.0, 2.43, 0.0, 0.0], [0.0, 0.89, 0.0, 0.83, 0.29, 0.3, 0.0, 1.0], [0.2, 25.0, 0.0, 0.0])
(54092410, [2.0, 0.58, 0.0, 0.62, 0.0, 3.6, 0.0, 2.42, 0.0, 0.0], [0.0, 0.89, 0.0, 0.81, 0.27, 0.28, 0.0, 1.0], [0.2, 25.0, 0.0, 0.0])
(54192369, [2.0, 0.58, 0.0, 0.62, 0.0, 3.6, 0.0, 2.42, 0.0, 0.0], [0.0, 0.87, 0.0, 0.83, 0.27, 0.28, 0.0, 1.0], [0.2, 25.0, 0.0, 0.0])
(54292429, [2.0, 0.58, 0.0, 0.62, 0.0, 3.6, 0.0, 2.45, 0.0, 0.0], [0.0, 0.89, 0.0, 0.83, 0.27, 0.28, 0.0, 1.0], [0.2, 25.0, 0.0, 0.0])
(54392468, [2.0, 0.58, 0.0, 0.62, 0.0, 3.6, 0.0, 2.45, 0.0, 0.0], [0.0, 0.87, 0.0, 0.84, 0.28, 0.3, 0.0, 1.0], [0.2, 25.0, 0.0, 0.0])
(54492426, [2.0, 0.58, 0.0, 0.62, 0.0, 3.6, 0.0, 2.44, 0.0, 0.0], [0.0, 0.89, 0.0, 0.83, 0.27, 0.29, 0.0, 1.0], [0.2, 25.0, 0.0, 0.0])
(54592532, [2.0, 0.58, 0.0, 0.62, 0.0, 3.6, 0.0, 2.48, 0.0, 0.0], [0.0, 0.88, 0.0, 0.84, 0.28, 0.29, 0.0, 1.0], [0.2, 25.0, 0.0, 0.0])
(54692315, [2.0, 0.57, 0.0, 0.62, 0.0, 3.6, 0.0, 2.44, 0.0, 0.0], [0.0, 0.88, 0.0, 0.84, 0.29, 0.31, 0.0, 1.0], [0.2, 25.0, 0.0, 0.0])
(54792365, [2.0, 0.58, 0.0, 0.62, 0.0, 0.63, 0.0, 2.46, 0.0, 0.0], [0.0, 0.87, 0.0, 0.83, 0.28, 0.29, 0.0, 1.0], [0.2, 25.0, 0.0, 0.0])
(54892339, [2.0, 0.58, 0.0, 0.62, 0.0, 0.63, 0.0, 2.46, 0.0, 0.0], [0.0, 0.86, 0.0, 0.84, 0.28, 0.29, 0.0, 1.0], [0.2, 25.0, 0.0, 0.0])
(54992395, [2.0, 0.58, 0.0, 0.62, 0.0, 3.6, 0.0, 2.45, 0.0, 0.0], [0.0, 0.87, 0.0, 0.84, 0.28, 0.3, 0.0, 1.0], [0.2, 25.0, 0.0, 0.0])
(55092439, [2.0, 0.57, 0.0, 0.62, 0.0, 3.6, 0.0, 2.47, 0.0, 0.0], [0.0, 0.87, 0.0, 0.84, 0.3, 0.31, 0.0, 1.0], [0.2, 25.0, 0.0, 0.0])
(55192397, [2.0, 0.58, 0.0, 0.62, 0.0, 3.6, 0.0, 2.42, 0.0, 0.0], [0.0, 0.86, 0.0, 0.84, 0.27, 0.28, 0.0, 1.0], [0.2, 25.0, 0.0, 0.0])
(55292298, [2.0, 0.58, 0.0, 0.62, 0.0, 3.6, 0.0, 2.45, 0.0, 0.0], [0.0, 0.86, 0.0, 0.84, 0.29, 0.3, 0.0, 1.0], [0.2, 25.0, 0.0, 0.0])
(55392352, [2.0, 0.58, 0.0, 0.62, 0.0, 3.6, 0.0, 2.42, 0.0, 0.0], [0.0, 0.87, 0.0, 0.84, 0.29, 0.3, 0.0, 1.0], [0.2, 25.0, 0.0, 0.0])
(55492308, [2.0, 0.58, 0.0, 0.62, 0.0, 3.6, 0.0, 2.42, 0.0, 0.0], [0.0, 0.86, 0.0, 0.82, 0.29, 0.3, 0.0, 1.0], [0.2, 25.0, 0.0, 0.0])
(55592956, [2.0, 0.58, 0.0, 0.62, 0.0, 0.65, 0.0, 2.43, 0.0, 0.0], [0.0, 0.85, 0.0, 0.84, 0.28, 0.29, 0.0, 1.0], [0.2, 25.0, 0.0, 0.0])
(55692447, [2.0, 0.58, 0.0, 0.62, 0.0, 0.65, 0.0, 2.45, 0.0, 0.0], [0.0, 0.85, 0.0, 0.85, 0.29, 0.3, 0.0, 1.0], [0.2, 25.0, 0.0, 0.0])
(55792433, [2.0, 0.58, 0.0, 0.62, 0.0, 3.6, 0.0, 2.43, 0.0, 0.0], [0.0, 0.85, 0.0, 0.84, 0.3, 0.31, 0.0, 1.0], [0.2, 25.0, 0.0, 0.0])
(55892507, [2.0, 0.58, 0.0, 0.62, 0.0, 3.6, 0.0, 2.43, 0.0, 0.0], [0.0, 0.86, 0.0, 0.83, 0.28, 0.3, 0.0, 1.0], [0.2, 25.0, 0.0, 0.0])
(55992441, [2.0, 0.58, 0.0, 0.62, 0.0, 3.6, 0.0, 2.43, 0.0, 0.0], [0.0, 0.85, 0.0, 0.83, 0.29, 0.3, 0.0, 1.0], [0.2, 25.0, 0.0, 0.0])
(56092432, [2.0, 0.58, 0.0, 0.62, 0.0, 3.6, 0.0, 2.43, 0.0, 0.0], [0.0, 0.86, 0.0, 0.83, 0.3, 0.31, 0.0, 1.0], [0.2, 25.0, 0.0, 0.0])
(56192322, [2.0, 0.58, 0.0, 0.62, 0.0, 3.6, 0.0, 2.45, 0.0, 0.0], [0.0, 0.85, 0.0, 0.83, 0.3, 0.31, 0.0, 1.0], [0.2, 25.0, 0.0, 0.0])
(56292315, [2.0, 0.58, 0.0, 0.62, 0.0, 3.6, 0.0, 2.45, 0.0, 0.0], [0.0, 0.85, 0.0, 0.83, 0.28, 0.29, 0.0, 1.0], [0.2, 25.0, 0.0, 0.0])
(56392286, [2.0, 0.58, 0.0, 0.62, 0.0, 3.6, 0.0, 2.42, 0.0, 0.0], [0.0, 0.85, 0.0, 0.83, 0.28, 0.3, 0.0, 1.0], [0.2, 25.0, 0.0, 0.0])
(56492363, [2.0, 0.58, 0.0, 0.62, 0.0, 3.6, 0.0, 2.43, 0.0, 0.0], [0.0, 0.85, 0.0, 0.82, 0.3, 0.31, 0.0, 1.0], [0.2, 25.0, 0.0, 0.0])
(56592304, [2.0, 0.57, 0.0, 0.62, 0.0, 3.6, 0.0, 2.43, 0.0, 0.0], [0.0, 0.85, 0.0, 0.82, 0.28, 0.29, 0.0, 1.0], [0.2, 25.0, 0.0, 0.0])
(56692308, [2.0, 0.58, 0.0, 0.62, 0.0, 3.6, 0.0, 2.44, 0.0, 0.0], [0.0, 0.83, 0.0, 0.82, 0.28, 0.3, 0.0, 1.0], [0.2, 25.0, 0.0, 0.0])
(56792408, [2.0, 0.58, 0.0, 0.62, 0.0, 3.6, 0.0, 2.46, 0.0, 0.0], [0.0, 0.84, 0.0, 0.82, 0.29, 0.3, 0.0, 1.0], [0.2, 25.0, 0.0, 0.0])
(56892382, [2.0, 0.58, 0.0, 0.62, 0.0, 3.6, 0.0, 2.44, 0.0, 0.0], [0.0, 0.83, 0.0, 0.81, 0.3, 0.31, 0.0, 1.0], [0.2, 25.0, 0.0, 0.0])
(56992350, [2.0, 0.58, 0.0, 0.62, 0.0, 3.6, 0.0, 2.46, 0.0, 0.0], [0.0, 0.83, 0.0, 0.82, 0.28, 0.29, 0.0, 1.0], [0.2, 25.0, 0.0, 0.0])
(57092522, [2.0, 0.58, 0.0, 0.62, 0.0, 3.6, 0.0, 2.46, 0.0, 0.0], [0.0, 0.83, 0.0, 0.82, 0.28, 0.3, 0.0, 1.0], [0.2, 25.0, 0.0, 0.0])
(57192426, [2.0, 0.57, 0.0, 0.62, 0.0, 3.6, 0.0, 2.44, 0.0, 0.0], [0.0, 0.83, 0.0, 0.83, 0.3, 0.32, 0.0, 1.0], [0.2, 25.0, 0.0, 0.0])
(57292431, [2.0, 0.58, 0.0, 0.62, 0.0, 3.6, 0.0, 2.43, 0.0, 0.0], [0.0, 0.83, 0.0, 0.82, 0.29, 0.3, 0.0, 1.0], [0.2, 25.0, 0.0, 0.0])
(57392557, [2.0, 0.58, 0.0, 0.62, 0.0, 3.6, 0.0, 2.41, 0.0, 0.0], [0.0, 0.82, 0.0, 0.83, 0.28, 0.29, 0.0, 1.0], [0.2, 25.0, 0.0, 0.0])
(57492479, [2.0, 0.58, 0.0, 0.62, 0.0, 0.66, 0.0, 2.46, 0.0, 0.0], [0.0, 0.84, 0.0, 0.84, 0.29, 0.3, 0.0, 1.0], [0.2, 25.0, 0.0, 0.0])
(57592443, [2.0, 0.58, 0.0, 0.62, 0.0, 0.66, 0.0, 2.44, 0.0, 0.0], [0.0, 0.83, 0.0, 0.84, 0.3, 0.32, 0.0, 1.0], [0.2, 25.0, 0.0, 0.0])
(57692364, [2.0, 0.58, 0.0, 0.62, 0.0, 3.6, 0.0, 2.44, 0.0, 0.0], [0.0, 0.83, 0.0, 0.83, 0.28, 0.3, 0.0, 1.0], [0.2, 25.0, 0.0, 0.0])
(57792431, [2.0, 0.58, 0.0, 0.62, 0.0, 3.6, 0.0, 2.41, 0.0, 0.0], [0.0, 0.82, 0.0, 0.83, 0.28, 0.29, 0.0, 1.0], [0.2, 25.0, 0.0, 0.0])
(57892616, [2.0, 0.58, 0.0, 0.62, 0.0, 0.64, 0.0, 2.45, 0.0, 0.0], [0.0, 0.82, 0.0, 0.84, 0.29, 0.3, 0.0, 1.0], [0.2, 25.0, 0.0, 0.0])
(57992315, [2.0, 0.58, 0.0, 0.62, 0.0, 0.64, 0.0, 2.43, 0.0, 0.0], [0.0, 0.82, 0.0, 0.83, 0.29, 0.3, 0.0, 1.0], [0.2, 25.0, 0.0, 0.0])
(58092334, [2.0, 0.58, 0.0, 0.62, 0.0, 3.6, 0.0, 2.45, 0.0, 0.0], [0.0, 0.82, 0.0, 0.81, 0.28, 0.29, 0.0, 1.0], [0.2, 25.0, 0.0, 0.0])
(58192376, [2.0, 0.58, 0.0, 0.62, 0.0, 3.6, 0.0, 2.44, 0.0, 0.0], [0.0, 0.81, 0.0, 0.82, 0.28, 0.29, 0.0, 1.0], [0.2, 25.0, 0.0, 0.0])
(58292390, [2.0, 0.57, 0.0, 0.62, 0.0, 3.6, 0.0, 2.43, 0.0, 0.0], [0.0, 0.8, 0.0, 0.83, 0.31, 0.32, 0.0, 1.0], [0.2, 25.0, 0.0, 0.0])
(58392324, [2.0, 0.58, 0.0, 0.62, 0.0, 3.6, 0.0, 2.43, 0.0, 0.0], [0.0, 0.81, 0.0, 0.82, 0.3, 0.31, 0.0, 1.0], [0.2, 25.0, 0.0, 0.0])
(58492436, [2.0, 0.58, 0.0, 0.62, 0.0, 3.6, 0.0, 2.42, 0.0, 0.0], [0.0, 0.8, 0.0, 0.82, 0.29, 0.31, 0.0, 1.0], [0.2, 25.0, 0.0, 0.0])
(58592397, [2.0, 0.58, 0.0, 0.62, 0.0, 3.6, 0.0, 2.43, 0.0, 0.0], [0.0, 0.81, 0.0, 0.83, 0.3, 0.31, 0.0, 1.0], [0.2, 25.0, 0.0, 0.0])
(58692525, [2.0, 0.58, 0.0, 0.62, 0.0, 3.6, 0.0, 2.42, 0.0, 0.0], [0.0, 0.8, 0.0, 0.83, 0.3, 0.32, 0.0, 1.0], [0.2, 25.0, 0.0, 0.0])
(58792410, [2.0, 0.58, 0.0, 0.62, 0.0, 3.6, 0.0, 2.43, 0.0, 0.0], [0.0, 0.81, 0.0, 0.82, 0.31, 0.32, 0.0, 1.0], [0.2, 25.0, 0.0, 0.0])
(58892482, [2.0, 0.58, 0.0, 0.62, 0.0, 3.6, 0.0, 2.45, 0.0, 0.0], [0.0, 0.8, 0.0, 0.83, 0.29, 0.3, 0.0, 1.0], [0.2, 25.0, 0.0, 0.0])
(58992599, [2.0, 0.58, 0.0, 0.62, 0.0, 3.6, 0.0, 2.43, 0.0, 0.0], [0.0, 0.79, 0.0, 0.84, 0.31, 0.32, 0.0, 1.0], [0.2, 25.0, 0.0, 0.0])
(59092367, [2.0, 0.58, 0.0, 0.62, 0.0, 3.6, 0.0, 2.43, 0.0, 0.0], [0.0, 0.8, 0.0, 0.83, 0.32, 0.33, 0.0, 1.0], [0.2, 25.0, 0.0, 0.0])
(59192349, [2.0, 0.58, 0.0, 0.62, 0.0, 3.6, 0.0, 2.42, 0.0, 0.0], [0.0, 0.79, 0.0, 0.81, 0.31, 0.32, 0.0, 1.0], [0.2, 25.0, 0.0, 0.0])
(59293286, [2.0, 0.58, 0.0, 0.62, 0.0, 3.6, 0.0, 2.42, 0.0, 0.0], [0.0, 0.8, 0.0, 0.83, 0.31, 0.32, 0.0, 1.0], [0.2, 25.0, 0.0, 0.0])
(59392405, [2.0, 0.58, 0.0, 0.62, 0.0, 3.6, 0.0, 2.41, 0.0, 0.0], [0.0, 0.79, 0.0, 0.82, 0.32, 0.33, 0.0, 1.0], [0.2, 25.0, 0.0, 0.0])
(59492418, [2.0, 0.58, 0.0, 0.62, 0.0, 3.6, 0.0, 2.43, 0.0, 0.0], [0.0, 0.79, 0.0, 0.81, 0.32, 0.33, 0.0, 1.0], [0.2, 25.0, 0.0, 0.0])
(59592381, [2.0, 0.58, 0.0, 0.62, 0.0, 3.6, 0.0, 2.44, 0.0, 0.0], [0.0, 0.78, 0.0, 0.82, 0.3, 0.31, 0.0, 1.0], [0.2, 25.0, 0.0, 0.0])
(59692279, [2.0, 0.58, 0.0, 0.62, 0.0, 3.6, 0.0, 2.44, 0.0, 0.0], [0.0, 0.78, 0.0, 0.83, 0.32, 0.33, 0.0, 1.0], [0.2, 25.0, 0.0, 0.0])
(59792452, [2.0, 0.58, 0.0, 0.62, 0.0, 3.6, 0.0, 2.44, 0.0, 0.0], [0.0, 0.78, 0.0, 0.82, 0.32, 0.33, 0.0, 1.0], [0.2, 25.0, 0.0, 0.0])
(59892387, [2.0, 0.58, 0.0, 0.62, 0.0, 3.6, 0.0, 2.41, 0.0, 0.0], [0.0, 0.77, 0.0, 0.81, 0.31, 0.32, 0.0, 1.0], [0.2, 25.0, 0.0, 0.0])
(59992353, [2.0, 0.58, 0.0, 0.62, 0.0, 3.6, 0.0, 2.45, 0.0, 0.0], [0.0, 0.78, 0.0, 0.83, 0.31, 0.32, 0.0, 1.0], [0.2, 25.0, 0.0, 0.0])
(60092437, [2.0, 0.58, 0.0, 0.62, 0.0, 3.6, 0.0, 2.48, 0.0, 0.0], [0.0, 0.78, 0.0, 0.84, 0.32, 0.33, 0.0, 1.0], [0.2, 25.0, 0.0, 0.0])
(60192623, [2.0, 0.58, 0.0, 0.62, 0.0, 3.6, 0.0, 2.43, 0.0, 0.0], [0.0, 0.78, 0.0, 0.83, 0.32, 0.33, 0.0, 1.0], [0.2, 25.0, 0.0, 0.0])
(60292415, [2.0, 0.58, 0.0, 0.62, 0.0, 3.6, 0.0, 2.43, 0.0, 0.0], [0.0, 0.78, 0.0, 0.83, 0.3, 0.31, 0.0, 1.0], [0.2, 25.0, 0.0, 0.0])
(60392432, [2.0, 0.57, 0.0, 0.62, 0.0, 0.62, 0.0, 2.45, 0.0, 0.0], [0.0, 0.78, 0.0, 0.85, 0.32, 0.33, 0.0, 1.0], [0.2, 25.0, 0.0, 0.0])
(60492449, [2.0, 0.58, 0.0, 0.62, 0.0, 0.62, 0.0, 2.41, 0.0, 0.0], [0.0, 0.79, 0.0, 0.83, 0.33, 0.34, 0.0, 1.0], [0.2, 25.0, 0.0, 0.0])
(60592449, [2.0, 0.58, 0.0, 0.62, 0.0, 3.6, 0.0, 2.44, 0.0, 0.0], [0.0, 0.78, 0.0, 0.81, 0.31, 0.32, 0.0, 1.0], [0.2, 25.0, 0.0, 0.0])
(60692357, [2.0, 0.58, 0.0, 0.62, 0.0, 3.6, 0.0, 2.44, 0.0, 0.0], [0.0, 0.79, 0.0, 0.82, 0.31, 0.32, 0.0, 1.0], [0.2, 25.0, 0.0, 0.0])
(60792453, [2.0, 0.58, 0.0, 0.62, 0.0, 3.6, 0.0, 2.43, 0.0, 0.0], [0.0, 0.79, 0.0, 0.83, 0.32, 0.33, 0.0, 1.0], [0.2, 25.0, 0.0, 0.0])
(60892364, [2.0, 0.58, 0.0, 0.62, 0.0, 3.6, 0.0, 2.46, 0.0, 0.0], [0.0, 0.79, 0.0, 0.82, 0.34, 0.35, 0.0, 1.0], [0.2, 25.0, 0.0, 0.0])
(60992285, [2.0, 0.58, 0.0, 0.62, 0.0, 3.6, 0.0, 2.46, 0.0, 0.0], [0.0, 0.8, 0.0, 0.82, 0.32, 0.33, 0.0, 1.0], [0.2, 25.0, 0.0, 0.0])
(61092663, [2.0, 0.58, 0.0, 0.62, 0.0, 3.6, 0.0, 2.46, 0.0, 0.0], [0.0, 0.8, 0.0, 0.84, 0.33, 0.34, 0.0, 1.0], [0.2, 25.0, 0.0, 0.0])
(61192372, [2.0, 0.58, 0.0, 0.62, 0.0, 3.6, 0.0, 2.43, 0.0, 0.0], [0.0, 0.8, 0.0, 0.84, 0.34, 0.35, 0.0, 1.0], [0.2, 25.0, 0.0, 0.0])
(61292345, [2.0, 0.58, 0.0, 0.62, 0.0, 3.6, 0.0, 2.42, 0.0, 0.0], [0.0, 0.8, 0.0, 0.83, 0.33, 0.34, 0.0, 1.0], [0.2, 25.0, 0.0, 0.0])
(61392327, [2.0, 0.58, 0.0, 0.62, 0.0, 3.6, 0.0, 2.47, 0.0, 0.0], [0.0, 0.79, 0.0, 0.83, 0.32, 0.33, 0.0, 1.0], [0.2, 25.0, 0.0, 0.0])
(61492558, [2.0, 0.58, 0.0, 0.62, 0.0, 3.6, 0.0, 2.42, 0.0, 0.0], [0.0, 0.8, 0.0, 0.84, 0.32, 0.33, 0.0, 1.0], [0.2, 25.0, 0.0, 0.0])
(61592418, [2.0, 0.58, 0.0, 0.62, 0.0, 3.6, 0.0, 2.47, 0.0, 0.0], [0.0, 0.81, 0.0, 0.84, 0.34, 0.35, 0.0, 1.0], [0.2, 25.0, 0.0, 0.0])
(61692496, [2.0, 0.58, 0.0, 0.62, 0.0, 3.6, 0.0, 2.4, 0.0, 0.0], [0.0, 0.81, 0.0, 0.82, 0.33, 0.34, 0.0, 1.0], [0.2, 25.0, 0.0, 0.0])
(61792487, [2.0, 0.58, 0.0, 0.62, 0.0, 3.6, 0.0, 2.44, 0.0, 0.0], [0.0, 0.8, 0.0, 0.82, 0.33, 0.34, 0.0, 1.0], [0.2, 25.0, 0.0, 0.0])
(61892524, [2.0, 0.58, 0.0, 0.62, 0.0, 3.6, 0.0, 2.45, 0.0, 0.0], [0.0, 0.8, 0.0, 0.84, 0.34, 0.35, 0.0, 1.0], [0.2, 25.0, 0.0, 0.0])
(61992430, [2.0, 0.58, 0.0, 0.62, 0.0, 3.6, 0.0, 2.47, 0.0, 0.0], [0.0, 0.81, 0.0, 0.84, 0.33, 0.34, 0.0, 1.0], [0.2, 25.0, 0.0, 0.0])
(62092352, [2.0, 0.58, 0.0, 0.62, 0.0, 3.6, 0.0, 2.43, 0.0, 0.0], [0.0, 0.81, 0.0, 0.81, 0.33, 0.34, 0.0, 1.0], [0.2, 25.0, 0.0, 0.0])
(62192443, [2.0, 0.58, 0.0, 0.62, 0.0, 3.6, 0.0, 2.46, 0.0, 0.0], [0.0, 0.8, 0.0, 0.85, 0.32, 0.33, 0.0, 1.0], [0.2, 25.0, 0.0, 0.0])
(62292335, [2.0, 0.58, 0.0, 0.62, 0.0, 3.6, 0.0, 2.47, 0.0, 0.0], [0.0, 0.81, 0.0, 0.83, 0.34, 0.35, 0.0, 1.0], [0.2, 25.0, 0.0, 0.0])
(62392449, [2.0, 0.58, 0.0, 0.62, 0.0, 3.6, 0.0, 2.44, 0.0, 0.0], [0.0, 0.8, 0.0, 0.85, 0.34, 0.35, 0.0, 1.0], [0.2, 25.0, 0.0, 0.0])
(62492445, [2.0, 0.58, 0.0, 0.62, 0.0, 3.6, 0.0, 2.45, 0.0, 0.0], [0.0, 0.8, 0.0, 0.82, 0.32, 0.33, 0.0, 1.0], [0.2, 25.0, 0.0, 0.0])
(62592305, [2.0, 0.58, 0.0, 0.62, 0.0, 3.6, 0.0, 2.44, 0.0, 0.0], [0.0, 0.79, 0.0, 0.85, 0.33, 0.34, 0.0, 1.0], [0.2, 25.0, 0.0, 0.0])
(62692315, [2.0, 0.58, 0.0, 0.62, 0.0, 3.6, 0.0, 2.43, 0.0, 0.0], [0.0, 0.8, 0.0, 0.84, 0.32, 0.33, 0.0, 1.0], [0.2, 25.0, 0.0, 0.0])
(62792325, [2.0, 0.58, 0.0, 0.62, 0.0, 3.6, 0.0, 2.44, 0.0, 0.0], [0.0, 0.8, 0.0, 0.83, 0.33, 0.34, 0.0, 1.0], [0.2, 25.0, 0.0, 0.0])
(62892476, [2.0, 0.58, 0.0, 0.62, 0.0, 3.6, 0.0, 2.45, 0.0, 0.0], [0.0, 0.8, 0.0, 0.83, 0.31, 0.32, 0.0, 1.0], [0.2, 25.0, 0.0, 0.0])
(62992332, [2.0, 0.58, 0.0, 0.62, 0.0, 3.6, 0.0, 2.42, 0.0, 0.0], [0.0, 0.8, 0.0, 0.83, 0.32, 0.33, 0.0, 1.0], [0.2, 25.0, 0.0, 0.0])
(63092433, [2.0, 0.58, 0.0, 0.62, 0.0, 3.6, 0.0, 2.45, 0.0, 0.0], [0.0, 0.81, 0.0, 0.82, 0.33, 0.35, 0.0, 1.0], [0.2, 25.0, 0.0, 0.0])
(63192490, [2.0, 0.58, 0.0, 0.62, 0.0, 3.6, 0.0, 2.45, 0.0, 0.0], [0.0, 0.8, 0.0, 0.83, 0.32, 0.33, 0.0, 1.0], [0.2, 25.0, 0.0, 0.0])
(63292435, [2.0, 0.58, 0.0, 0.62, 0.0, 3.6, 0.0, 2.45, 0.0, 0.0], [0.0, 0.8, 0.0, 0.83, 0.32, 0.33, 0.0, 1.0], [0.2, 25.0, 0.0, 0.0])
(63393382, [2.0, 0.58, 0.0, 0.62, 0.0, 3.6, 0.0, 2.44, 0.0, 0.0], [0.0, 0.8, 0.0, 0.83, 0.32, 0.33, 0.0, 1.0], [0.2, 25.0, 0.0, 0.0])
(63492444, [2.0, 0.58, 0.0, 0.62, 0.0, 3.6, 0.0, 2.43, 0.0, 0.0], [0.0, 0.8, 0.0, 0.83, 0.33, 0.34, 0.0, 1.0], [0.2, 25.0, 0.0, 0.0])
(63593124, [2.0, 0.58, 0.0, 0.62, 0.0, 3.6, 0.0, 2.44, 0.0, 0.0], [0.0, 0.8, 0.0, 0.83, 0.32, 0.33, 0.0, 1.0], [0.2, 25.0, 0.0, 0.0])
(80592417, [2.0, 0.58, 0.0, 0.62, 0.0, 0.66, 0.0, 2.43, 0.0, 0.0], [0.54, 0.71, 0.6, 0.79, 0.36, 0.37, 0.0, 1.0], [0.2, 25.0, 0.0, 0.0])
(80692463, [2.0, 0.58, 0.0, 0.62, 0.0, 3.6, 0.0, 2.43, 0.0, 0.0], [0.26, 0.71, 0.29, 0.79, 0.36, 0.37, 0.0, 1.0], [0.2, 25.0, 0.0, 0.0])
(80792314, [2.0, 0.58, 0.0, 0.62, 0.0, 3.6, 0.0, 2.44, 0.0, 0.0], [0.13, 0.71, 0.14, 0.79, 0.36, 0.37, 0.0, 1.0], [0.2, 25.0, 0.0, 0.0])
(80892508, [2.0, 0.58, 0.0, 0.62, 0.0, 0.68, 0.0, 2.46, 0.0, 0.0], [0.06, 0.71, 0.07, 0.79, 0.36, 0.37, 0.0, 1.0], [0.2, 25.0, 0.0, 0.0])
(80992720, [2.0, 0.58, 0.0, 0.62, 0.0, 0.68, 0.0, 2.42, 0.0, 0.0], [0.03, 0.71, 0.03, 0.79, 0.36, 0.37, 0.0, 1.0], [0.2, 25.0, 0.0, 0.0])
(81092722, [2.0, 0.58, 0.0, 0.62, 0.0, 3.6, 0.0, 2.46, 0.0, 0.0], [0.01, 0.71, 0.01, 0.79, 0.36, 0.37, 0.0, 1.0], [0.2, 25.0, 0.0, 0.0])
(81192534, [2.0, 0.58, 0.0, 0.62, 0.0, 3.6, 0.0, 2.46, 0.0, 0.0], [0.0, 0.71, 0.0, 0.79, 0.36, 0.37, 0.0, 1.0], [0.2, 25.0, 0.0, 0.0])
(81292386, [2.0, 0.57, 0.0, 0.62, 0.0, 3.6, 0.0, 2.44, 0.0, 0.0], [0.0, 0.71, 0.0, 0.79, 0.36, 0.37, 0.0, 1.0], [0.2, 25.0, 0.0, 0.0])
(81392376, [2.0, 0.58, 0.0, 0.62, 0.0, 3.6, 0.0, 2.42, 0.0, 0.0], [0.0, 0.71, 0.0, 0.79, 0.36, 0.37, 0.0, 1.0], [0.2, 25.0, 0.0, 0.0])
(81492322, [2.0, 0.58, 0.0, 0.62, 0.0, 3.6, 0.0, 2.44, 0.0, 0.0], [0.0, 0.71, 0.0, 0.79, 0.36, 0.37, 0.0, 1.0], [0.2, 25.0, 0.0, 0.0])
(81592343, [2.0, 0.58, 0.0, 0.62, 0.0, 3.6, 0.0, 2.41, 0.0, 0.0], [0.0, 0.71, 0.0, 0.79, 0.36, 0.37, 0.0, 1.0], [0.2, 25.0, 0.0, 0.0])
(81692358, [2.0, 0.58, 0.0, 0.62, 0.0, 3.6, 0.0, 2.45, 0.0, 0.0], [0.0, 0.71, 0.0, 0.79, 0.36, 0.37, 0.0, 1.0], [0.2, 25.0, 0.0, 0.0])
(81792617, [2.0, 0.58, 0.0, 0.62, 0.0, 3.6, 0.0, 2.43, 0.0, 0.0], [0.0, 0.7, 0.0, 0.79, 0.36, 0.37, 0.0, 1.0], [0.2, 25.0, 0.0, 0.0])
(81892713, [2.0, 0.58, 0.0, 0.62, 0.0, 3.6, 0.0, 2.45, 0.0, 0.0], [0.0, 0.7, 0.0, 0.79, 0.37, 0.38, 0.0, 1.0], [0.2, 25.0, 0.0, 0.0])
(81992948, [2.0, 0.58, 0.0, 0.62, 0.0, 3.6, 0.0, 2.44, 0.0, 0.0], [0.0, 0.71, 0.0, 0.8, 0.37, 0.38, 0.0, 1.0], [0.2, 25.0, 0.0, 0.0])
(82092325, [2.0, 0.58, 0.0, 0.61, 0.0, 3.6, 0.0, 2.44, 0.0, 0.0], [0.0, 0.71, 0.0, 0.8, 0.37, 0.38, 0.0, 1.0], [0.2, 25.0, 0.0, 0.0])
(82192935, [2.0, 0.58, 0.0, 0.62, 0.0, 3.6, 0.0, 2.41, 0.0, 0.0], [0.0, 0.7, 0.0, 0.8, 0.37, 0.38, 0.0, 1.0], [0.2, 25.0, 0.0, 0.0])
(82292510, [2.0, 0.58, 0.0, 0.62, 0.0, 3.6, 0.0, 2.45, 0.0, 0.0], [0.0, 0.7, 0.0, 0.8, 0.37, 0.38, 0.0, 1.0], [0.2, 25.0, 0.0, 0.0])
(82393382, [2.0, 0.58, 0.0, 0.62, 0.0, 3.6, 0.0, 2.46, 0.0, 0.0], [0.0, 0.7, 0.0, 0.8, 0.37, 0.38, 0.0, 1.0], [0.2, 25.0, 0.0, 0.0])
(82492469, [2.0, 0.58, 0.0, 0.62, 0.0, 3.6, 0.0, 2.46, 0.0, 0.0], [0.0, 0.7, 0.0, 0.8, 0.37, 0.38, 0.0, 1.0], [0.2, 25.0, 0.0, 0.0])
(82592856, [2.0, 0.58, 0.0, 0.62, 0.0, 3.6, 0.0, 2.46, 0.0, 0.0], [0.0, 0.7, 0.0, 0.8, 0.38, 0.38, 0.0, 1.0], [0.2, 25.0, 0.0, 0.0])
(82692797, [2.0, 0.57, 0.0, 0.62, 0.0, 3.6, 0.0, 2.44, 0.0, 0.0], [0.0, 0.7, 0.0, 0.8, 0.37, 0.38, 0.0, 1.0], [0.2, 25.0, 0.0, 0.0])
(82792456, [2.0, 0.58, 0.0, 0.62, 0.0, 3.6, 0.0, 2.42, 0.0, 0.0], [0.0, 0.7, 0.0, 0.8, 0.38, 0.39, 0.0, 1.0], [0.2, 25.0, 0.0, 0.0])
(82892504, [2.0, 0.58, 0.0, 0.62, 0.0, 3.6, 0.0, 2.45, 0.0, 0.0], [0.0, 0.69, 0.0, 0.8, 0.38, 0.39, 0.0, 1.0], [0.2, 25.0, 0.0, 0.0])
(82992460, [2.0, 0.58, 0.0, 0.62, 0.0, 3.6, 0.0, 2.45, 0.0, 0.0], [0.0, 0.69, 0.0, 0.81, 0.37, 0.38, 0.0, 1.0], [0.2, 25.0, 0.0, 0.0])
(83092456, [2.0, 0.58, 0.0, 0.62, 0.0, 0.67, 0.0, 2.43, 0.0, 0.0], [0.0, 0.69, 0.0, 0.81, 0.37, 0.38, 0.0, 1.0], [0.2, 25.0, 0.0, 0.0])
(83192469, [2.0, 0.58, 0.0, 0.62, 0.0, 0.67, 0.0, 2.4, 0.0, 0.0], [0.0, 0.69, 0.0, 0.82, 0.35, 0.36, 0.0, 1.0], [0.2, 25.0, 0.0, 0.0])
(83292383, [2.0, 0.58, 0.0, 0.62, 0.0, 3.6, 0.0, 2.46, 0.0, 0.0], [0.0, 0.69, 0.0, 0.85, 0.4, 0.41, 0.0, 1.0], [0.2, 25.0, 0.0, 0.0])
(83392578, [2.0, 0.58, 0.0, 0.62, 0.0, 3.6, 0.0, 2.46, 0.0, 0.0], [0.0, 0.68, 0.0, 0.83, 0.36, 0.37, 0.0, 1.0], [0.2, 25.0, 0.0, 0.0])
(113594872, [2.0, 0.58, 0.0, 0.62, 0.0, 0.63, 0.0, 2.48, 0.0, 0.0], [0.0, 0.74, 0.0, 0.74, 0.44, 0.45, 0.0, 1.0], [0.2, 25.0, 0.0, 0.0])
(113694928, [2.0, 0.58, 0.0, 0.62, 0.0, 3.6, 0.0, 2.45, 0.0, 0.0], [0.0, 0.73, 0.0, 0.73, 0.43, 0.44, 0.0, 1.0], [0.2, 25.0, 0.0, 0.0])
(113794894, [2.0, 0.58, 0.0, 0.62, 0.0, 0.65, 0.0, 2.45, 0.0, 0.0], [0.0, 0.73, 0.0, 0.73, 0.44, 0.45, 0.0, 1.0], [0.2, 25.0, 0.0, 0.0])
(113894941, [2.0, 0.58, 0.0, 0.62, 0.0, 0.65, 0.0, 2.43, 0.0, 0.0], [0.0, 0.73, 0.0, 0.73, 0.43, 0.45, 0.0, 1.0], [0.2, 25.0, 0.0, 0.0])
(113995015, [2.0, 0.58, 0.0, 0.62, 0.0, 3.6, 0.0, 2.43, 0.0, 0.0], [0.0, 0.73, 0.0, 0.73, 0.44, 0.45, 0.0, 1.0], [0.2, 25.0, 0.0, 0.0])
(114094954, [2.0, 0.58, 0.0, 0.62, 0.0, 3.6, 0.0, 2.45, 0.0, 0.0], [0.0, 0.73, 0.0, 0.73, 0.44, 0.45, 0.0, 1.0], [0.2, 25.0, 0.0, 0.0])
(114195093, [2.0, 0.58, 0.0, 0.62, 0.0, 3.6, 0.0, 2.43, 0.0, 0.0], [0.0, 0.73, 0.0, 0.74, 0.44, 0.45, 0.0, 1.0], [0.2, 25.0, 0.0, 0.0])
(114294928, [2.0, 0.58, 0.0, 0.62, 0.0, 3.6, 0.0, 2.45, 0.0, 0.0], [0.0, 0.73, 0.0, 0.73, 0.43, 0.44, 0.0, 1.0], [0.2, 25.0, 0.0, 0.0])
(114395051, [2.0, 0.58, 0.0, 0.62, 0.0, 3.6, 0.0, 2.42, 0.0, 0.0], [0.0, 0.73, 0.0, 0.73, 0.43, 0.44, 0.0, 1.0], [0.2, 25.0, 0.0, 0.0])
(114494967, [2.0, 0.58, 0.0, 0.62, 0.0, 3.6, 0.0, 2.44, 0.0, 0.0], [0.0, 0.73, 0.0, 0.73, 0.43, 0.44, 0.0, 1.0], [0.2, 25.0, 0.0, 0.0])
(114595108, [2.0, 0.58, 0.0, 0.62, 0.0, 0.62, 0.0, 2.42, 0.0, 0.0], [0.0, 0.73, 0.0, 0.74, 0.43, 0.44, 0.0, 1.0], [0.2, 25.0, 0.0, 0.0])
(114694944, [2.0, 0.58, 0.0, 0.62, 0.0, 0.66, 0.0, 2.41, 0.0, 0.0], [0.0, 0.73, 0.0, 0.74, 0.43, 0.45, 0.0, 1.0], [0.2, 25.0, 0.0, 0.0])
(114794959, [2.0, 0.58, 0.0, 0.62, 0.0, 0.66, 0.0, 2.41, 0.0, 0.0], [0.0, 0.73, 0.0, 0.73, 0.43, 0.44, 0.0, 1.0], [0.2, 25.0, 0.0, 0.0])
(114894954, [2.0, 0.58, 0.0, 0.62, 0.0, 3.6, 0.0, 2.42, 0.0, 0.0], [0.0, 0.72, 0.0, 0.74, 0.43, 0.44, 0.0, 1.0], [0.2, 25.0, 0.0, 0.0])
(114994939, [2.0, 0.58, 0.0, 0.62, 0.0, 3.6, 0.0, 2.44, 0.0, 0.0], [0.0, 0.73, 0.0, 0.74, 0.44, 0.45, 0.0, 1.0], [0.2, 25.0, 0.0, 0.0])
(115094951, [2.0, 0.58, 0.0, 0.62, 0.0, 3.6, 0.0, 2.46, 0.0, 0.0], [0.0, 0.73, 0.0, 0.74, 0.44, 0.45, 0.0, 1.0], [0.2, 25.0, 0.0, 0.0])
(115194837, [2.0, 0.58, 0.0, 0.62, 0.0, 3.6, 0.0, 2.41, 0.0, 0.0], [0.0, 0.72, 0.0, 0.74, 0.44, 0.45, 0.0, 1.0], [0.2, 25.0, 0.0, 0.0])
(115295892, [2.0, 0.58, 0.0, 0.62, 0.0, 3.6, 0.0, 2.4, 0.0, 0.0], [0.0, 0.72, 0.0, 0.73, 0.44, 0.45, 0.0, 1.0], [0.2, 25.0, 0.0, 0.0])
(115395323, [2.0, 0.58, 0.0, 0.62, 0.0, 3.6, 0.0, 2.41, 0.0, 0.0], [0.0, 0.72, 0.0, 0.74, 0.44, 0.45, 0.0, 1.0], [0.2, 25.0, 0.0, 0.0])
(115494925, [2.0, 0.58, 0.0, 0.62, 0.0, 0.65, 0.0, 2.43, 0.0, 0.0], [0.0, 0.73, 0.0, 0.74, 0.44, 0.45, 0.0, 1.0], [0.2, 25.0, 0.0, 0.0])
(115594852, [2.0, 0.57, 0.0, 0.62, 0.0, 0.65, 0.0, 2.46, 0.0, 0.0], [0.0, 0.73, 0.0, 0.74, 0.44, 0.45, 0.0, 1.0], [0.2, 25.0, 0.0, 0.0])
(115694979, [2.0, 0.58, 0.0, 0.62, 0.0, 3.6, 0.0, 2.45, 0.0, 0.0], [0.0, 0.73, 0.0, 0.74, 0.43, 0.44, 0.0, 1.0], [0.2, 25.0, 0.0, 0.0])
(115795026, [2.0, 0.58, 0.0, 0.62, 0.0, 3.6, 0.0, 2.42, 0.0, 0.0], [0.0, 0.73, 0.0, 0.73, 0.43, 0.44, 0.0, 1.0], [0.2, 25.0, 0.0, 0.0])
(115895025, [2.0, 0.58, 0.0, 0.62, 0.0, 3.6, 0.0, 2.45, 0.0, 0.0], [0.0, 0.73, 0.0, 0.73, 0.43, 0.44, 0.0, 1.0], [0.2, 25.0, 0.0, 0.0])
(115994967, [2.0, 0.58, 0.0, 0.62, 0.0, 3.6, 0.0, 2.46, 0.0, 0.0], [0.0, 0.72, 0.0, 0.72, 0.45, 0.46, 0.0, 1.0], [0.2, 25.0, 0.0, 0.0])
(116095097, [2.0, 0.58, 0.0, 0.62, 0.0, 3.6, 0.0, 2.41, 0.0, 0.0], [0.0, 0.72, 0.0, 0.72, 0.44, 0.45, 0.0, 1.0], [0.2, 25.0, 0.0, 0.0])
(116195380, [2.0, 0.58, 0.0, 0.62, 0.0, 3.6, 0.0, 2.46, 0.0, 0.0], [0.0, 0.72, 0.0, 0.74, 0.41, 0.42, 0.0, 1.0], [0.2, 25.0, 0.0, 0.0])
(116294967, [2.0, 0.58, 0.0, 0.62, 0.0, 3.6, 0.0, 2.44, 0.0, 0.0], [0.0, 0.71, 0.0, 0.75, 0.42, 0.43, 0.0, 1.0], [0.2, 25.0, 0.0, 0.0])
(116395955, [2.0, 0.58, 0.0, 0.62, 0.0, 3.6, 0.0, 2.45, 0.0, 0.0], [0.0, 0.73, 0.0, 0.74, 0.42, 0.43, 0.0, 1.0], [0.2, 25.0, 0.0, 0.0])
(116496015, [2.0, 0.58, 0.0, 0.62, 0.0, 3.6, 0.0, 2.45, 0.0, 0.0], [0.0, 0.72, 0.0, 0.74, 0.41, 0.42, 0.0, 1.0], [0.2, 25.0, 0.0, 0.0])
(116595659, [2.0, 0.58, 0.0, 0.62, 0.0, 3.6, 0.0, 2.43, 0.0, 0.0], [0.0, 0.72, 0.0, 0.71, 0.43, 0.44, 0.0, 1.0], [0.2, 25.0, 0.0, 0.0])
(116695890, [2.0, 0.58, 0.0, 0.62, 0.0, 0.64, 0.0, 2.45, 0.0, 0.0], [0.0, 0.71, 0.0, 0.7, 0.43, 0.44, 0.0, 1.0], [0.2, 25.0, 0.0, 0.0])
(116795655, [2.0, 0.58, 0.0, 0.62, 0.0, 0.64, 0.0, 2.45, 0.0, 0.0], [0.0, 0.73, 0.0, 0.69, 0.44, 0.45, 0.0, 1.0], [0.2, 25.0, 0.0, 0.0])
(116895733, [2.0, 0.58, 0.0, 0.62, 0.0, 3.6, 0.0, 2.42, 0.0, 0.0], [0.0, 0.73, 0.0, 0.69, 0.43, 0.44, 0.0, 1.0], [0.2, 25.0, 0.0, 0.0])
(116996408, [2.0, 0.58, 0.0, 0.62, 0.0, 3.6, 0.0, 2.44, 0.0, 0.0], [0.0, 0.73, 0.0, 0.7, 0.43, 0.44, 0.0, 1.0], [0.2, 25.0, 0.0, 0.0])
(117096224, [2.0, 0.58, 0.0, 0.62, 0.0, 3.6, 0.0, 2.44, 0.0, 0.0], [0.0, 0.74, 0.0, 0.69, 0.43, 0.44, 0.0, 1.0], [0.2, 25.0, 0.0, 0.0])
(117195656, [2.0, 0.58, 0.0, 0.62, 0.0, 3.6, 0.0, 2.45, 0.0, 0.0], [0.0, 0.73, 0.0, 0.67, 0.44, 0.45, 0.0, 1.0], [0.2, 25.0, 0.0, 0.0])
(117295732, [2.0, 0.58, 0.0, 0.62, 0.0, 3.6, 0.0, 2.45, 0.0, 0.0], [0.0, 0.73, 0.0, 0.68, 0.44, 0.45, 0.0, 1.0], [0.2, 25.0, 0.0, 0.0])
(117396033, [2.0, 0.58, 0.0, 0.62, 0.0, 3.6, 0.0, 2.43, 0.0, 0.0], [0.0, 0.74, 0.0, 0.68, 0.45, 0.46, 0.0, 1.0], [0.2, 25.0, 0.0, 0.0])
(117495877, [2.0, 0.58, 0.0, 0.62, 0.0, 3.6, 0.0, 2.47, 0.0, 0.0], [0.0, 0.74, 0.0, 0.69, 0.44, 0.45, 0.0, 1.0], [0.2, 25.0, 0.0, 0.0])
(117595854, [2.0, 0.58, 0.0, 0.62, 0.0, 3.6, 0.0, 2.44, 0.0, 0.0], [0.0, 0.74, 0.0, 0.69, 0.44, 0.45, 0.0, 1.0], [0.2, 25.0, 0.0, 0.0])
(117695878, [2.0, 0.57, 0.0, 0.62, 0.0, 0.68, 0.0, 2.44, 0.0, 0.0], [0.0, 0.75, 0.0, 0.69, 0.46, 0.47, 0.0, 1.0], [0.2, 25.0, 0.0, 0.0])
(117795858, [2.0, 0.58, 0.0, 0.62, 0.0, 0.68, 0.0, 2.44, 0.0, 0.0], [0.0, 0.75, 0.0, 0.68, 0.43, 0.44, 0.0, 1.0], [0.2, 25.0, 0.0, 0.0])
(117896009, [2.0, 0.57, 0.0, 0.62, 0.0, 3.6, 0.0, 2.45, 0.0, 0.0], [0.0, 0.75, 0.0, 0.7, 0.45, 0.46, 0.0, 1.0], [0.2, 25.0, 0.0, 0.0])
(117995845, [2.0, 0.58, 0.0, 0.62, 0.0, 3.6, 0.0, 2.44, 0.0, 0.0], [0.0, 0.76, 0.0, 0.69, 0.44, 0.45, 0.0, 1.0], [0.2, 25.0, 0.0, 0.0])
(118095894, [2.0, 0.58, 0.0, 0.62, 0.0, 3.6, 0.0, 2.46, 0.0, 0.0], [0.0, 0.76, 0.0, 0.68, 0.44, 0.45, 0.0, 1.0], [0.2, 25.0, 0.0, 0.0])
(118195706, [2.0, 0.57, 0.0, 0.62, 0.0, 3.6, 0.0, 2.42, 0.0, 0.0], [0.0, 0.76, 0.0, 0.69, 0.44, 0.46, 0.0, 1.0], [0.2, 25.0, 0.0, 0.0])
(118295689, [2.0, 0.58, 0.0, 0.62, 0.0, 3.6, 0.0, 2.46, 0.0, 0.0], [0.0, 0.76, 0.0, 0.68, 0.46, 0.47, 0.0, 1.0], [0.2, 25.0, 0.0, 0.0])
(118395841, [2.0, 0.58, 0.0, 0.62, 0.0, 3.6, 0.0, 2.44, 0.0, 0.0], [0.0, 0.76, 0.0, 0.69, 0.44, 0.45, 0.0, 1.0], [0.2, 25.0, 0.0, 0.0])
(118495714, [2.0, 0.58, 0.0, 0.62, 0.0, 3.6, 0.0, 2.44, 0.0, 0.0], [0.0, 0.76, 0.0, 0.69, 0.45, 0.46, 0.0, 1.0], [0.2, 25.0, 0.0, 0.0])
(118595736, [2.0, 0.58, 0.0, 0.62, 0.0, 3.6, 0.0, 2.43, 0.0, 0.0], [0.0, 0.76, 0.0, 0.68, 0.46, 0.47, 0.0, 1.0], [0.2, 25.0, 0.0, 0.0])
(118695899, [2.0, 0.58, 0.0, 0.62, 0.0, 3.6, 0.0, 2.43, 0.0, 0.0], [0.0, 0.74, 0.0, 0.67, 0.46, 0.45, 0.0, 1.0], [0.2, 25.0, 0.0, 0.0])
(118795723, [2.0, 0.58, 0.0, 0.62, 0.0, 3.6, 0.0, 2.44, 0.0, 0.0], [0.0, 0.74, 0.0, 0.72, 0.46, 0.43, 0.0, 1.0], [0.2, 25.0, 0.0, 0.0])
(118895739, [2.0, 0.58, 0.0, 0.62, 0.0, 3.6, 0.0, 2.44, 0.0, 0.0], [0.0, 0.74, 0.0, 0.76, 0.46, 0.41, 0.0, 1.0], [0.2, 25.0, 0.0, 0.0])
(118995917, [2.0, 0.58, 0.0, 0.62, 0.0, 0.66, 0.0, 2.44, 0.0, 0.0], [0.0, 0.7, 0.0, 0.82, 0.46, 0.34, 0.0, 1.0], [0.2, 25.0, 0.0, 0.0])
(119095921, [2.0, 0.58, 0.0, 0.62, 0.0, 0.66, 0.0, 2.43, 0.0, 0.0], [0.0, 0.77, 0.0, 0.73, 0.46, 359.87, 0.01, 1.0], [0.2, 25.0, 0.0, 0.0])
(119195844, [2.0, 0.57, 0.0, 0.61, 0.0, 3.6, 0.0, 2.46, 0.0, 0.0], [-1.04, 0.75, 0.96, 0.79, 0.46, 359.06, 0.01, 1.0], [0.2, 25.0, 0.0, 0.0])
(119295914, [2.0, 0.57, 0.0, 0.62, 0.0, 3.6, 0.0, 2.45, 0.0, 0.0], [-1.51, 0.7, 1.62, 0.82, 0.46, 358.19, 0.01, 1.0], [0.2, 25.0, 0.0, 0.0])
(119395890, [2.0, 0.57, 0.0, 0.62, 0.0, 3.6, 0.0, 2.44, 0.0, 0.0], [-1.73, 0.77, 1.95, 0.88, 0.46, 357.5, 0.01, 1.0], [0.2, 25.0, 0.0, 0.0])
(119495894, [2.0, 0.57, 0.0, 0.62, 0.0, 3.6, 0.0, 2.47, 0.0, 0.0], [-1.84, 0.66, 2.11, 0.81, 0.46, 357.11, 0.01, 1.0], [0.2, 25.0, 0.0, 0.0])
(119595898, [2.0, 0.56, 0.0, 0.61, 0.0, 3.6, 0.0, 2.46, 0.0, 0.0], [-1.89, 0.78, 2.2, 0.76, 0.46, 356.7, 0.01, 1.0], [0.2, 25.0, 0.0, 0.0])
(119696184, [2.0, 0.56, 0.0, 0.62, 0.0, 3.6, 0.0, 2.46, 0.0, 0.0], [-1.91, 0.75, 2.24, 0.72, 0.46, 356.13, 0.01, 1.0], [0.2, 25.0, 0.0, 0.0])
(119796208, [2.0, 0.56, 0.0, 0.61, 0.0, 3.6, 0.0, 2.46, 0.0, 0.0], [-1.92, 0.72, 2.27, 0.64, 0.46, 355.47, 0.01, 1.0], [0.2, 25.0, 0.0, 0.0])
(119896320, [2.0, 0.56, 0.0, 0.62, 0.0, 3.6, 0.0, 2.48, 0.0, 0.0], [-1.93, 0.74, 2.28, 0.08, 0.46, 354.78, 0.01, 1.0], [0.2, 25.0, 0.0, 0.0])
(119996009, [2.0, 0.55, 0.0, 0.61, 0.0, 3.6, 0.0, 2.46, 0.0, 0.0], [-1.93, 0.8, 2.29, -0.9, 0.46, 354.21, 0.01, 1.0], [0.2, 25.0, 0.0, 0.0])
(120096162, [2.0, 0.55, 0.0, 0.62, 0.0, 3.6, 0.0, 2.46, 0.0, 0.0], [-1.92, 0.63, 2.3, -1.86, 0.46, 353.83, 0.02, 1.0], [0.2, 25.0, 0.0, 0.0])
(120196050, [2.0, 0.54, 0.0, 0.62, 0.0, 3.6, 0.0, 2.47, 0.0, 0.0], [-1.9, 0.1, 2.31, -2.28, 0.46, 353.76, 0.02, 1.0], [0.2, 25.0, 0.0, 0.0])
(120296078, [2.0, 0.54, 0.0, 0.62, 0.0, 3.6, 0.0, 2.47, 0.0, 0.0], [-1.89, -0.47, 2.33, -2.29, 0.46, 353.87, 0.02, 1.0], [0.2, 25.0, 0.0, 0.0])
(120396166, [2.0, 0.51, 0.0, 0.62, 0.0, 3.6, 0.0, 2.43, 0.0, 0.0], [-1.86, -0.96, 2.35, -1.66, 0.46, 354.0, 0.02, 1.0], [0.2, 25.0, 0.0, 0.0])
(120496583, [2.0, 0.49, 0.0, 0.62, 0.0, 3.6, 0.0, 2.47, 0.0, 0.0], [-1.82, -0.77, 2.38, -1.15, 0.46, 354.09, 0.03, 1.0], [0.2, 25.0, 0.0, 0.0])
(120595979, [2.0, 0.48, 0.0, 0.63, 0.0, 3.6, 0.0, 2.48, 0.0, 0.0], [-1.78, -0.48, 2.41, -0.57, 0.46, 354.11, 0.03, 1.0], [0.2, 25.0, 0.0, 0.0])
(120696341, [2.0, 0.44, 0.0, 0.63, 0.0, 3.6, 0.0, 2.47, 0.0, 0.0], [-1.72, -0.19, 2.46, -0.54, 0.46, 354.17, 0.03, 1.0], [0.2, 25.0, 0.0, 0.0])
(120796182, [2.0, 0.41, 0.0, 0.64, 0.0, 3.6, 0.0, 2.44, 0.0, 0.0], [-1.64, -0.14, 2.51, -0.72, 0.46, 354.14, 0.03, 1.0], [0.2, 25.0, 0.0, 0.0])
(120896188, [2.0, 0.37, 0.0, 0.65, 0.0, 3.6, 0.0, 2.45, 0.0, 0.0], [-1.57, -0.39, 2.56, -0.9, 0.46, 354.06, 0.03, 1.0], [0.2, 25.0, 0.0, 0.0])
(120996175, [2.0, 0.34, 0.0, 0.65, 0.0, 3.6, 0.0, 2.42, 0.0, 0.0], [-1.48, -0.11, 2.61, -0.93, 0.46, 353.99, 0.03, 1.0], [0.2, 25.0, 0.0, 0.0])
(121096162, [2.0, 0.28, 0.0, 0.66, 0.0, 3.6, 0.0, 2.41, 0.0, 0.0], [-1.39, 0.15, 2.66, -1.12, 0.46, 354.02, 0.03, 1.0], [0.2, 25.0, 0.0, 0.0])
(121196181, [2.0, 0.26, 0.0, 0.66, 0.0, 3.6, 0.0, 2.44, 0.0, 0.0], [-1.31, 0.29, 2.7, -1.19, 0.46, 354.19, 0.03, 1.0], [0.2, 25.0, 0.0, 0.0])
(121296115, [2.0, 0.2, 0.0, 0.67, 0.0, 3.6, 0.0, 2.39, 0.0, 0.0], [-1.22, 0.82, 2.74, -2.84, 0.46, 351.76, 0.09, 1.0], [0.2, 25.0, 0.0, 0.0])
(121396170, [2.0, 0.19, 0.0, 0.68, 0.0, 3.6, 0.0, 2.43, 0.0, 0.0], [-1.15, 0.89, 2.78, -3.75, 0.46, 350.17, 0.09, 1.0], [0.2, 25.0, 0.0, 0.0])
(121496189, [2.0, 0.19, 0.0, 0.68, 0.0, 3.6, 0.0, 2.44, 0.0, 0.0], [-1.11, 0.81, 2.79, -3.26, 0.46, 349.01, 0.07, 1.0], [0.2, 25.0, 0.0, 0.0])
(121596233, [2.0, 0.19, 0.0, 0.68, 0.0, 3.6, 0.0, 2.44, 0.0, 0.0], [-1.09, 1.14, 2.81, -3.88, 0.46, 348.16, 0.07, 1.0], [0.2, 25.0, 0.0, 0.0])
(121696146, [2.0, 0.18, 0.0, 0.68, 0.0, 3.6, 0.0, 3.6, 0.0, 0.0], [-1.07, 0.95, 2.81, -3.87, 0.46, 347.61, 0.06, 1.0], [0.2, 25.0, 0.0, 0.0])
(121796172, [2.0, 0.19, 0.0, 0.68, 0.0, 3.6, 0.0, 3.6, 0.0, 0.0], [-1.07, 1.33, 2.81, -3.82, 0.46, 348.51, 0.06, 1.0], [0.2, 25.0, 0.0, 0.0])
(121896523, [2.0, 0.19, 0.0, 0.67, 0.0, 3.6, 0.0, 2.47, 0.0, 0.0], [-1.07, 1.45, 2.81, -3.48, 0.46, 349.6, 0.06, 1.0], [0.2, 25.0, 0.0, 0.0])
(121996013, [2.0, 0.19, 0.0, 0.68, 0.0, 3.6, 0.0, 2.44, 0.0, 0.0], [-1.08, 1.47, 2.81, -3.3, 0.46, 350.47, 0.06, 1.0], [0.21, 25.0, 0.0, 0.0])
(122096150, [2.0, 0.19, 0.0, 0.68, 0.0, 3.6, 0.0, 2.45, 0.0, 0.0], [-1.08, 1.79, 2.81, -3.62, 0.46, 350.59, 0.06, 1.0], [0.23, 25.0, 0.0, 0.0])
(122196658, [2.0, 0.19, 0.0, 0.68, 0.0, 3.6, 0.0, 2.45, 0.0, 0.0], [-1.07, 1.92, 2.81, -3.85, 0.46, 351.31, 0.06, 1.0], [0.24, 25.0, 0.0, 0.0])
(122296016, [2.0, 0.19, 0.0, 0.67, 0.0, 3.6, 0.0, 2.39, 0.0, 0.0], [-1.08, 1.83, 2.81, -4.09, 0.46, 351.98, 0.05, 1.0], [0.26, 25.0, 0.0, 0.0])
(122396187, [2.0, 0.19, 0.0, 0.67, 0.0, 3.6, 0.0, 2.44, 0.0, 0.0], [-1.09, 1.33, 2.81, -3.67, 0.46, 352.34, 0.05, 1.0], [0.27, 25.0, 0.0, 0.0])
(122496864, [2.0, 0.19, 0.0, 0.67, 0.0, 3.6, 0.0, 2.39, 0.0, 0.0], [-1.09, 1.63, 2.8, -3.33, 0.46, 352.7, 0.04, 1.0], [0.28, 25.0, 0.0, 0.0])
(122596006, [2.0, 0.19, 0.0, 0.67, 0.0, 3.6, 0.0, 2.43, 0.0, 0.0], [-1.1, 1.59, 2.8, -2.84, 0.46, 352.83, 0.04, 1.0], [0.3, 25.0, 0.0, 0.0])
(122696154, [2.0, 0.2, 0.0, 0.67, 0.0, 3.6, 0.0, 2.39, 0.0, 0.0], [-1.1, 0.88, 2.8, -2.25, 0.46, 353.12, 0.04, 1.0], [0.32, 25.0, 0.0, 0.0])
(122796365, [2.0, 0.19, 0.0, 0.66, 0.0, 3.6, 0.0, 2.38, 0.0, 0.0], [-1.11, 0.74, 2.8, -2.12, 0.46, 353.03, 0.04, 1.0], [0.33, 25.0, 0.0, 0.0])
(122896189, [2.0, 0.19, 0.0, 0.66, 0.0, 3.6, 0.0, 2.37, 0.0, 0.0], [-1.12, 0.44, 2.79, -1.97, 0.46, 352.94, 0.04, 1.0], [0.34, 25.0, 0.0, 0.0])
(122996175, [2.0, 0.2, 0.0, 0.66, 0.0, 3.6, 0.0, 2.38, 0.0, 0.0], [-1.12, 0.26, 2.79, -1.28, 0.46, 353.31, 0.04, 1.0], [0.36, 25.0, 0.0, 0.0])
(123096180, [2.0, 0.2, 0.0, 0.66, 0.0, 3.6, 0.0, 2.41, 0.0, 0.0], [-1.13, 0.17, 2.79, -0.81, 0.46, 353.56, 0.03, 1.0], [0.37, 25.0, 0.0, 0.0])
(123196176, [2.0, 0.2, 0.0, 0.65, 0.0, 3.6, 0.0, 2.41, 0.0, 0.0], [-1.15, -0.37, 2.78, -0.01, 0.46, 353.66, 0.03, 1.0], [0.38, 25.0, 0.0, 0.0])
(123296225, [2.0, 0.2, 0.0, 0.65, 0.0, 3.6, 0.0, 2.44, 0.0, 0.0], [-1.16, -1.02, 2.78, 1.12, 0.46, 353.6, 0.03, 1.0], [0.4, 25.0, 0.0, 0.0])
(123396157, [2.0, 0.2, 0.0, 0.65, 0.0, 3.6, 0.0, 2.4, 0.0, 0.0], [-1.16, -0.96, 2.78, 2.28, 0.46, 353.78, 0.03, 1.0], [0.41, 25.0, 0.0, 0.0])
(123496170, [2.0, 0.2, 0.0, 0.65, 0.0, 3.6, 0.0, 2.43, 0.0, 0.0], [-1.16, -0.69, 2.77, 2.84, 0.46, 353.7, 0.04, 1.0], [0.42, 25.0, 0.0, 0.0])
(123596054, [2.0, 0.2, 0.0, 0.65, 0.0, 3.6, 0.0, 2.42, 0.0, 0.0], [-1.17, -0.3, 2.77, 2.83, 0.46, 353.96, 0.04, 1.0], [0.44, 25.0, 0.0, 0.0])
(123695979, [2.0, 0.2, 0.0, 0.65, 0.0, 3.6, 0.0, 2.4, 0.0, 0.0], [-1.17, -0.66, 2.77, 2.69, 0.46, 353.61, 0.03, 1.0], [0.45, 25.0, 0.0, 0.0])
(123796379, [2.0, 0.2, 0.0, 0.64, 0.0, 3.6, 0.0, 2.41, 0.0, 0.0], [-1.17, -1.13, 2.77, 2.46, 0.46, 353.24, 0.03, 1.0], [0.45, 25.0, 0.0, 0.0])
(123896040, [2.0, 0.21, 0.0, 0.64, 0.0, 3.6, 0.0, 2.41, 0.0, 0.0], [-1.19, -1.68, 2.76, 2.69, 0.46, 352.9, 0.04, 1.0], [0.47, 25.0, 0.0, 0.0])
(123996081, [2.0, 0.2, 0.0, 0.64, 0.0, 3.6, 0.0, 2.44, 0.0, 0.0], [-1.19, -1.9, 2.76, 3.2, 0.46, 352.75, 0.04, 1.0], [0.48, 25.0, 0.0, 0.0])
(124096194, [2.0, 0.21, 0.0, 0.64, 0.0, 3.6, 0.0, 2.4, 0.0, 0.0], [-1.2, -1.45, 2.76, 3.06, 0.46, 352.83, 0.04, 1.0], [0.48, 25.0, 0.0, 0.0])
(124196222, [2.0, 0.21, 0.0, 0.64, 0.0, 3.6, 0.0, 2.38, 0.0, 0.0], [-1.2, -1.44, 2.76, 2.82, 0.46, 353.08, 0.04, 1.0], [0.5, 25.0, 0.0, 0.0])
(124296110, [2.0, 0.21, 0.0, 0.64, 0.0, 3.6, 0.0, 2.4, 0.0, 0.0], [-1.21, -1.36, 2.76, 2.57, 0.46, 353.65, 0.03, 1.0], [0.5, 25.0, 0.0, 0.0])
(124396141, [2.0, 0.21, 0.0, 0.64, 0.0, 3.6, 0.0, 2.4, 0.0, 0.0], [-1.21, -1.06, 2.76, 2.56, 0.46, 354.38, 0.03, 1.0], [0.5, 25.0, 0.0, 0.0])
(124496379, [2.0, 0.22, 0.0, 0.64, 0.0, 3.6, 0.0, 2.41, 0.0, 0.0], [-1.21, -1.12, 2.75, 2.84, 0.46, 355.13, 0.03, 1.0], [0.51, 25.0, 0.0, 0.0])
(124596227, [2.0, 0.22, 0.0, 0.64, 0.0, 3.6, 0.0, 2.37, 0.0, 0.0], [-1.22, -1.47, 2.75, 2.92, 0.46, 355.84, 0.03, 1.0], [0.52, 25.0, 0.0, 0.0])
(124696825, [2.0, 0.22, 0.0, 0.64, 0.0, 3.6, 0.0, 2.39, 0.0, 0.0], [-1.22, -1.38, 2.75, 3.32, 0.46, 356.54, 0.03, 1.0], [0.53, 25.0, 0.0, 0.0])
(124796167, [2.0, 0.22, 0.0, 0.65, 0.0, 3.6, 0.0, 2.39, 0.0, 0.0], [-1.22, -1.22, 2.75, 4.18, 0.46, 357.38, 0.03, 1.0], [0.52, 25.0, 0.0, 0.0])
(124896438, [2.0, 0.23, 0.0, 0.65, 0.0, 3.6, 0.0, 2.38, 0.0, 0.0], [-1.21, -1.26, 2.75, 4.63, 0.46, 358.21, 0.03, 1.0], [0.53, 25.0, 0.0, 0.0])
(124996190, [2.0, 0.23, 0.0, 0.65, 0.0, 3.6, 0.0, 2.38, 0.0, 0.0], [-1.21, -1.55, 2.76, 4.53, 0.46, 359.01, 0.02, 1.0], [0.54, 25.0, 0.0, 0.0])
(125098730, [2.0, 0.25, 0.0, 0.66, 0.0, 3.6, 0.0, 2.37, 0.0, 0.0], [-1.2, -1.99, 2.76, 4.54, 0.46, 359.97, 0.02, 1.0], [0.55, 25.0, 0.0, 0.0])
(125197844, [2.0, 0.26, 0.0, 0.66, 0.0, 3.6, 0.0, 2.36, 0.0, 0.0], [-1.21, -1.98, 2.76, 4.31, 0.46, 0.8, 0.02, 1.0], [0.54, 25.0, 0.0, 0.0])
(125297760, [2.0, 0.28, 0.0, 0.67, 0.0, 1.16, 0.0, 2.36, 0.0, 0.0], [-1.21, -2.17, 2.76, 3.73, 0.46, 1.5, 0.02, 1.0], [0.54, 25.0, 0.0, 0.0])
(125397828, [2.0, 0.29, 0.0, 0.68, 0.0, 1.12, 0.0, 2.32, 0.0, 0.0], [-1.21, -2.51, 2.76, 3.17, 0.46, 2.03, 0.03, 1.0], [0.55, 25.0, 0.0, 0.0])
(125497910, [2.0, 0.31, 0.0, 0.7, 0.0, 1.14, 0.0, 2.32, 0.0, 0.0], [-1.19, -2.92, 2.76, 3.11, 0.46, 2.22, 0.03, 1.0], [0.55, 25.0, 0.0, 0.0])
(125597800, [2.0, 0.32, 0.0, 0.71, 0.0, 1.14, 0.0, 2.32, 0.0, 0.0], [-1.17, -3.31, 2.77, 3.25, 0.46, 1.97, 0.02, 1.0], [0.55, 25.0, 0.0, 0.0])
(125697747, [2.0, 0.35, 0.0, 0.73, 0.0, 1.08, 0.0, 2.31, 0.0, 0.0], [-1.15, -3.48, 2.78, 3.25, 0.46, 1.66, 0.02, 1.0], [0.55, 25.0, 0.0, 0.0])
(125797876, [2.0, 0.36, 0.0, 0.75, 0.0, 1.05, 0.0, 2.27, 0.0, 0.0], [-1.12, -3.05, 2.8, 3.61, 0.46, 1.6, 0.03, 1.0], [0.55, 25.0, 0.0, 0.0])
(125897830, [2.0, 0.41, 0.0, 0.79, 0.0, 1.03, 0.0, 2.23, 0.0, 0.0], [-1.06, -2.81, 2.82, 4.05, 0.46, 1.62, 0.03, 1.0], [0.55, 25.0, 0.0, 0.0])
(125997771, [2.0, 0.43, 0.0, 0.81, 0.0, 1.0, 0.0, 2.2, 0.0, 0.0], [-1.0, -2.38, 2.84, 4.09, 0.46, 1.39, 0.03, 1.0], [0.55, 25.0, 0.0, 0.0])
(126097909, [2.0, 0.47, 0.0, 0.86, 0.0, 0.96, 0.0, 2.15, 0.0, 0.0], [-0.91, -2.21, 2.87, 3.55, 0.46, 0.74, 0.03, 1.0], [0.56, 25.0, 0.0, 0.0])
(126198090, [2.0, 0.49, 0.0, 0.89, 0.0, 0.93, 0.0, 2.13, 0.0, 0.0], [-0.82, -2.02, 2.9, 3.03, 0.46, 359.85, 0.03, 1.0], [0.55, 25.0, 0.0, 0.0])
(126297977, [2.0, 0.53, 0.0, 0.95, 0.0, 0.91, 0.0, 2.1, 0.0, 0.0], [-0.66, -2.61, 2.94, 2.78, 0.46, 358.64, 0.03, 1.0], [0.56, 25.0, 0.0, 0.0])
(126397942, [2.0, 0.56, 0.0, 0.98, 0.0, 0.89, 0.0, 2.05, 0.0, 0.0], [-0.44, -2.77, 2.98, 2.74, 0.46, 357.32, 0.02, 1.0], [0.55, 25.0, 0.0, 0.0])
(126497920, [2.0, 0.61, 0.0, 1.04, 0.0, 0.86, 0.0, 2.05, 0.0, 0.0], [-0.21, -2.37, 3.0, 2.92, 0.46, 355.7, 0.02, 1.0], [0.57, 25.0, 0.0, 0.0])
(126598030, [2.0, 0.64, 0.0, 1.08, 0.0, 0.85, 0.0, 1.96, 0.0, 0.0], [-0.09, -1.47, 3.01, 2.89, 0.46, 354.12, 0.02, 1.0], [0.56, 25.0, 0.0, 0.0])
(126697915, [2.0, 0.69, 0.0, 1.16, 0.0, 0.8, 0.0, 1.9, 0.0, 0.0], [-0.02, 0.13, 3.02, 2.22, 0.46, 352.71, 0.02, 1.0], [0.55, 25.0, 0.0, 0.0])
(126797924, [2.0, 0.75, 0.0, 1.19, 0.0, 0.78, 0.0, 1.87, 0.0, 0.0], [0.0, 0.43, 2.93, 2.19, 0.46, 351.39, 0.02, 1.0], [0.55, 25.0, 0.0, 0.0])
(126897970, [2.0, 0.77, 0.0, 1.27, 0.0, 0.38, 0.0, 1.78, 0.0, 0.0], [0.01, 0.47, 1.86, 1.0, 0.46, 350.23, 0.02, 1.0], [0.55, 25.0, 0.0, 0.0])
(126997760, [2.0, 0.82, 0.0, 1.32, 0.0, 0.33, 0.0, 1.74, 0.0, 0.0], [0.02, 0.25, -0.58, -1.8, 0.46, 349.32, 0.03, 1.0], [0.55, 25.0, 0.0, 0.0])
(127097890, [2.0, 0.84, 0.0, 1.39, 0.0, 0.31, 0.0, 1.7, 0.0, 0.0], [0.02, 0.85, -1.79, -3.26, 0.46, 348.63, 0.03, 1.0], [0.54, 25.0, 0.0, 0.0])
(127197890, [2.0, 0.88, 0.0, 1.43, 0.0, 0.3, 0.0, 1.59, 0.0, 0.0], [0.02, 1.69, -2.38, -2.95, 0.46, 348.02, 0.04, 1.0], [0.55, 25.0, 0.0, 0.0])
(127297765, [2.0, 0.89, 0.0, 1.5, 0.0, 0.29, 0.0, 1.53, 0.0, 0.0], [0.02, 2.22, -2.68, -2.34, 0.46, 347.63, 0.04, 1.0], [0.54, 25.0, 0.0, 0.0])
(127397791, [2.0, 0.91, 0.0, 1.54, 0.0, 0.29, 0.0, 1.49, 0.0, 0.0], [0.02, 2.72, -2.82, -1.39, 0.46, 347.43, 0.04, 1.0], [0.54, 25.0, 0.0, 0.0])
(127497871, [2.0, 0.9, 0.0, 1.58, 0.0, 0.29, 0.0, 1.43, 0.0, 0.0], [0.02, 2.7, -2.9, -0.42, 0.46, 347.48, 0.04, 1.0], [0.54, 25.0, 0.0, 0.0])
(127598329, [2.0, 0.9, 0.0, 1.66, 0.0, 0.3, 0.0, 1.42, 0.0, 0.0], [0.02, 2.21, -2.93, 0.06, 0.46, 347.72, 0.05, 1.0], [0.53, 25.0, 0.0, 0.0])
(127697774, [2.0, 0.9, 0.0, 1.67, 0.0, 0.31, 0.0, 1.39, 0.0, 0.0], [0.02, 1.77, -2.95, 0.65, 0.46, 347.91, 0.05, 1.0], [0.54, 25.0, 0.0, 0.0])
(127797905, [2.0, 0.9, 0.0, 1.7, 0.0, 0.31, 0.0, 1.37, 0.0, 0.0], [0.02, 1.22, -2.96, 0.7, 0.46, 347.87, 0.05, 1.0], [0.54, 25.0, 0.0, 0.0])
(127899085, [2.0, 0.91, 0.0, 1.71, 0.0, 0.32, 0.0, 1.35, 0.0, 0.0], [0.02, 0.28, -2.96, 0.78, 0.46, 347.63, 0.05, 1.0], [0.54, 25.0, 0.0, 0.0])
(127997927, [2.0, 0.91, 0.0, 1.75, 0.0, 0.33, 0.0, 1.35, 0.0, 0.0], [0.02, -0.35, -2.96, 0.85, 0.46, 347.57, 0.05, 1.0], [0.53, 25.0, 0.0, 0.0])
(128097914, [2.0, 0.92, 0.0, 1.76, 0.0, 0.33, 0.0, 1.34, 0.0, 0.0], [0.02, -0.35, -2.96, 0.32, 0.46, 347.66, 0.05, 1.0], [0.53, 25.0, 0.0, 0.0])
(128199125, [2.0, 0.94, 0.0, 1.78, 0.0, 0.34, 0.0, 1.32, 0.0, 0.0], [0.02, 0.05, -2.96, -0.09, 0.46, 348.01, 0.05, 1.0], [0.53, 25.0, 0.0, 0.0])
(128297892, [2.0, 0.95, 0.0, 1.8, 0.0, 0.35, 0.0, 1.3, 0.0, 0.0], [0.02, 0.86, -2.96, -0.1, 0.46, 348.41, 0.05, 1.0], [0.53, 25.0, 0.0, 0.0])
(128397894, [2.0, 0.93, 0.0, 1.8, 0.0, 0.36, 0.0, 1.28, 0.0, 0.0], [0.02, 0.95, -2.96, -0.45, 0.46, 348.6, 0.04, 1.0], [0.53, 25.0, 0.0, 0.0])
(128498048, [2.0, 1.03, 0.0, 1.81, 0.0, 0.37, 0.0, 1.29, 0.0, 0.0], [0.02, 0.21, -2.96, -0.78, 0.46, 348.78, 0.04, 1.0], [0.53, 25.0, 0.0, 0.0])
(128598956, [2.0, 1.26, 0.0, 1.84, 0.0, 0.38, 0.0, 1.26, 0.0, 0.0], [0.02, -0.64, -2.96, -1.86, 0.46, 349.14, 0.04, 1.0], [0.52, 25.0, 0.0, 0.0])
(128697921, [2.0, 1.26, 0.0, 1.83, 0.0, 0.39, 0.0, 1.25, 0.0, 0.0], [0.02, -1.44, -2.96, -2.41, 0.46, 350.16, 0.04, 1.0], [0.52, 25.0, 0.0, 0.0])
(128797939, [2.0, 3.6, 0.0, 1.86, 0.0, 0.42, 0.0, 1.22, 0.0, 0.0], [0.02, -1.66, -2.96, -1.36, 0.46, 352.09, 0.04, 1.0], [0.52, 25.0, 0.0, 0.0])
(128897823, [2.0, 3.6, 0.0, 1.85, 0.0, 0.44, 0.0, 1.19, 0.0, 0.0], [0.02, -0.99, -2.96, -1.14, 0.46, 354.59, 0.04, 1.0], [0.52, 25.0, 0.0, 0.0])
(128997736, [2.0, 3.6, 0.0, 1.87, 0.0, 0.46, 0.0, 1.15, 0.0, 0.0], [0.02, -0.15, -2.96, -0.84, 0.46, 356.8, 0.04, 1.0], [0.55, 25.0, 0.0, 0.0])
(129097861, [2.0, 0.79, 0.0, 1.9, 0.0, 0.48, 0.0, 1.13, 0.0, 0.0], [0.02, 0.49, -2.96, -0.51, 0.46, 358.1, 0.04, 1.0], [0.53, 25.0, 0.0, 0.0])
(129197926, [2.0, 0.83, 0.0, 1.91, 0.0, 0.53, 0.0, 1.09, 0.0, 0.0], [0.02, 1.41, -2.96, -0.61, 0.46, 358.64, 0.03, 1.0], [0.53, 25.0, 0.0, 0.0])
(129299900, [2.0, 0.83, 0.0, 1.96, 0.0, 0.55, 0.0, 1.08, 0.0, 0.0], [0.02, 2.21, -2.96, -1.51, 0.46, 358.64, 0.03, 1.0], [0.54, 25.0, 0.0, 0.0])
(129398825, [2.0, 1.8, 0.0, 1.95, 0.0, 0.6, 0.0, 1.07, 0.0, 0.0], [0.02, 2.68, -2.96, -2.82, 0.46, 358.5, 0.04, 1.0], [0.53, 25.0, 0.0, 0.0])
(129499050, [2.0, 1.78, 0.0, 1.98, 0.0, 0.62, 0.0, 1.06, 0.0, 0.0], [0.02, 2.7, -2.96, -3.19, 0.46, 358.54, 0.04, 1.0], [0.53, 25.0, 0.0, 0.0])
(129598913, [2.0, 1.77, 0.0, 1.97, 0.0, 0.66, 0.0, 1.04, 0.0, 0.0], [0.02, 1.88, -2.96, -2.56, 0.46, 358.65, 0.05, 1.0], [0.54, 25.0, 0.0, 0.0])
(129698919, [2.0, 1.7, 0.0, 1.98, 0.0, 0.7, 0.0, 1.04, 0.0, 0.0], [0.02, 0.81, -2.96, -1.6, 0.46, 358.31, 0.05, 1.0], [0.54, 25.0, 0.0, 0.0])
(129799036, [2.0, 1.66, 0.0, 1.96, 0.0, 0.75, 0.0, 1.03, 0.0, 0.0], [0.02, 1.01, -2.96, -1.53, 0.46, 357.87, 0.04, 1.0], [0.55, 25.0, 0.0, 0.0])
(129899150, [2.0, 1.6, 0.0, 1.96, 0.0, 0.82, 0.0, 1.03, 0.0, 0.0], [0.02, 0.89, -2.96, -2.09, 0.46, 357.15, 0.04, 1.0], [0.56, 25.0, 0.0, 0.0])
(129999008, [2.0, 1.56, 0.0, 1.95, 0.0, 0.86, 0.0, 1.04, 0.0, 0.0], [0.02, 1.06, -2.96, -1.91, 0.46, 356.19, 0.04, 1.0], [0.56, 25.0, 0.0, 0.0])
(130099099, [2.0, 1.49, 0.0, 1.88, 0.0, 0.93, 0.0, 1.04, 0.0, 0.0], [0.02, 1.27, -2.96, -2.51, 0.46, 354.74, 0.04, 1.0], [0.56, 25.0, 0.0, 0.0])
(130201453, [2.0, 1.46, 0.0, 1.88, 0.0, 0.97, 0.0, 1.05, 0.0, 0.0], [0.02, 2.35, -2.53, -4.57, 0.46, 356.46, 0.07, 1.0], [0.57, 25.0, 0.0, 0.0])
(130300748, [2.0, 1.43, 0.0, 1.23, 0.0, 1.01, 0.0, 1.05, 0.0, 0.0], [0.02, 2.6, -1.36, -4.6, 0.46, 359.17, 0.07, 1.0], [0.56, 25.0, 0.0, 0.0])
(130400703, [2.0, 1.42, 0.0, 1.8, 0.0, 1.02, 0.0, 1.04, 0.0, 0.0], [0.02, 2.89, -0.65, -4.56, 0.46, 1.72, 0.07, 1.0], [0.56, 25.0, 0.0, 0.0])
(130501381, [2.0, 1.41, 0.0, 1.92, 0.0, 1.03, 0.0, 1.02, 0.0, 0.0], [0.02, 2.06, -0.3, -3.41, 0.46, 4.08, 0.07, 1.0], [0.57, 25.0, 0.0, 0.0])
(130600992, [2.0, 1.39, 0.0, 1.94, 0.0, 1.04, 0.0, 1.02, 0.0, 0.0], [0.02, 1.43, -0.13, -3.05, 0.46, 6.19, 0.06, 1.0], [0.57, 25.0, 0.0, 0.0])
(130700615, [2.0, 1.4, 0.0, 1.98, 0.0, 1.05, 0.0, 1.01, 0.0, 0.0], [0.02, 1.19, -0.05, -2.68, 0.46, 8.28, 0.06, 1.0], [0.57, 25.0, 0.0, 0.0])
(130800741, [2.0, 1.4, 0.0, 1.98, 0.0, 1.05, 0.0, 1.01, 0.0, 0.0], [0.02, 0.22, -0.01, -2.25, 0.46, 9.84, 0.05, 1.0], [0.57, 25.0, 0.0, 0.0])
(130900790, [2.0, 1.41, 0.0, 2.01, 0.0, 1.06, 0.0, 1.01, 0.0, 0.0], [0.02, -0.96, 0.0, -1.56, 0.46, 10.6, 0.05, 1.0], [0.57, 25.0, 0.0, 0.0])
(131000604, [2.0, 1.4, 0.0, 2.02, 0.0, 1.06, 0.0, 1.01, 0.0, 0.0], [0.02, -1.96, 0.02, -0.92, 0.46, 10.92, 0.05, 1.0], [0.58, 25.0, 0.0, 0.0])
(131100626, [2.0, 1.4, 0.0, 2.01, 0.0, 1.06, 0.0, 1.0, 0.0, 0.0], [0.02, -2.38, 0.02, -0.35, 0.46, 10.78, 0.05, 1.0], [0.58, 25.0, 0.0, 0.0])
(131200779, [2.0, 1.41, 0.0, 2.04, 0.0, 1.06, 0.0, 0.99, 0.0, 0.0], [0.15, -2.48, 0.02, 0.24, 0.46, 11.4, 0.06, 1.0], [0.58, 25.0, 0.0, 0.0])
(131300605, [2.0, 1.4, 0.0, 2.04, 0.0, 1.07, 0.0, 0.98, 0.0, 0.0], [0.37, -1.86, 0.02, 1.02, 0.46, 11.37, 0.06, 1.0], [0.59, 25.0, 0.0, 0.0])
(131400755, [2.0, 1.39, 0.0, 2.06, 0.0, 1.07, 0.0, 0.98, 0.0, 0.0], [0.65, -1.15, 0.02, 1.58, 0.46, 11.66, 0.06, 1.0], [0.59, 25.0, 0.0, 0.0])
(131500662, [2.0, 1.4, 0.0, 2.07, 0.0, 1.07, 0.0, 0.96, 0.0, 0.0], [1.07, -1.07, 0.02, 2.24, 0.46, 10.65, 0.06, 1.0], [0.59, 25.0, 0.0, 0.0])
(131601210, [2.0, 1.39, 0.0, 2.08, 0.0, 1.06, 0.0, 0.93, 0.0, 0.0], [1.6, -0.52, 0.02, 1.9, 0.46, 7.39, 0.06, 1.0], [0.58, 25.0, 0.0, 0.0])
(131700642, [2.0, 1.39, 0.0, 2.07, 0.0, 1.05, 0.0, 0.92, 0.0, 0.0], [2.31, 0.49, 0.02, 0.81, 0.46, 3.04, 0.06, 1.0], [0.58, 25.0, 0.0, 0.0])
(131800957, [2.0, 1.39, 0.0, 2.06, 0.0, 1.04, 0.0, 0.9, 0.0, 0.0], [2.67, 1.46, 0.02, -0.01, 0.46, 358.79, 0.05, 1.0], [0.58, 25.0, 0.0, 0.0])
(131901457, [2.0, 1.39, 0.0, 2.06, 0.0, 1.05, 0.0, 0.88, 0.0, 0.0], [2.85, 1.75, 0.02, -0.03, 0.46, 354.91, 0.05, 1.0], [0.58, 25.0, 0.0, 0.0])
(132000755, [2.0, 1.4, 0.0, 3.6, 0.0, 1.05, 0.0, 0.87, 0.0, 0.0], [2.94, 1.09, 0.02, -0.56, 0.46, 351.98, 0.05, 1.0], [0.58, 25.0, 0.0, 0.0])
(132100750, [2.0, 1.41, 0.0, 0.67, 0.0, 1.06, 0.0, 0.85, 0.0, 0.0], [2.17, 0.44, 0.02, -0.42, 0.46, 350.04, 0.05, 1.0], [0.58, 25.0, 0.0, 0.0])
(132200565, [2.0, 1.41, 0.0, 0.6, 0.0, 1.07, 0.0, 0.84, 0.0, 0.0], [-0.42, -2.23, 0.02, 1.01, 0.46, 348.53, 0.05, 1.0], [0.58, 25.0, 0.0, 0.0])
(132300526, [2.0, 1.42, 0.0, 0.57, 0.0, 1.08, 0.0, 0.84, 0.0, 0.0], [-1.71, -4.42, 0.02, 1.77, 0.46, 347.57, 0.05, 1.0], [0.58, 25.0, 0.0, 0.0])
(132400405, [2.0, 1.39, 0.0, 0.55, 0.0, 1.09, 0.0, 0.81, 0.0, 0.0], [-2.35, -5.06, 0.02, 2.04, 0.46, 347.25, 0.04, 1.0], [0.58, 25.0, 0.0, 0.0])
(132500555, [2.0, 1.39, 0.0, 0.54, 0.0, 1.09, 0.0, 0.79, 0.0, 0.0], [-2.66, -4.51, 0.02, 1.94, 0.46, 347.32, 0.04, 1.0], [0.58, 25.0, 0.0, 0.0])
(132600524, [2.0, 1.39, 0.0, 0.55, 0.0, 1.1, 0.0, 0.74, 0.0, 0.0], [-2.81, -4.25, 0.02, 1.62, 0.46, 347.79, 0.05, 1.0], [0.58, 25.0, 0.0, 0.0])
(132700404, [2.0, 1.39, 0.0, 0.57, 0.0, 1.09, 0.0, 0.71, 0.0, 0.0], [-2.89, -3.76, 0.02, 1.31, 0.46, 348.96, 0.05, 1.0], [0.58, 25.0, 0.0, 0.0])
(132800441, [2.0, 1.38, 0.0, 0.63, 0.0, 1.08, 0.0, 0.63, 0.0, 0.0], [-2.76, -1.98, 0.02, 1.18, 0.46, 350.61, 0.05, 1.0], [0.58, 25.0, 0.0, 0.0])
(132900655, [2.0, 1.38, 0.0, 0.68, 0.0, 1.08, 0.0, 0.6, 0.0, 0.0], [-0.45, 0.65, 0.02, 0.53, 0.46, 352.53, 0.05, 1.0], [0.58, 25.0, 0.0, 0.0])
(133000413, [2.0, 1.38, 0.0, 0.82, 0.0, 1.07, 0.0, 0.52, 0.0, 0.0], [1.3, 3.98, 0.02, 0.03, 0.46, 354.41, 0.04, 1.0], [0.58, 25.0, 0.0, 0.0])
(133100590, [2.0, 1.37, 0.0, 0.9, 0.0, 1.06, 0.0, 0.5, 0.0, 0.0], [2.18, 5.52, 0.02, 0.08, 0.46, 355.91, 0.04, 1.0], [0.58, 25.0, 0.0, 0.0])
(133200534, [2.0, 1.37, 0.0, 0.98, 0.0, 1.06, 0.0, 0.43, 0.0, 0.0], [2.61, 6.26, 0.02, 0.37, 0.46, 356.93, 0.05, 1.0], [0.6, 25.0, 0.0, 0.0])
(133300608, [2.0, 1.38, 0.0, 0.98, 0.0, 1.06, 0.0, 0.42, 0.0, 0.0], [2.82, 6.06, 0.02, 0.4, 0.46, 357.6, 0.05, 1.0], [0.6, 25.0, 0.0, 0.0])
(133400540, [2.0, 1.38, 0.0, 1.23, 0.0, 1.06, 0.0, 0.39, 0.0, 0.0], [2.92, 5.43, 0.02, 0.78, 0.46, 357.85, 0.07, 1.0], [0.59, 25.0, 0.0, 0.0])
(133500607, [2.0, 1.38, 0.0, 1.35, 0.0, 1.07, 0.0, 0.39, 0.0, 0.0], [2.97, 5.3, 0.02, 1.22, 0.46, 357.44, 0.07, 1.0], [0.59, 25.0, 0.0, 0.0])
(133600742, [2.0, 1.36, 0.0, 1.35, 0.0, 1.07, 0.0, 0.38, 0.0, 0.0], [3.0, 5.17, 0.02, 1.34, 0.46, 356.41, 0.07, 1.0], [0.6, 25.0, 0.0, 0.0])
(133700738, [2.0, 1.36, 0.0, 1.18, 0.0, 1.07, 0.0, 0.38, 0.0, 0.0], [3.01, 5.11, 0.02, 1.47, 0.46, 355.1, 0.07, 1.0], [0.6, 25.0, 0.0, 0.0])
(133800533, [2.0, 1.37, 0.0, 1.18, 0.0, 1.08, 0.0, 0.41, 0.0, 0.0], [3.02, 5.45, 0.02, 1.57, 0.46, 353.76, 0.07, 1.0], [0.62, 25.0, 0.0, 0.0])
(133901143, [2.0, 1.37, 0.0, 0.86, 0.0, 1.08, 0.0, 0.44, 0.0, 0.0], [3.02, 5.41, 0.02, 1.11, 0.46, 352.76, 0.07, 1.0], [0.6, 25.0, 0.0, 0.0])
(134001162, [2.0, 1.37, 0.0, 0.83, 0.0, 1.09, 0.0, 0.47, 0.0, 0.0], [3.02, 4.86, 0.02, 0.85, 0.46, 352.31, 0.07, 1.0], [0.61, 25.0, 0.0, 0.0])
(134101629, [2.0, 1.36, 0.0, 0.77, 0.0, 1.09, 0.0, 0.52, 0.0, 0.0], [3.02, 3.96, 0.02, 0.65, 0.46, 352.48, 0.07, 1.0], [0.6, 25.0, 0.0, 0.0])
(134200529, [2.0, 1.36, 0.0, 0.74, 0.0, 1.09, 0.0, 0.56, 0.0, 0.0], [3.02, 2.87, 0.02, 0.68, 0.46, 353.07, 0.08, 1.0], [0.6, 25.0, 0.0, 0.0])
(134300525, [2.0, 1.35, 0.0, 0.72, 0.0, 1.11, 0.0, 0.63, 0.0, 0.0], [3.02, 1.6, 0.02, 0.56, 0.46, 353.74, 0.08, 1.0], [0.62, 25.0, 0.0, 0.0])
(134400387, [2.0, 1.34, 0.0, 0.68, 0.0, 1.1, 0.0, 0.67, 0.0, 0.0], [2.54, 0.94, 0.02, 0.46, 0.46, 354.56, 0.07, 1.0], [0.6, 25.0, 0.0, 0.0])
(134500634, [2.0, 1.32, 0.0, 0.65, 0.0, 1.12, 0.0, 0.75, 0.0, 0.0], [0.66, -1.07, 0.02, 0.64, 0.46, 355.25, 0.07, 1.0], [0.61, 25.0, 0.0, 0.0])
(134600906, [2.0, 1.31, 0.0, 0.61, 0.0, 1.13, 0.0, 0.78, 0.0, 0.0], [-1.17, -4.71, 0.02, 1.34, 0.46, 356.06, 0.07, 1.0], [0.6, 25.0, 0.0, 0.0])
(134700659, [2.0, 1.29, 0.0, 0.56, 0.0, 1.14, 0.0, 0.86, 0.0, 0.0], [-2.08, -8.05, 0.02, 0.53, 0.46, 352.73, 0.07, 1.0], [0.6, 25.0, 0.0, 0.0])
(134800459, [2.0, 1.29, 0.0, 0.56, 0.0, 1.16, 0.0, 0.89, 0.0, 0.0], [-2.53, -9.88, 0.02, -1.15, 0.46, 342.88, 0.11, 1.0], [0.6, 25.0, 0.0, 0.0])
(134900603, [2.0, 1.33, 0.0, 0.24, 0.0, 1.24, 0.0, 0.94, 0.0, 0.0], [-2.75, -6.51, 0.02, -3.33, 0.46, 337.82, 0.11, 1.0], [0.6, 25.0, 0.0, 0.0])
(135002786, [2.0, 1.35, 0.0, 0.26, 0.0, 1.27, 0.0, 0.95, 0.0, 0.0], [-2.86, -4.1, 0.02, -4.96, 0.46, 336.2, 0.12, 1.0], [0.59, 25.0, 0.0, 0.0])
(135102852, [2.0, 1.35, 0.0, 0.31, 0.0, 1.31, 0.0, 0.93, 0.0, 0.0], [-2.91, -2.58, 0.02, -5.17, 0.46, 336.92, 0.12, 1.0], [0.59, 25.0, 0.0, 0.0])
(135202828, [2.0, 1.29, 0.0, 0.31, 0.0, 1.33, 0.0, 0.89, 0.0, 0.0], [-2.94, -1.87, 0.02, -5.27, 0.46, 339.32, 0.12, 1.0], [0.59, 25.0, 0.0, 0.0])
(135302741, [2.0, 1.22, 0.0, 3.6, 0.0, 1.36, 0.0, 0.81, 0.0, 0.0], [-2.42, -1.51, 0.02, -4.96, 0.46, 342.9, 0.12, 1.0], [0.58, 25.0, 0.0, 0.0])
(135402763, [2.0, 1.13, 0.0, 2.37, 0.0, 1.38, 0.0, 0.76, 0.0, 0.0], [0.33, 1.57, 0.02, -4.15, 0.46, 347.14, 0.12, 1.0], [0.58, 25.0, 0.0, 0.0])
(135502824, [2.0, 1.08, 0.0, 2.37, 0.0, 1.39, 0.0, 0.67, 0.0, 0.0], [1.7, 5.03, 0.02, -2.78, 0.46, 351.32, 0.12, 1.0], [0.58, 25.0, 0.0, 0.0])
(135602770, [2.0, 0.97, 0.0, 2.44, 0.0, 1.42, 0.0, 0.63, 0.0, 0.0], [2.37, 6.1, 0.02, -2.0, 0.46, 354.62, 0.12, 1.0], [0.57, 25.0, 0.0, 0.0])
(135702813, [2.0, 0.92, 0.0, 2.45, 0.0, 1.5, 0.0, 0.57, 0.0, 0.0], [2.69, 6.04, 0.22, -1.14, 0.46, 356.88, 0.12, 1.0], [0.57, 25.0, 0.0, 0.0])
(135802712, [2.0, 0.82, 0.0, 2.47, 0.0, 1.54, 0.0, 0.54, 0.0, 0.0], [2.8, 5.63, 0.53, 0.61, 0.46, 358.01, 0.14, 1.0], [0.57, 25.0, 0.0, 0.0])
(135902829, [2.0, 0.77, 0.0, 2.47, 0.0, 1.63, 0.0, 0.51, 0.0, 0.0], [2.8, 5.13, 0.85, 2.57, 0.46, 357.9, 0.14, 1.0], [0.58, 25.0, 0.0, 0.0])
(136002898, [2.0, 0.68, 0.0, 2.48, 0.0, 1.68, 0.0, 0.5, 0.0, 0.0], [2.73, 5.88, 1.16, 3.43, 0.46, 356.83, 0.13, 1.0], [0.58, 25.0, 0.0, 0.0])
(136102735, [2.0, 0.63, 0.0, 2.48, 0.0, 1.76, 0.0, 0.51, 0.0, 0.0], [2.6, 6.97, 1.46, 2.86, 0.46, 354.82, 0.13, 1.0], [0.57, 25.0, 0.0, 0.0])
(136202851, [2.0, 0.54, 0.0, 2.48, 0.0, 1.85, 0.0, 0.53, 0.0, 0.0], [2.45, 7.42, 1.71, 1.37, 0.46, 351.87, 0.14, 1.0], [0.59, 25.0, 0.0, 0.0])
(136303220, [2.0, 0.5, 0.0, 2.48, 0.0, 1.91, 0.0, 0.55, 0.0, 0.0], [2.28, 7.21, 1.95, 0.4, 0.46, 348.48, 0.14, 1.0], [0.57, 25.0, 0.0, 0.0])
(136402788, [2.0, 0.41, 0.0, 2.35, 0.0, 2.09, 0.0, 0.61, 0.0, 0.0], [2.07, 5.13, 2.17, -0.74, 0.46, 344.89, 0.13, 1.0], [0.57, 25.0, 0.0, 0.0])
(136502724, [2.0, 0.36, 0.0, 2.35, 0.0, 2.17, 0.0, 0.65, 0.0, 0.0], [1.81, 3.62, 2.39, -1.02, 0.46, 341.42, 0.13, 1.0], [0.57, 25.0, 0.0, 0.0])
(136602766, [2.0, 0.26, 0.0, 3.6, 0.0, 2.17, 0.0, 0.74, 0.0, 0.0], [1.53, 2.92, 2.58, -5.67, 0.46, 338.12, 0.12, 1.0], [0.56, 25.0, 0.0, 0.0])
(136702665, [2.0, 0.24, 0.0, 3.6, 0.0, 1.01, 0.0, 0.79, 0.0, 0.0], [1.2, -1.73, 2.74, -6.96, 359.92, 333.28, 0.12, 1.0], [7.65, 25.0, 0.0, 0.0])
(136802792, [2.0, 0.29, 0.0, 0.51, 0.0, 0.99, 0.0, 0.86, 0.0, 0.0], [0.58, -0.74, 1.76, -8.1, 356.86, 330.22, 0.18, 1.0], [0.53, 25.0, 0.0, 0.0])
(136902830, [2.0, 0.3, 0.0, 0.49, 0.0, 1.0, 0.0, 0.86, 0.0, 0.0], [0.26, -1.04, 0.87, -7.54, 355.36, 328.76, 0.18, 1.0], [0.52, 25.0, 0.0, 0.0])
(137002755, [2.0, 0.29, 0.0, 0.46, 0.0, 1.01, 0.0, 0.88, 0.0, 0.0], [0.12, -1.27, 0.43, -5.46, 355.13, 328.74, 0.19, 1.0], [0.51, 25.0, 0.0, 0.0])
(137102750, [2.0, 0.28, 0.0, 0.45, 0.0, 1.02, 0.0, 0.87, 0.0, 0.0], [0.06, -0.21, 0.21, -4.62, 355.13, 335.68, 0.19, 1.0], [0.51, 25.0, 0.0, 0.0])
(137202827, [2.0, 0.24, 0.0, 0.59, 0.0, 1.06, 0.0, 0.74, 0.0, 0.0], [0.03, -1.17, 0.1, -3.06, 355.13, 342.08, 0.17, 1.0], [0.5, 25.0, 0.0, 0.0])
(137302805, [2.0, 0.23, 0.0, 0.7, 0.0, 1.06, 0.0, 0.71, 0.0, 0.0], [0.01, -0.94, 0.05, -1.15, 355.13, 349.06, 0.17, 1.0], [0.49, 25.0, 0.0, 0.0])
(137402803, [2.0, 0.2, 0.0, 0.7, 0.0, 2.24, 0.0, 0.65, 0.0, 0.0], [0.0, -0.42, 0.02, -0.23, 355.13, 357.04, 0.14, 1.0], [0.48, 25.0, 0.0, 0.0])
(137502732, [2.0, 0.19, 0.0, 3.6, 0.0, 2.24, 0.0, 0.62, 0.0, 0.0], [0.0, -0.26, 0.01, 0.51, 355.13, 0.74, 0.14, 1.0], [0.47, 25.0, 0.0, 0.0])
(137604828, [2.0, 0.19, 0.0, 2.4, 0.0, 2.21, 0.0, 0.59, 0.0, 0.0], [0.0, 0.15, 0.0, 0.97, 355.13, 1.57, 0.14, 1.0], [0.45, 25.0, 0.0, 0.0])
(137705139, [2.0, 0.2, 0.0, 2.42, 0.0, 2.22, 0.0, 0.57, 0.0, 0.0], [0.0, -0.25, 0.0, 0.3, 355.13, 2.43, 0.14, 1.0], [0.42, 25.0, 0.0, 0.0])
(137803599, [2.0, 0.2, 0.0, 2.47, 0.0, 2.22, 0.0, 0.54, 0.0, 0.0], [0.0, -1.45, 0.0, -0.25, 355.13, 3.3, 0.12, 1.0], [0.39, 25.0, 0.0, 0.0])
(137903747, [2.0, 0.2, 0.0, 2.51, 0.0, 2.22, 0.0, 0.53, 0.0, 0.0], [0.0, -2.42, 0.0, 0.17, 355.13, 4.38, 0.12, 1.0], [0.36, 25.0, 0.0, 0.0])
(138003591, [2.0, 0.2, 0.0, 2.51, 0.0, 2.24, 0.0, 0.49, 0.0, 0.0], [0.0, -2.76, 0.0, 2.81, 355.13, 5.05, 0.1, 1.0], [0.32, 25.0, 0.0, 0.0])
(138103660, [2.0, 0.2, 0.0, 2.59, 0.0, 2.21, 0.0, 0.47, 0.0, 0.0], [0.0, -5.01, 0.0, 1.36, 355.13, 5.27, 0.1, 1.0], [0.28, 25.0, 0.0, 0.0])
(138203557, [2.0, 0.2, 0.0, 2.62, 0.0, 2.21, 0.0, 0.42, 0.0, 0.0], [0.0, -5.8, 0.0, 0.05, 355.13, 5.08, 0.1, 1.0], [0.24, 25.0, 0.0, 0.0])
(138303712, [2.0, 0.2, 0.0, 2.67, 0.0, 2.22, 0.0, 0.35, 0.0, 0.0], [0.0, -5.1, 0.0, -0.07, 355.13, 4.09, 0.1, 1.0], [0.2, 25.0, 0.0, 0.0])
(138403558, [2.0, 0.19, 0.0, 2.67, 0.0, 2.23, 0.0, 0.31, 0.0, 0.0], [0.0, -4.22, 0.0, 1.28, 355.13, 2.56, 0.09, 1.0], [0.2, 25.0, 0.0, 0.0])
(138503783, [2.0, 0.19, 0.0, 3.6, 0.0, 2.21, 0.0, 0.26, 0.0, 0.0], [0.0, -4.06, 0.0, 0.8, 355.13, 1.02, 0.09, 1.0], [0.2, 25.0, 0.0, 0.0])
(138603766, [2.0, 0.19, 0.0, 3.6, 0.0, 2.18, 0.0, 0.17, 0.0, 0.0], [0.0, -1.31, 0.0, 2.28, 355.13, 357.87, 0.11, 1.0], [0.2, 25.0, 0.0, 0.0])
(138703755, [2.0, 0.19, 0.0, 3.6, 0.0, 2.18, 0.0, 0.18, 0.0, 0.0], [0.0, 0.35, 0.0, -1.74, 355.13, 356.21, 0.11, 1.0], [0.2, 25.0, 0.0, 0.0])
(138803808, [2.0, 0.18, 0.0, 3.6, 0.0, 2.21, 0.0, 0.18, 0.0, 0.0], [0.0, -2.8, 0.0, -3.0, 355.13, 356.14, 0.12, 1.0], [0.2, 25.0, 0.0, 0.0])
(138903816, [2.0, 0.18, 0.0, 3.6, 0.0, 2.23, 0.0, 0.18, 0.0, 0.0], [0.0, 0.64, 0.0, 1.81, 355.13, 357.25, 0.12, 1.0], [0.2, 25.0, 0.0, 0.0])
(139003820, [2.0, 0.19, 0.0, 3.6, 0.0, 2.17, 0.0, 0.18, 0.0, 0.0], [0.0, 0.4, 0.0, 0.66, 355.13, 358.78, 0.11, 1.0], [0.2, 25.0, 0.0, 0.0])
(139104032, [2.0, 0.19, 0.0, 2.85, 0.0, 2.17, 0.0, 0.19, 0.0, 0.0], [0.0, 0.44, 0.0, 1.48, 355.13, 359.29, 0.11, 1.0], [0.2, 25.0, 0.0, 0.0])
(139204232, [2.0, 0.19, 0.0, 2.87, 0.0, 2.16, 0.0, 0.19, 0.0, 0.0], [0.0, 0.59, 0.0, 1.5, 355.13, 359.09, 0.1, 1.0], [0.2, 25.0, 0.0, 0.0])
(139303835, [2.0, 0.19, 0.0, 2.87, 0.0, 2.17, 0.0, 0.19, 0.0, 0.0], [0.0, 0.47, 0.0, 1.52, 355.13, 359.06, 0.1, 1.0], [0.2, 25.0, 0.0, 0.0])
(139403589, [2.0, 0.19, 0.0, 2.83, 0.0, 2.17, 0.0, 0.19, 0.0, 0.0], [0.0, 0.35, 0.0, 1.46, 355.13, 359.08, 0.08, 1.0], [0.2, 25.0, 0.0, 0.0])
(139503515, [2.0, 0.19, 0.0, 2.83, 0.0, 2.17, 0.0, 0.19, 0.0, 0.0], [0.0, 0.51, 0.0, 1.47, 355.13, 359.05, 0.08, 1.0], [0.2, 25.0, 0.0, 0.0])
(139603893, [2.0, 0.19, 0.0, 2.81, 0.0, 2.22, 0.0, 0.2, 0.0, 0.0], [0.0, 0.44, 0.0, 1.56, 355.13, 359.08, 0.06, 1.0], [0.2, 25.0, 0.0, 0.0])
(139703601, [2.0, 0.19, 0.0, 2.81, 0.0, 2.19, 0.0, 0.19, 0.0, 0.0], [0.0, 0.46, 0.0, 1.49, 355.13, 359.07, 0.06, 1.0], [0.2, 25.0, 0.0, 0.0])
(139803573, [2.0, 0.19, 0.0, 2.81, 0.0, 2.2, 0.0, 0.19, 0.0, 0.0], [0.0, 0.43, 0.0, 1.49, 355.13, 359.09, 0.05, 1.0], [0.2, 25.0, 0.0, 0.0])
(139903615, [2.0, 0.19, 0.0, 3.6, 0.0, 2.2, 0.0, 0.19, 0.0, 0.0], [0.0, 0.5, 0.0, 1.44, 355.13, 359.07, 0.05, 1.0], [0.2, 25.0, 0.0, 0.0])
(140003900, [2.0, 0.19, 0.0, 3.6, 0.0, 2.2, 0.0, 0.19, 0.0, 0.0], [0.0, 0.47, 0.0, 1.46, 355.13, 359.07, 0.04, 1.0], [0.2, 25.0, 0.0, 0.0])
(140103549, [2.0, 0.19, 0.0, 3.6, 0.0, 2.19, 0.0, 0.2, 0.0, 0.0], [0.0, 0.5, 0.0, 1.45, 355.13, 359.07, 0.04, 1.0], [0.2, 25.0, 0.0, 0.0])
(140203834, [2.0, 0.19, 0.0, 3.6, 0.0, 2.16, 0.0, 0.19, 0.0, 0.0], [0.0, 0.5, 0.0, 1.45, 355.13, 359.04, 0.04, 1.0], [0.2, 25.0, 0.0, 0.0])
(140303754, [2.0, 0.19, 0.0, 3.6, 0.0, 2.18, 0.0, 0.19, 0.0, 0.0], [0.0, 0.49, 0.0, 1.46, 355.13, 359.06, 0.04, 1.0], [0.2, 25.0, 0.0, 0.0])
(140403745, [2.0, 0.2, 0.0, 2.82, 0.0, 2.17, 0.0, 0.19, 0.0, 0.0], [0.0, 0.49, 0.0, 1.45, 355.13, 359.04, 0.03, 1.0], [0.2, 25.0, 0.0, 0.0])
(140504618, [2.0, 0.2, 0.0, 2.82, 0.0, 2.17, 0.0, 0.19, 0.0, 0.0], [0.0, 0.49, 0.0, 1.45, 355.13, 359.03, 0.03, 1.0], [0.2, 25.0, 0.0, 0.0])
(140603759, [2.0, 0.19, 0.0, 2.83, 0.0, 2.19, 0.0, 0.19, 0.0, 0.0], [0.0, 0.49, 0.0, 1.46, 355.13, 359.03, 0.02, 1.0], [0.2, 25.0, 0.0, 0.0])
(140703727, [2.0, 0.19, 0.0, 2.85, 0.0, 2.15, 0.0, 0.19, 0.0, 0.0], [0.0, 0.49, 0.0, 1.45, 355.13, 359.01, 0.02, 1.0], [0.2, 25.0, 0.0, 0.0])
(140803904, [2.0, 0.19, 0.0, 2.84, 0.0, 2.2, 0.0, 0.19, 0.0, 0.0], [0.0, 0.48, 0.0, 1.46, 355.13, 359.03, 0.02, 1.0], [0.2, 25.0, 0.0, 0.0])
(376932096, [2.0, 0.43, 0.0, 0.45, 0.0, 3.6, 0.0, 3.6, 0.0, 0.0], [0.26, 0.54, 0.44, 0.91, 355.97, 355.99, 0.0, 1.0], [0.2, 25.0, 0.0, 0.0])
(377031905, [2.0, 0.43, 0.0, 0.46, 0.0, 3.6, 0.0, 3.6, 0.0, 0.0], [0.12, 0.54, 0.21, 0.91, 355.98, 356.0, 0.0, 1.0], [0.2, 25.0, 0.0, 0.0])
(377132440, [2.0, 0.43, 0.0, 0.45, 0.0, 3.6, 0.0, 2.63, 0.0, 0.0], [0.06, 0.55, 0.1, 0.91, 355.98, 355.99, 0.0, 1.0], [0.2, 25.0, 0.0, 0.0])
(377232015, [2.0, 0.43, 0.0, 0.46, 0.0, 3.6, 0.0, 2.63, 0.0, 0.0], [0.03, 0.54, 0.05, 0.91, 355.97, 355.99, 0.0, 1.0], [0.2, 25.0, 0.0, 0.0])
(377331913, [2.0, 0.43, 0.0, 0.45, 0.0, 3.6, 0.0, 2.59, 0.0, 0.0], [0.01, 0.54, 0.02, 0.91, 355.98, 356.0, 0.0, 1.0], [0.2, 25.0, 0.0, 0.0])
(377431719, [2.0, 0.43, 0.0, 0.46, 0.0, 3.6, 0.0, 2.62, 0.0, 0.0], [0.0, 0.55, 0.01, 0.91, 355.98, 356.0, 0.0, 1.0], [0.2, 25.0, 0.0, 0.0])
(377531944, [2.0, 0.43, 0.0, 0.46, 0.0, 3.6, 0.0, 2.57, 0.0, 0.0], [0.0, 0.55, 0.0, 0.91, 355.98, 356.0, 0.0, 1.0], [0.2, 25.0, 0.0, 0.0])
(377631791, [2.0, 0.43, 0.0, 0.46, 0.0, 3.6, 0.0, 2.57, 0.0, 0.0], [0.0, 0.55, 0.0, 0.91, 355.99, 356.01, 0.0, 1.0], [0.2, 25.0, 0.0, 0.0])
(377731764, [2.0, 0.43, 0.0, 0.45, 0.0, 3.6, 0.0, 3.6, 0.0, 0.0], [0.0, 0.56, 0.0, 0.9, 355.99, 356.0, 0.0, 1.0], [0.2, 25.0, 0.0, 0.0])
(377832013, [2.0, 0.43, 0.0, 0.46, 0.0, 3.6, 0.0, 2.58, 0.0, 0.0], [0.0, 0.56, 0.0, 0.91, 355.99, 356.0, 0.0, 1.0], [0.2, 25.0, 0.0, 0.0])
(377931713, [2.0, 0.43, 0.0, 0.45, 0.0, 3.6, 0.0, 2.61, 0.0, 0.0], [0.0, 0.56, 0.0, 0.91, 355.98, 356.0, 0.0, 1.0], [0.2, 25.0, 0.0, 0.0])
(378031902, [2.0, 0.43, 0.0, 0.45, 0.0, 3.6, 0.0, 2.61, 0.0, 0.0], [0.0, 0.55, 0.0, 0.91, 355.98, 356.0, 0.0, 1.0], [0.2, 25.0, 0.0, 0.0])
(378132146, [2.0, 0.43, 0.0, 0.45, 0.0, 3.6, 0.0, 3.6, 0.0, 0.0], [0.0, 0.55, 0.0, 0.91, 355.98, 356.0, 0.0, 1.0], [0.2, 25.0, 0.0, 0.0])
(378231920, [2.0, 0.43, 0.0, 0.46, 0.0, 3.6, 0.0, 2.59, 0.0, 0.0], [0.0, 0.56, 0.0, 0.91, 355.99, 356.0, 0.0, 1.0], [0.2, 25.0, 0.0, 0.0])
(378332044, [2.0, 0.43, 0.0, 0.46, 0.0, 3.6, 0.0, 2.59, 0.0, 0.0], [0.0, 0.56, 0.0, 0.91, 355.99, 356.01, 0.0, 1.0], [0.2, 25.0, 0.0, 0.0])
(378432392, [2.0, 0.43, 0.0, 0.46, 0.0, 3.6, 0.0, 2.57, 0.0, 0.0], [0.0, 0.56, 0.0, 0.9, 355.99, 356.01, 0.0, 1.0], [0.2, 25.0, 0.0, 0.0])
(378531979, [2.0, 0.43, 0.0, 0.45, 0.0, 3.6, 0.0, 2.59, 0.0, 0.0], [0.0, 0.56, 0.0, 0.9, 355.99, 356.01, 0.0, 1.0], [0.2, 25.0, 0.0, 0.0])
(378632634, [2.0, 0.43, 0.0, 0.45, 0.0, 1.42, 0.0, 2.59, 0.0, 0.0], [0.0, 0.56, 0.0, 0.91, 355.99, 356.01, 0.0, 1.0], [0.2, 25.0, 0.0, 0.0])
(378732351, [2.0, 0.43, 0.0, 0.45, 0.0, 1.42, 0.0, 3.6, 0.0, 0.0], [0.0, 0.57, 0.0, 0.9, 355.99, 356.01, 0.0, 1.0], [0.2, 25.0, 0.0, 0.0])
(378832305, [2.0, 0.42, 0.0, 0.46, 0.0, 3.6, 0.0, 2.62, 0.0, 0.0], [0.0, 0.57, 0.0, 0.9, 355.99, 356.01, 0.0, 1.0], [0.2, 25.0, 0.0, 0.0])
(378932450, [2.0, 0.43, 0.0, 0.46, 0.0, 3.6, 0.0, 2.61, 0.0, 0.0], [0.0, 0.57, 0.0, 0.89, 355.99, 356.01, 0.0, 1.0], [0.2, 25.0, 0.0, 0.0])
(379032385, [2.0, 0.43, 0.0, 0.46, 0.0, 3.6, 0.0, 2.61, 0.0, 0.0], [0.0, 0.57, 0.0, 0.89, 355.99, 356.01, 0.0, 1.0], [0.2, 25.0, 0.0, 0.0])
(379132003, [2.0, 0.43, 0.0, 0.46, 0.0, 3.6, 0.0, 3.6, 0.0, 0.0], [0.0, 0.57, 0.0, 0.9, 355.99, 356.01, 0.0, 1.0], [0.2, 25.0, 0.0, 0.0])
(379231937, [2.0, 0.43, 0.0, 0.46, 0.0, 3.6, 0.0, 3.6, 0.0, 0.0], [0.0, 0.57, 0.0, 0.89, 356.01, 356.02, 0.0, 1.0], [0.2, 25.0, 0.0, 0.0])
(379331716, [2.0, 0.43, 0.0, 0.45, 0.0, 3.6, 0.0, 3.6, 0.0, 0.0], [0.0, 0.57, 0.0, 0.89, 356.02, 356.03, 0.0, 1.0], [0.2, 25.0, 0.0, 0.0])
(379431736, [2.0, 0.43, 0.0, 0.45, 0.0, 3.6, 0.0, 2.57, 0.0, 0.0], [0.0, 0.57, 0.0, 0.89, 356.0, 356.02, 0.0, 1.0], [0.2, 25.0, 0.0, 0.0])
(379532027, [2.0, 0.42, 0.0, 0.46, 0.0, 3.6, 0.0, 2.58, 0.0, 0.0], [0.0, 0.56, 0.0, 0.91, 355.97, 355.99, 0.0, 1.0], [0.2, 25.0, 0.0, 0.0])
(379631800, [2.0, 0.43, 0.0, 0.45, 0.0, 3.6, 0.0, 2.61, 0.0, 0.0], [0.0, 0.56, 0.0, 0.89, 355.96, 355.98, 0.0, 1.0], [0.2, 25.0, 0.0, 0.0])
(379731756, [2.0, 0.43, 0.0, 0.46, 0.0, 1.44, 0.0, 2.61, 0.0, 0.0], [0.0, 0.57, 0.0, 0.88, 355.96, 355.98, 0.0, 1.0], [0.2, 25.0, 0.0, 0.0])
(379831911, [2.0, 0.43, 0.0, 0.46, 0.0, 1.44, 0.0, 2.63, 0.0, 0.0], [0.0, 0.58, 0.0, 0.86, 355.94, 355.96, 0.0, 1.0], [0.2, 25.0, 0.0, 0.0])
(379932358, [2.0, 0.43, 0.0, 0.46, 0.0, 3.6, 0.0, 2.63, 0.0, 0.0], [0.0, 0.58, 0.0, 0.84, 355.96, 355.98, 0.0, 1.0], [0.2, 25.0, 0.0, 0.0])
(380032210, [2.0, 0.43, 0.0, 0.45, 0.0, 3.6, 0.0, 2.61, 0.0, 0.0], [0.0, 0.58, 0.0, 0.83, 355.95, 355.97, 0.0, 1.0], [0.2, 25.0, 0.0, 0.0])
(380132076, [2.0, 0.42, 0.0, 0.46, 0.0, 3.6, 0.0, 2.61, 0.0, 0.0], [0.0, 0.58, 0.0, 0.84, 355.96, 355.98, 0.0, 1.0], [0.2, 25.0, 0.0, 0.0])
(380232017, [2.0, 0.43, 0.0, 0.45, 0.0, 3.6, 0.0, 3.6, 0.0, 0.0], [0.0, 0.58, 0.0, 0.82, 355.96, 355.98, 0.0, 1.0], [0.2, 25.0, 0.0, 0.0])
(380332170, [2.0, 0.43, 0.0, 0.45, 0.0, 3.6, 0.0, 2.61, 0.0, 0.0], [0.0, 0.59, 0.0, 0.83, 355.96, 355.97, 0.0, 1.0], [0.2, 25.0, 0.0, 0.0])
(380432475, [2.0, 0.43, 0.0, 0.45, 0.0, 3.6, 0.0, 2.59, 0.0, 0.0], [0.0, 0.59, 0.0, 0.83, 355.96, 355.98, 0.0, 1.0], [0.2, 25.0, 0.0, 0.0])
(380531909, [2.0, 0.43, 0.0, 0.45, 0.0, 3.6, 0.0, 2.59, 0.0, 0.0], [0.0, 0.59, 0.0, 0.84, 355.97, 355.98, 0.0, 1.0], [0.2, 25.0, 0.0, 0.0])
(380632134, [2.0, 0.43, 0.0, 0.45, 0.0, 3.6, 0.0, 3.6, 0.0, 0.0], [0.0, 0.6, 0.0, 0.83, 355.94, 355.96, 0.0, 1.0], [0.2, 25.0, 0.0, 0.0])
(380731905, [2.0, 0.43, 0.0, 0.45, 0.0, 3.6, 0.0, 2.62, 0.0, 0.0], [0.0, 0.58, 0.0, 0.83, 355.95, 355.96, 0.0, 1.0], [0.2, 25.0, 0.0, 0.0])
(380831897, [2.0, 0.43, 0.0, 0.46, 0.0, 3.6, 0.0, 2.6, 0.0, 0.0], [0.0, 0.6, 0.0, 0.83, 355.95, 355.96, 0.0, 1.0], [0.2, 25.0, 0.0, 0.0])
(380932520, [2.0, 0.43, 0.0, 0.45, 0.0, 3.6, 0.0, 2.6, 0.0, 0.0], [0.0, 0.59, 0.0, 0.81, 355.93, 355.94, 0.0, 1.0], [0.2, 25.0, 0.0, 0.0])
(381032152, [2.0, 0.42, 0.0, 0.45, 0.0, 3.6, 0.0, 2.65, 0.0, 0.0], [0.0, 0.59, 0.0, 0.81, 355.94, 355.96, 0.0, 1.0], [0.2, 25.0, 0.0, 0.0])
(381131763, [2.0, 0.43, 0.0, 0.45, 0.0, 3.6, 0.0, 2.64, 0.0, 0.0], [0.0, 0.6, 0.0, 0.81, 355.94, 355.96, 0.0, 1.0], [0.2, 25.0, 0.0, 0.0])
(381232022, [2.0, 0.43, 0.0, 0.46, 0.0, 3.6, 0.0, 2.56, 0.0, 0.0], [0.0, 0.6, 0.0, 0.81, 355.95, 355.96, 0.0, 1.0], [0.2, 25.0, 0.0, 0.0])
(381331804, [2.0, 0.43, 0.0, 0.45, 0.0, 3.6, 0.0, 2.63, 0.0, 0.0], [0.0, 0.61, 0.0, 0.83, 355.94, 355.95, 0.0, 1.0], [0.2, 25.0, 0.0, 0.0])
(381431729, [2.0, 0.42, 0.0, 0.45, 0.0, 3.6, 0.0, 2.63, 0.0, 0.0], [0.0, 0.61, 0.0, 0.82, 355.95, 355.97, 0.0, 1.0], [0.2, 25.0, 0.0, 0.0])
(381531920, [2.0, 0.43, 0.0, 0.46, 0.0, 3.6, 0.0, 2.62, 0.0, 0.0], [0.0, 0.6, 0.0, 0.81, 355.92, 355.94, 0.0, 1.0], [0.2, 25.0, 0.0, 0.0])
(381632039, [2.0, 0.43, 0.0, 0.46, 0.0, 3.6, 0.0, 2.63, 0.0, 0.0], [0.0, 0.6, 0.0, 0.8, 355.93, 355.95, 0.0, 1.0], [0.2, 25.0, 0.0, 0.0])
(381731769, [2.0, 0.43, 0.0, 0.45, 0.0, 3.6, 0.0, 2.63, 0.0, 0.0], [0.0, 0.61, 0.0, 0.81, 355.94, 355.96, 0.0, 1.0], [0.2, 25.0, 0.0, 0.0])
(381832220, [2.0, 0.43, 0.0, 0.45, 0.0, 3.6, 0.0, 2.63, 0.0, 0.0], [0.0, 0.61, 0.0, 0.81, 355.92, 355.94, 0.0, 1.0], [0.2, 25.0, 0.0, 0.0])
(381932487, [2.0, 0.43, 0.0, 0.45, 0.0, 3.6, 0.0, 3.6, 0.0, 0.0], [0.0, 0.62, 0.0, 0.79, 355.93, 355.9, 0.0, 1.0], [0.2, 25.0, 0.0, 0.0])
(382032011, [2.0, 0.43, 0.0, 0.46, 0.0, 3.6, 0.0, 2.63, 0.0, 0.0], [0.0, 0.61, 0.0, 0.83, 355.93, 355.91, 0.0, 1.0], [0.2, 25.0, 0.0, 0.0])
(382132320, [2.0, 0.43, 0.0, 0.46, 0.0, 3.6, 0.0, 2.63, 0.0, 0.0], [0.0, 0.58, 0.0, 0.88, 355.93, 355.89, 0.0, 1.0], [0.2, 25.0, 0.0, 0.0])
(382232154, [2.0, 0.43, 0.0, 0.45, 0.0, 3.6, 0.0, 2.62, 0.0, 0.0], [0.0, 0.63, 0.0, 0.87, 355.93, 355.77, 0.0, 1.0], [0.2, 25.0, 0.0, 0.0])
(382332417, [2.0, 0.43, 0.0, 0.45, 0.0, 3.6, 0.0, 2.6, 0.0, 0.0], [0.0, 0.67, 0.0, 0.8, 355.93, 355.34, 0.0, 1.0], [0.2, 25.0, 0.0, 0.0])
(382432391, [2.0, 0.43, 0.0, 0.45, 0.0, 3.6, 0.0, 2.62, 0.0, 0.0], [-0.7, 0.65, 0.74, 0.61, 355.93, 354.39, 0.0, 1.0], [0.2, 25.0, 0.0, 0.0])
(382532335, [2.0, 0.43, 0.0, 0.45, 0.0, 3.6, 0.0, 2.6, 0.0, 0.0], [-1.38, 0.67, 1.48, 0.88, 355.93, 353.31, 0.01, 1.0], [0.2, 25.0, 0.0, 0.0])
(382632064, [2.0, 0.42, 0.0, 0.45, 0.0, 3.6, 0.0, 2.6, 0.0, 0.0], [-1.71, 0.57, 1.84, 0.95, 355.93, 352.54, 0.01, 1.0], [0.2, 25.0, 0.0, 0.0])
(382731959, [2.0, 0.43, 0.0, 0.45, 0.0, 3.6, 0.0, 2.62, 0.0, 0.0], [-1.87, 0.68, 2.02, 0.76, 355.93, 351.88, 0.01, 1.0], [0.2, 25.0, 0.0, 0.0])
(382832037, [2.0, 0.43, 0.0, 0.45, 0.0, 3.6, 0.0, 2.62, 0.0, 0.0], [-1.96, 0.75, 2.1, 0.66, 355.93, 351.12, 0.01, 1.0], [0.2, 25.0, 0.0, 0.0])
(382932499, [2.0, 0.43, 0.0, 0.45, 0.0, 3.6, 0.0, 2.6, 0.0, 0.0], [-2.01, 0.64, 2.14, 0.37, 355.93, 350.34, 0.01, 1.0], [0.2, 25.0, 0.0, 0.0])
(383031889, [2.0, 0.42, 0.0, 0.45, 0.0, 3.6, 0.0, 2.6, 0.0, 0.0], [-2.03, 0.85, 2.17, -0.43, 355.93, 349.71, 0.01, 1.0], [0.2, 25.0, 0.0, 0.0])
(383131885, [2.0, 0.42, 0.0, 0.45, 0.0, 3.6, 0.0, 2.6, 0.0, 0.0], [-2.03, 0.7, 2.18, -1.16, 355.93, 349.42, 0.02, 1.0], [0.2, 25.0, 0.0, 0.0])
(383232463, [2.0, 0.41, 0.0, 0.45, 0.0, 3.6, 0.0, 2.6, 0.0, 0.0], [-2.02, 0.6, 2.2, -2.21, 355.93, 349.28, 0.02, 1.0], [0.2, 25.0, 0.0, 0.0])
(383332106, [2.0, 0.4, 0.0, 0.45, 0.0, 3.6, 0.0, 3.6, 0.0, 0.0], [-2.01, 0.52, 2.21, -2.72, 355.93, 349.24, 0.03, 1.0], [0.2, 25.0, 0.0, 0.0])
(383431758, [2.0, 0.38, 0.0, 0.45, 0.0, 3.6, 0.0, 2.65, 0.0, 0.0], [-2.0, 0.27, 2.23, -3.17, 355.93, 349.39, 0.03, 1.0], [0.2, 25.0, 0.0, 0.0])
(383532033, [2.0, 0.36, 0.0, 0.44, 0.0, 3.6, 0.0, 2.65, 0.0, 0.0], [-1.97, -0.06, 2.25, -3.13, 355.93, 349.71, 0.04, 1.0], [0.2, 25.0, 0.0, 0.0])
(383632455, [2.0, 0.33, 0.0, 0.44, 0.0, 3.6, 0.0, 3.6, 0.0, 0.0], [-1.94, -0.45, 2.28, -2.86, 355.93, 350.08, 0.04, 1.0], [0.2, 25.0, 0.0, 0.0])
(383731881, [2.0, 0.3, 0.0, 0.45, 0.0, 3.6, 0.0, 3.6, 0.0, 0.0], [-1.9, -0.11, 2.32, -1.97, 355.93, 350.47, 0.04, 1.0], [0.2, 25.0, 0.0, 0.0])
(383832338, [2.0, 0.25, 0.0, 0.45, 0.0, 3.6, 0.0, 2.67, 0.0, 0.0], [-1.84, 0.7, 2.36, -1.67, 355.93, 350.68, 0.04, 1.0], [0.2, 25.0, 0.0, 0.0])
(383932301, [2.0, 0.22, 0.0, 0.44, 0.0, 3.6, 0.0, 2.67, 0.0, 0.0], [-1.78, 1.96, 2.41, -3.05, 355.93, 352.34, 0.05, 1.0], [0.2, 25.0, 0.0, 0.0])
(384032289, [2.0, 0.19, 0.0, 0.45, 0.0, 3.6, 0.0, 3.6, 0.0, 0.0], [-1.73, 2.5, 2.45, -4.8, 355.93, 356.53, 0.05, 1.0], [0.2, 25.0, 0.0, 0.0])
(384131965, [2.0, 0.19, 0.0, 0.45, 0.0, 3.6, 0.0, 2.61, 0.0, 0.0], [-1.69, 0.57, 2.48, -3.95, 355.93, 358.08, 0.07, 1.0], [0.2, 25.0, 0.0, 0.0])
(384232311, [2.0, 0.19, 0.0, 0.46, 0.0, 3.6, 0.0, 2.58, 0.0, 0.0], [-1.67, -0.12, 2.49, -2.47, 355.93, 357.89, 0.07, 1.0], [0.2, 25.0, 0.0, 0.0])
(384332015, [2.0, 0.19, 0.0, 0.47, 0.0, 3.6, 0.0, 2.54, 0.0, 0.0], [-1.64, 0.12, 2.51, -2.49, 355.93, 357.75, 0.06, 1.0], [0.2, 25.0, 0.0, 0.0])
(384432659, [2.0, 0.19, 0.0, 0.47, 0.0, 3.6, 0.0, 2.54, 0.0, 0.0], [-1.62, 0.29, 2.52, -2.4, 355.93, 357.39, 0.06, 1.0], [0.2, 25.0, 0.0, 0.0])
(384532107, [2.0, 0.19, 0.0, 0.47, 0.0, 3.6, 0.0, 2.61, 0.0, 0.0], [-1.62, 0.19, 2.53, -2.72, 355.93, 357.31, 0.05, 1.0], [0.2, 25.0, 0.0, 0.0])
(384632169, [2.0, 0.18, 0.0, 0.46, 0.0, 3.6, 0.0, 2.58, 0.0, 0.0], [-1.61, 0.39, 2.53, -2.26, 355.93, 357.41, 0.05, 1.0], [0.2, 25.0, 0.0, 0.0])
(384732360, [2.0, 0.19, 0.0, 0.46, 0.0, 3.6, 0.0, 2.6, 0.0, 0.0], [-1.62, 0.47, 2.53, -2.02, 355.93, 357.76, 0.05, 1.0], [0.2, 25.0, 0.0, 0.0])
(384831971, [2.0, 0.19, 0.0, 0.46, 0.0, 3.6, 0.0, 2.56, 0.0, 0.0], [-1.62, 0.4, 2.53, -1.22, 355.93, 357.63, 0.05, 1.0], [0.2, 25.0, 0.0, 0.0])
(384932446, [2.0, 0.18, 0.0, 0.46, 0.0, 3.6, 0.0, 2.56, 0.0, 0.0], [-1.62, 0.26, 2.53, -1.06, 355.93, 357.41, 0.04, 1.0], [0.2, 25.0, 0.0, 0.0])
(385032445, [2.0, 0.18, 0.0, 0.45, 0.0, 3.6, 0.0, 2.6, 0.0, 0.0], [-1.62, 0.44, 2.53, -1.12, 355.93, 357.42, 0.04, 1.0], [0.21, 25.0, 0.0, 0.0])
(385132036, [2.0, 0.19, 0.0, 0.45, 0.0, 3.6, 0.0, 2.6, 0.0, 0.0], [-1.63, 0.13, 2.52, -0.69, 355.93, 357.06, 0.04, 1.0], [0.23, 25.0, 0.0, 0.0])
(385232089, [2.0, 0.19, 0.0, 0.44, 0.0, 3.6, 0.0, 2.62, 0.0, 0.0], [-1.64, 0.2, 2.51, -0.82, 355.93, 356.75, 0.04, 1.0], [0.25, 25.0, 0.0, 0.0])
(385332296, [2.0, 0.19, 0.0, 0.44, 0.0, 3.6, 0.0, 2.61, 0.0, 0.0], [-1.66, 0.12, 2.5, -0.53, 355.93, 356.4, 0.04, 1.0], [0.27, 25.0, 0.0, 0.0])
(385431902, [2.0, 0.18, 0.0, 0.44, 0.0, 3.6, 0.0, 2.58, 0.0, 0.0], [-1.66, 0.24, 2.5, -0.66, 355.93, 355.85, 0.04, 1.0], [0.28, 25.0, 0.0, 0.0])
(385531798, [2.0, 0.2, 0.0, 0.43, 0.0, 3.6, 0.0, 2.58, 0.0, 0.0], [-1.27, 0.49, 1.93, -0.73, 355.93, 355.39, 0.03, 1.0], [0.3, 25.0, 0.0, 0.0])
(385632332, [2.0, 0.19, 0.0, 0.43, 0.0, 3.6, 0.0, 2.6, 0.0, 0.0], [-0.62, 0.99, 0.95, -1.71, 355.93, 355.19, 0.03, 1.0], [0.31, 25.0, 0.0, 0.0])
(385732076, [2.0, 0.18, 0.0, 0.43, 0.0, 3.6, 0.0, 2.61, 0.0, 0.0], [-0.31, 1.56, 0.47, -2.33, 355.93, 355.31, 0.03, 1.0], [0.33, 25.0, 0.0, 0.0])
(385833507, [2.0, 0.19, 0.0, 0.42, 0.0, 3.6, 0.0, 2.6, 0.0, 0.0], [-0.15, 1.88, 0.23, -2.43, 355.93, 355.21, 0.03, 1.0], [0.34, 25.0, 0.0, 0.0])
(385932627, [2.0, 0.18, 0.0, 0.41, 0.0, 3.6, 0.0, 2.6, 0.0, 0.0], [-0.07, 1.51, 0.11, -1.92, 355.93, 355.44, 0.03, 1.0], [0.35, 25.0, 0.0, 0.0])
(386031894, [2.0, 0.2, 0.0, 0.41, 0.0, 3.6, 0.0, 2.63, 0.0, 0.0], [-0.03, 1.1, 0.05, -1.54, 355.93, 355.17, 0.03, 1.0], [0.36, 25.0, 0.0, 0.0])
(386131915, [2.0, 0.19, 0.0, 0.39, 0.0, 3.6, 0.0, 2.63, 0.0, 0.0], [-0.01, 1.17, 0.02, -1.33, 355.93, 355.28, 0.03, 1.0], [0.36, 25.0, 0.0, 0.0])
(386231912, [2.0, 0.19, 0.0, 0.38, 0.0, 3.6, 0.0, 3.6, 0.0, 0.0], [0.0, 1.0, 0.01, -0.85, 355.93, 355.14, 0.03, 1.0], [0.36, 25.0, 0.0, 0.0])
(386332315, [2.0, 0.19, 0.0, 0.37, 0.0, 3.6, 0.0, 2.66, 0.0, 0.0], [0.0, 0.81, 0.0, -0.28, 355.93, 355.1, 0.03, 1.0], [0.35, 25.0, 0.0, 0.0])
(386432324, [2.0, 0.18, 0.0, 0.36, 0.0, 3.6, 0.0, 2.68, 0.0, 0.0], [0.0, -0.06, 0.0, 1.03, 355.93, 354.62, 0.03, 1.0], [0.33, 25.0, 0.0, 0.0])
(386532291, [2.0, 0.19, 0.0, 0.35, 0.0, 3.6, 0.0, 2.68, 0.0, 0.0], [0.0, -0.86, 0.0, 2.0, 355.93, 354.12, 0.02, 1.0], [0.31, 25.0, 0.0, 0.0])
(386632068, [2.0, 0.19, 0.0, 0.34, 0.0, 3.6, 0.0, 2.74, 0.0, 0.0], [0.0, -0.24, 0.0, 0.61, 355.93, 353.66, 0.02, 1.0], [0.28, 25.0, 0.0, 0.0])
(386732405, [2.0, 0.19, 0.0, 0.32, 0.0, 3.6, 0.0, 2.74, 0.0, 0.0], [0.0, -0.07, 0.0, 0.38, 355.93, 353.43, 0.02, 1.0], [0.26, 25.0, 0.0, 0.0])
(386831912, [2.0, 0.19, 0.0, 0.31, 0.0, 3.6, 0.0, 2.76, 0.0, 0.0], [0.0, 0.34, 0.0, 0.18, 355.93, 353.25, 0.02, 1.0], [0.23, 25.0, 0.0, 0.0])
(386932397, [2.0, 0.19, 0.0, 0.29, 0.0, 3.6, 0.0, 2.78, 0.0, 0.0], [0.0, -0.82, 0.0, 1.51, 355.93, 353.3, 0.03, 1.0], [0.2, 25.0, 0.0, 0.0])
(387032259, [2.0, 0.19, 0.0, 0.28, 0.0, 3.6, 0.0, 2.78, 0.0, 0.0], [0.0, -1.37, 0.0, 1.53, 355.93, 353.6, 0.03, 1.0], [0.2, 25.0, 0.0, 0.0])
(387132275, [2.0, 0.19, 0.0, 0.26, 0.0, 3.6, 0.0, 3.6, 0.0, 0.0], [0.0, -0.99, 0.0, 1.35, 355.93, 354.02, 0.03, 1.0], [0.2, 25.0, 0.0, 0.0])
(387232171, [2.0, 0.18, 0.0, 0.25, 0.0, 3.6, 0.0, 2.81, 0.0, 0.0], [0.0, -0.96, 0.0, 1.13, 355.93, 353.99, 0.03, 1.0], [0.2, 25.0, 0.0, 0.0])
(387332212, [2.0, 0.18, 0.0, 0.23, 0.0, 3.6, 0.0, 2.81, 0.0, 0.0], [0.0, -0.98, 0.0, 1.48, 355.93, 354.05, 0.03, 1.0], [0.2, 25.0, 0.0, 0.0])
(387431753, [2.0, 0.19, 0.0, 0.22, 0.0, 3.6, 0.0, 3.6, 0.0, 0.0], [0.0, 1.25, 0.0, -1.23, 355.93, 354.07, 0.03, 1.0], [0.2, 25.0, 0.0, 0.0])
(387531723, [2.0, 0.19, 0.0, 0.2, 0.0, 3.6, 0.0, 3.6, 0.0, 0.0], [0.0, 0.18, 0.0, -1.18, 355.93, 354.33, 0.03, 1.0], [0.2, 25.0, 0.0, 0.0])
(387631898, [2.0, 0.19, 0.0, 0.2, 0.0, 3.6, 0.0, 2.89, 0.0, 0.0], [0.0, 0.05, 0.0, 0.61, 355.93, 354.56, 0.05, 1.0], [0.2, 25.0, 0.0, 0.0])
(387731780, [2.0, 0.19, 0.0, 0.19, 0.0, 3.6, 0.0, 2.87, 0.0, 0.0], [0.0, 0.5, 0.0, 0.82, 355.93, 354.88, 0.05, 1.0], [0.2, 25.0, 0.0, 0.0])
(387832334, [2.0, 0.19, 0.0, 0.19, 0.0, 3.6, 0.0, 2.87, 0.0, 0.0], [0.0, 0.4, 0.0, 0.97, 355.93, 354.92, 0.05, 1.0], [0.2, 25.0, 0.0, 0.0])
(387931918, [2.0, 0.19, 0.0, 0.19, 0.0, 3.6, 0.0, 3.6, 0.0, 0.0], [0.0, 0.38, 0.0, 0.85, 355.93, 354.93, 0.05, 1.0], [0.2, 25.0, 0.0, 0.0])
(388032566, [2.0, 0.18, 0.0, 0.19, 0.0, 3.6, 0.0, 2.88, 0.0, 0.0], [0.0, 0.39, 0.0, 0.86, 355.93, 355.04, 0.04, 1.0], [0.2, 25.0, 0.0, 0.0])
(388132324, [2.0, 0.19, 0.0, 0.19, 0.0, 3.6, 0.0, 2.88, 0.0, 0.0], [0.0, 0.39, 0.0, 0.85, 355.93, 355.03, 0.04, 1.0], [0.2, 25.0, 0.0, 0.0])
(388231930, [2.0, 0.19, 0.0, 0.19, 0.0, 3.6, 0.0, 3.6, 0.0, 0.0], [0.0, 0.41, 0.0, 0.83, 355.93, 355.0, 0.03, 1.0], [0.2, 25.0, 0.0, 0.0])
(388332387, [2.0, 0.18, 0.0, 0.19, 0.0, 3.6, 0.0, 3.6, 0.0, 0.0], [0.0, 0.39, 0.0, 0.87, 355.93, 354.96, 0.03, 1.0], [0.2, 25.0, 0.0, 0.0])
(388432189, [2.0, 0.18, 0.0, 0.19, 0.0, 3.6, 0.0, 2.86, 0.0, 0.0], [0.0, 0.41, 0.0, 0.85, 355.93, 354.98, 0.02, 1.0], [0.2, 25.0, 0.0, 0.0])
(388532031, [2.0, 0.19, 0.0, 0.19, 0.0, 3.6, 0.0, 2.86, 0.0, 0.0], [0.0, 0.43, 0.0, 0.83, 355.93, 355.02, 0.02, 1.0], [0.2, 25.0, 0.0, 0.0])
(388631952, [2.0, 0.19, 0.0, 0.19, 0.0, 3.6, 0.0, 3.6, 0.0, 0.0], [0.0, 0.42, 0.0, 0.81, 355.93, 355.04, 0.02, 1.0], [0.2, 25.0, 0.0, 0.0])
(388731960, [2.0, 0.19, 0.0, 0.19, 0.0, 3.6, 0.0, 3.6, 0.0, 0.0], [0.0, 0.4, 0.0, 0.86, 355.93, 354.99, 0.02, 1.0], [0.2, 25.0, 0.0, 0.0])
(388831951, [2.0, 0.18, 0.0, 0.19, 0.0, 3.6, 0.0, 2.86, 0.0, 0.0], [0.0, 0.41, 0.0, 0.85, 355.93, 355.02, 0.02, 1.0], [0.2, 25.0, 0.0, 0.0])
(388931955, [2.0, 0.19, 0.0, 0.19, 0.0, 3.6, 0.0, 2.86, 0.0, 0.0], [0.0, 0.41, 0.0, 0.85, 355.93, 355.02, 0.02, 1.0], [0.2, 25.0, 0.0, 0.0])
(389032467, [2.0, 0.2, 0.0, 0.19, 0.0, 3.6, 0.0, 2.85, 0.0, 0.0], [0.0, 0.4, 0.0, 0.86, 355.93, 355.0, 0.01, 1.0], [0.2, 25.0, 0.0, 0.0])
(389131896, [2.0, 0.18, 0.0, 0.19, 0.0, 3.6, 0.0, 2.89, 0.0, 0.0], [0.0, 0.41, 0.0, 0.86, 355.93, 355.03, 0.01, 1.0], [0.2, 25.0, 0.0, 0.0])
