(38240942, [2.0, 0.85, 0.0, 0.68, 0.0, 0.36, 0.0, 2.38, 0.0, 0.0], [0.0, 0.81, 0.0, 0.58, 359.07, 359.09, 0.0, 1.0], [0.2, 25.0, 0.0, 0.0])
(38340945, [2.0, 0.85, 0.0, 0.68, 0.0, 0.35, 0.0, 2.37, 0.0, 0.0], [0.0, 0.81, 0.0, 0.57, 359.07, 359.09, 0.0, 1.0], [0.2, 25.0, 0.0, 0.0])
(38440879, [2.0, 0.85, 0.0, 0.67, 0.0, 0.36, 0.0, 2.37, 0.0, 0.0], [0.0, 0.81, 0.0, 0.58, 359.07, 359.09, 0.0, 1.0], [0.2, 25.0, 0.0, 0.0])
(38541162, [2.0, 0.85, 0.0, 0.68, 0.0, 0.35, 0.0, 2.37, 0.0, 0.0], [0.0, 0.81, 0.0, 0.58, 359.07, 359.09, 0.0, 1.0], [0.2, 25.0, 0.0, 0.0])
(38640990, [2.0, 0.85, 0.0, 0.68, 0.0, 0.37, 0.0, 2.38, 0.0, 0.0], [0.0, 0.8, 0.0, 0.58, 359.06, 359.08, 0.0, 1.0], [0.2, 25.0, 0.0, 0.0])
(38740931, [2.0, 0.85, 0.0, 0.67, 0.0, 0.36, 0.0, 2.37, 0.0, 0.0], [0.0, 0.8, 0.0, 0.58, 359.06, 359.08, 0.0, 1.0], [0.2, 25.0, 0.0, 0.0])
(38841468, [2.0, 0.85, 0.0, 0.68, 0.0, 0.36, 0.0, 2.38, 0.0, 0.0], [0.0, 0.8, 0.0, 0.58, 359.06, 359.08, 0.0, 1.0], [0.2, 25.0, 0.0, 0.0])
(38941295, [2.0, 0.85, 0.0, 0.67, 0.0, 0.36, 0.0, 2.37, 0.0, 0.0], [0.0, 0.8, 0.0, 0.58, 359.06, 359.08, 0.0, 1.0], [0.2, 25.0, 0.0, 0.0])
(39040883, [2.0, 0.85, 0.0, 0.68, 0.0, 0.36, 0.0, 2.36, 0.0, 0.0], [0.0, 0.8, 0.0, 0.58, 359.06, 359.08, 0.0, 1.0], [0.2, 25.0, 0.0, 0.0])
(39140890, [2.0, 0.85, 0.0, 0.68, 0.0, 0.36, 0.0, 2.38, 0.0, 0.0], [0.0, 0.8, 0.0, 0.58, 359.06, 359.08, 0.0, 1.0], [0.2, 25.0, 0.0, 0.0])
(39240902, [2.0, 0.84, 0.0, 0.68, 0.0, 0.36, 0.0, 2.38, 0.0, 0.0], [0.0, 0.8, 0.0, 0.58, 359.06, 359.08, 0.0, 1.0], [0.2, 25.0, 0.0, 0.0])
(39340955, [2.0, 0.85, 0.0, 0.67, 0.0, 0.35, 0.0, 2.38, 0.0, 0.0], [0.0, 0.8, 0.0, 0.59, 359.06, 359.08, 0.0, 1.0], [0.2, 25.0, 0.0, 0.0])
(39440953, [2.0, 0.85, 0.0, 0.68, 0.0, 0.36, 0.0, 2.38, 0.0, 0.0], [0.0, 0.8, 0.0, 0.59, 359.06, 359.08, 0.0, 1.0], [0.2, 25.0, 0.0, 0.0])
(39540934, [2.0, 0.85, 0.0, 0.67, 0.0, 0.36, 0.0, 2.38, 0.0, 0.0], [0.0, 0.8, 0.0, 0.59, 359.06, 359.08, 0.0, 1.0], [0.2, 25.0, 0.0, 0.0])
(39640925, [2.0, 0.85, 0.0, 0.68, 0.0, 0.36, 0.0, 2.37, 0.0, 0.0], [0.0, 0.8, 0.0, 0.59, 359.05, 359.07, 0.0, 1.0], [0.2, 25.0, 0.0, 0.0])
(39741527, [2.0, 0.85, 0.0, 0.68, 0.0, 0.36, 0.0, 2.38, 0.0, 0.0], [0.0, 0.8, 0.0, 0.59, 359.05, 359.07, 0.0, 1.0], [0.2, 25.0, 0.0, 0.0])
(39840813, [2.0, 0.85, 0.0, 0.67, 0.0, 0.36, 0.0, 2.39, 0.0, 0.0], [0.0, 0.8, 0.0, 0.59, 359.05, 359.07, 0.0, 1.0], [0.2, 25.0, 0.0, 0.0])
(39941423, [2.0, 0.85, 0.0, 0.68, 0.0, 0.36, 0.0, 2.36, 0.0, 0.0], [0.0, 0.8, 0.0, 0.59, 359.05, 359.07, 0.0, 1.0], [0.2, 25.0, 0.0, 0.0])
(40040897, [2.0, 0.85, 0.0, 0.68, 0.0, 0.36, 0.0, 2.38, 0.0, 0.0], [0.0, 0.8, 0.0, 0.59, 359.05, 359.07, 0.0, 1.0], [0.2, 25.0, 0.0, 0.0])
(40140877, [2.0, 0.85, 0.0, 0.68, 0.0, 0.36, 0.0, 2.36, 0.0, 0.0], [0.0, 0.79, 0.0, 0.59, 359.05, 359.07, 0.0, 1.0], [0.2, 25.0, 0.0, 0.0])
(40240960, [2.0, 0.85, 0.0, 0.68, 0.0, 0.36, 0.0, 2.36, 0.0, 0.0], [0.0, 0.79, 0.0, 0.59, 359.05, 359.07, 0.0, 1.0], [0.2, 25.0, 0.0, 0.0])
(40340976, [2.0, 0.85, 0.0, 0.68, 0.0, 0.36, 0.0, 2.37, 0.0, 0.0], [0.0, 0.79, 0.0, 0.59, 359.05, 359.07, 0.0, 1.0], [0.2, 25.0, 0.0, 0.0])
(40440929, [2.0, 0.85, 0.0, 0.68, 0.0, 0.35, 0.0, 2.37, 0.0, 0.0], [0.0, 0.79, 0.0, 0.59, 359.05, 359.07, 0.0, 1.0], [0.2, 25.0, 0.0, 0.0])
(40540849, [2.0, 0.85, 0.0, 0.68, 0.0, 0.36, 0.0, 2.38, 0.0, 0.0], [0.0, 0.79, 0.0, 0.59, 359.05, 359.07, 0.0, 1.0], [0.2, 25.0, 0.0, 0.0])
(40640965, [2.0, 0.85, 0.0, 0.68, 0.0, 0.35, 0.0, 2.38, 0.0, 0.0], [0.0, 0.79, 0.0, 0.6, 359.05, 359.07, 0.0, 1.0], [0.2, 25.0, 0.0, 0.0])
(40741063, [2.0, 0.85, 0.0, 0.67, 0.0, 0.35, 0.0, 2.38, 0.0, 0.0], [0.0, 0.79, 0.0, 0.6, 359.05, 359.07, 0.0, 1.0], [0.2, 25.0, 0.0, 0.0])
(40840924, [2.0, 0.85, 0.0, 0.68, 0.0, 0.36, 0.0, 2.37, 0.0, 0.0], [0.0, 0.79, 0.0, 0.6, 359.05, 359.07, 0.0, 1.0], [0.2, 25.0, 0.0, 0.0])
(40940966, [2.0, 0.85, 0.0, 0.68, 0.0, 0.35, 0.0, 2.37, 0.0, 0.0], [0.0, 0.79, 0.0, 0.6, 359.05, 359.07, 0.0, 1.0], [0.2, 25.0, 0.0, 0.0])
(41040968, [2.0, 0.85, 0.0, 0.68, 0.0, 0.35, 0.0, 2.39, 0.0, 0.0], [0.0, 0.79, 0.0, 0.6, 359.05, 359.07, 0.0, 1.0], [0.2, 25.0, 0.0, 0.0])
(41140895, [2.0, 0.85, 0.0, 0.68, 0.0, 0.36, 0.0, 2.37, 0.0, 0.0], [0.0, 0.79, 0.0, 0.6, 359.05, 359.07, 0.0, 1.0], [0.2, 25.0, 0.0, 0.0])
(41240962, [2.0, 0.85, 0.0, 0.68, 0.0, 0.36, 0.0, 2.37, 0.0, 0.0], [0.0, 0.78, 0.0, 0.6, 359.05, 359.07, 0.0, 1.0], [0.2, 25.0, 0.0, 0.0])
(41340939, [2.0, 0.85, 0.0, 0.68, 0.0, 0.37, 0.0, 2.38, 0.0, 0.0], [0.0, 0.78, 0.0, 0.6, 359.06, 359.08, 0.0, 1.0], [0.2, 25.0, 0.0, 0.0])
(43140906, [2.0, 0.85, 0.0, 0.68, 0.0, 0.37, 0.0, 2.37, 0.0, 0.0], [0.0, 0.79, 0.0, 0.59, 359.05, 359.07, 0.0, 1.0], [0.2, 25.0, 0.0, 0.0])
(43240971, [2.0, 0.85, 0.0, 0.68, 0.0, 0.37, 0.0, 2.39, 0.0, 0.0], [0.0, 0.79, 0.0, 0.59, 359.05, 359.07, 0.0, 1.0], [0.2, 25.0, 0.0, 0.0])
(43341168, [2.0, 0.85, 0.0, 0.68, 0.0, 0.37, 0.0, 2.38, 0.0, 0.0], [0.0, 0.79, 0.0, 0.59, 359.05, 359.07, 0.0, 1.0], [0.54, 25.0, 0.0, 0.0])
(43440915, [2.0, 0.85, 0.0, 0.68, 0.0, 0.36, 0.0, 2.37, 0.0, 0.0], [0.0, 0.79, 0.0, 0.59, 359.04, 359.07, 0.0, 1.0], [0.2, 25.0, 0.0, 0.0])
(43540826, [2.0, 0.85, 0.0, 0.68, 0.0, 0.38, 0.0, 2.37, 0.0, 0.0], [0.0, 0.78, 0.0, 0.59, 359.05, 359.07, 0.0, 1.0], [0.2, 25.0, 0.0, 0.0])
(43640966, [2.0, 0.85, 0.0, 0.67, 0.0, 0.37, 0.0, 2.39, 0.0, 0.0], [0.0, 0.78, 0.0, 0.59, 359.05, 359.07, 0.0, 1.0], [0.2, 25.0, 0.0, 0.0])
(43741004, [2.0, 0.85, 0.0, 0.67, 0.0, 0.37, 0.0, 2.37, 0.0, 0.0], [0.0, 0.78, 0.0, 0.59, 359.05, 359.07, 0.0, 1.0], [0.2, 25.0, 0.0, 0.0])
(43840847, [2.0, 0.85, 0.0, 0.68, 0.0, 0.39, 0.0, 2.38, 0.0, 0.0], [0.0, 0.77, 0.0, 0.59, 359.04, 359.07, 0.0, 1.0], [0.2, 25.0, 0.0, 0.0])
(43940944, [2.0, 0.85, 0.0, 0.68, 0.0, 3.6, 0.0, 2.37, 0.0, 0.0], [0.0, 0.77, 0.0, 0.59, 359.04, 359.06, 0.0, 1.0], [0.2, 25.0, 0.0, 0.0])
(44040914, [2.0, 0.85, 0.0, 0.68, 0.0, 3.6, 0.0, 2.37, 0.0, 0.0], [0.0, 0.77, 0.0, 0.59, 359.05, 359.07, 0.0, 1.0], [0.2, 25.0, 0.0, 0.0])
(44141498, [2.0, 0.85, 0.0, 0.67, 0.0, 3.6, 0.0, 2.39, 0.0, 0.0], [0.0, 0.77, 0.0, 0.59, 359.05, 359.07, 0.0, 1.0], [0.2, 25.0, 0.0, 0.0])
(44240904, [2.0, 0.85, 0.0, 0.68, 0.0, 3.6, 0.0, 2.37, 0.0, 0.0], [0.0, 0.77, 0.0, 0.59, 359.04, 359.07, 0.0, 1.0], [0.2, 25.0, 0.0, 0.0])
(44340902, [2.0, 0.85, 0.0, 0.68, 0.0, 0.37, 0.0, 2.38, 0.0, 0.0], [0.0, 0.76, 0.0, 0.59, 359.04, 359.06, 0.0, 1.0], [0.2, 25.0, 0.0, 0.0])
(44440943, [2.0, 0.85, 0.0, 0.68, 0.0, 0.37, 0.0, 2.38, 0.0, 0.0], [0.0, 0.76, 0.0, 0.59, 359.04, 359.06, 0.0, 1.0], [0.2, 25.0, 0.0, 0.0])
(44541574, [2.0, 0.85, 0.0, 0.68, 0.0, 0.37, 0.0, 2.36, 0.0, 0.0], [0.0, 0.76, 0.0, 0.59, 359.04, 359.06, 0.0, 1.0], [0.2, 25.0, 0.0, 0.0])
(44640950, [2.0, 0.85, 0.0, 0.68, 0.0, 0.38, 0.0, 2.37, 0.0, 0.0], [0.0, 0.76, 0.0, 0.59, 359.04, 359.06, 0.0, 1.0], [0.2, 25.0, 0.0, 0.0])
(44741633, [2.0, 0.85, 0.0, 0.68, 0.0, 0.38, 0.0, 2.38, 0.0, 0.0], [0.0, 0.76, 0.0, 0.59, 359.04, 359.06, 0.0, 1.0], [0.2, 25.0, 0.0, 0.0])
(44840806, [2.0, 0.85, 0.0, 0.68, 0.0, 0.37, 0.0, 2.36, 0.0, 0.0], [0.0, 0.76, 0.0, 0.59, 359.04, 359.06, 0.0, 1.0], [0.2, 25.0, 0.0, 0.0])
(44940919, [2.0, 0.85, 0.0, 0.68, 0.0, 0.38, 0.0, 2.38, 0.0, 0.0], [0.0, 0.76, 0.0, 0.59, 359.04, 359.06, 0.0, 1.0], [0.2, 25.0, 0.0, 0.0])
(48340971, [2.0, 0.85, 0.0, 0.67, 0.0, 0.38, 0.0, 2.38, 0.0, 0.0], [0.0, 0.79, 0.0, 0.59, 359.03, 359.05, 0.0, 1.0], [0.2, 25.0, 0.0, 0.0])
(48440851, [2.0, 0.85, 0.0, 0.67, 0.0, 0.38, 0.0, 2.36, 0.0, 0.0], [0.0, 0.79, 0.0, 0.59, 359.03, 359.05, 0.0, 1.0], [0.2, 25.0, 0.0, 0.0])
(48540790, [2.0, 0.85, 0.0, 0.68, 0.0, 3.6, 0.0, 2.38, 0.0, 0.0], [0.0, 0.79, 0.0, 0.58, 359.03, 359.05, 0.0, 1.0], [0.2, 25.0, 0.0, 0.0])
(48640951, [2.0, 0.85, 0.0, 0.68, 0.0, 0.38, 0.0, 2.38, 0.0, 0.0], [0.0, 0.78, 0.0, 0.58, 359.03, 359.05, 0.0, 1.0], [0.2, 25.0, 0.0, 0.0])
(48741016, [2.0, 0.85, 0.0, 0.68, 0.0, 3.6, 0.0, 2.37, 0.0, 0.0], [0.0, 0.78, 0.0, 0.58, 359.03, 359.06, 0.0, 1.0], [0.2, 25.0, 0.0, 0.0])
(48840800, [2.0, 0.85, 0.0, 0.68, 0.0, 3.6, 0.0, 2.37, 0.0, 0.0], [0.0, 0.78, 0.0, 0.58, 359.03, 359.06, 0.0, 1.0], [0.2, 25.0, 0.0, 0.0])
(48941023, [2.0, 0.85, 0.0, 0.68, 0.0, 0.38, 0.0, 2.38, 0.0, 0.0], [0.0, 0.79, 0.0, 0.58, 359.03, 359.05, 0.0, 1.0], [0.2, 25.0, 0.0, 0.0])
(49041012, [2.0, 0.85, 0.0, 0.68, 0.0, 0.38, 0.0, 2.38, 0.0, 0.0], [0.0, 0.78, 0.0, 0.58, 359.04, 359.06, 0.0, 1.0], [0.2, 25.0, 0.0, 0.0])
(49140981, [2.0, 0.85, 0.0, 0.67, 0.0, 0.38, 0.0, 2.39, 0.0, 0.0], [0.0, 0.78, 0.0, 0.58, 359.03, 359.05, 0.0, 1.0], [0.2, 25.0, 0.0, 0.0])
(49241012, [2.0, 0.85, 0.0, 0.67, 0.0, 0.38, 0.0, 2.37, 0.0, 0.0], [0.0, 0.77, 0.0, 0.58, 359.03, 359.05, 0.0, 1.0], [0.2, 25.0, 0.0, 0.0])
(49340989, [2.0, 0.85, 0.0, 0.68, 0.0, 0.38, 0.0, 2.38, 0.0, 0.0], [0.0, 0.77, 0.0, 0.58, 359.03, 359.05, 0.0, 1.0], [0.2, 25.0, 0.0, 0.0])
(49440943, [2.0, 0.85, 0.0, 0.68, 0.0, 0.38, 0.0, 2.39, 0.0, 0.0], [0.0, 0.77, 0.0, 0.58, 359.03, 359.05, 0.0, 1.0], [0.2, 25.0, 0.0, 0.0])
(49540953, [2.0, 0.85, 0.0, 0.68, 0.0, 0.38, 0.0, 2.37, 0.0, 0.0], [0.0, 0.77, 0.0, 0.58, 359.03, 359.05, 0.0, 1.0], [0.2, 25.0, 0.0, 0.0])
(49640925, [2.0, 0.85, 0.0, 0.68, 0.0, 0.38, 0.0, 2.37, 0.0, 0.0], [0.0, 0.77, 0.0, 0.58, 359.03, 359.05, 0.0, 1.0], [0.2, 25.0, 0.0, 0.0])
(49741047, [2.0, 0.85, 0.0, 0.68, 0.0, 0.38, 0.0, 2.37, 0.0, 0.0], [0.0, 0.77, 0.0, 0.58, 359.03, 359.05, 0.0, 1.0], [0.2, 25.0, 0.0, 0.0])
(49840877, [2.0, 0.85, 0.0, 0.68, 0.0, 0.38, 0.0, 2.37, 0.0, 0.0], [0.0, 0.76, 0.0, 0.58, 359.03, 359.05, 0.0, 1.0], [0.2, 25.0, 0.0, 0.0])
(49940908, [2.0, 0.85, 0.0, 0.68, 0.0, 3.6, 0.0, 2.38, 0.0, 0.0], [0.0, 0.76, 0.0, 0.59, 359.03, 359.05, 0.0, 1.0], [0.2, 25.0, 0.0, 0.0])
(50041065, [2.0, 0.85, 0.0, 0.68, 0.0, 0.38, 0.0, 2.38, 0.0, 0.0], [0.0, 0.76, 0.0, 0.58, 359.03, 359.05, 0.0, 1.0], [0.2, 25.0, 0.0, 0.0])
(50140872, [2.0, 0.85, 0.0, 0.68, 0.0, 0.38, 0.0, 2.38, 0.0, 0.0], [0.0, 0.75, 0.0, 0.58, 359.03, 359.05, 0.0, 1.0], [0.2, 25.0, 0.0, 0.0])
(50240801, [2.0, 0.85, 0.0, 0.67, 0.0, 0.38, 0.0, 2.39, 0.0, 0.0], [0.0, 0.75, 0.0, 0.59, 359.03, 359.05, 0.0, 1.0], [0.2, 25.0, 0.0, 0.0])
(50340932, [2.0, 0.85, 0.0, 0.68, 0.0, 0.38, 0.0, 2.38, 0.0, 0.0], [0.0, 0.75, 0.0, 0.59, 359.03, 359.05, 0.0, 1.0], [0.2, 25.0, 0.0, 0.0])
(50440976, [2.0, 0.85, 0.0, 0.68, 0.0, 0.38, 0.0, 2.37, 0.0, 0.0], [0.0, 0.75, 0.0, 0.59, 359.04, 359.06, 0.0, 1.0], [0.2, 25.0, 0.0, 0.0])
(50540903, [2.0, 0.85, 0.0, 0.68, 0.0, 3.6, 0.0, 2.35, 0.0, 0.0], [0.0, 0.75, 0.0, 0.59, 359.04, 359.06, 0.0, 1.0], [0.2, 25.0, 0.0, 0.0])
(50640793, [2.0, 0.85, 0.0, 0.68, 0.0, 3.6, 0.0, 2.37, 0.0, 0.0], [0.0, 0.74, 0.0, 0.58, 359.04, 359.06, 0.0, 1.0], [0.2, 25.0, 0.0, 0.0])
(50741167, [2.0, 0.85, 0.0, 0.67, 0.0, 3.6, 0.0, 2.37, 0.0, 0.0], [0.0, 0.74, 0.0, 0.58, 359.04, 359.06, 0.0, 1.0], [0.2, 25.0, 0.0, 0.0])
(50841018, [2.0, 0.85, 0.0, 0.67, 0.0, 3.6, 0.0, 2.39, 0.0, 0.0], [0.0, 0.74, 0.0, 0.58, 359.04, 359.06, 0.0, 1.0], [0.2, 25.0, 0.0, 0.0])
(50941001, [2.0, 0.85, 0.0, 0.67, 0.0, 0.38, 0.0, 2.38, 0.0, 0.0], [0.0, 0.74, 0.0, 0.58, 359.04, 359.06, 0.0, 1.0], [0.2, 25.0, 0.0, 0.0])
(51040938, [2.0, 0.85, 0.0, 0.68, 0.0, 0.38, 0.0, 2.38, 0.0, 0.0], [0.0, 0.74, 0.0, 0.58, 359.04, 359.06, 0.0, 1.0], [0.2, 25.0, 0.0, 0.0])
(51140947, [2.0, 0.85, 0.0, 0.68, 0.0, 0.38, 0.0, 2.37, 0.0, 0.0], [0.0, 0.74, 0.0, 0.58, 359.04, 359.06, 0.0, 1.0], [0.2, 25.0, 0.0, 0.0])
(51240972, [2.0, 0.85, 0.0, 0.68, 0.0, 3.6, 0.0, 2.37, 0.0, 0.0], [0.0, 0.74, 0.0, 0.58, 359.04, 359.06, 0.0, 1.0], [0.2, 25.0, 0.0, 0.0])
(51340972, [2.0, 0.85, 0.0, 0.68, 0.0, 3.6, 0.0, 2.37, 0.0, 0.0], [0.0, 0.73, 0.0, 0.58, 359.04, 359.06, 0.0, 1.0], [0.2, 25.0, 0.0, 0.0])
(51440958, [2.0, 0.85, 0.0, 0.68, 0.0, 0.38, 0.0, 2.36, 0.0, 0.0], [0.0, 0.73, 0.0, 0.58, 359.04, 359.06, 0.0, 1.0], [0.2, 25.0, 0.0, 0.0])
(51540877, [2.0, 0.85, 0.0, 0.68, 0.0, 0.38, 0.0, 2.37, 0.0, 0.0], [0.0, 0.73, 0.0, 0.58, 359.04, 359.06, 0.0, 1.0], [0.2, 25.0, 0.0, 0.0])
(51640917, [2.0, 0.85, 0.0, 0.68, 0.0, 0.39, 0.0, 2.38, 0.0, 0.0], [0.0, 0.73, 0.0, 0.58, 359.04, 359.06, 0.0, 1.0], [0.2, 25.0, 0.0, 0.0])
(51741054, [2.0, 0.85, 0.0, 0.68, 0.0, 0.39, 0.0, 2.38, 0.0, 0.0], [0.0, 0.73, 0.0, 0.58, 359.04, 359.06, 0.0, 1.0], [0.2, 25.0, 0.0, 0.0])
(51840862, [2.0, 0.85, 0.0, 0.68, 0.0, 0.38, 0.0, 2.38, 0.0, 0.0], [0.0, 0.73, 0.0, 0.58, 359.04, 359.06, 0.0, 1.0], [0.2, 25.0, 0.0, 0.0])
(51940787, [2.0, 0.85, 0.0, 0.68, 0.0, 0.38, 0.0, 2.36, 0.0, 0.0], [0.0, 0.73, 0.0, 0.58, 359.04, 359.06, 0.0, 1.0], [0.2, 25.0, 0.0, 0.0])
(52040926, [2.0, 0.85, 0.0, 0.68, 0.0, 3.6, 0.0, 2.37, 0.0, 0.0], [0.0, 0.73, 0.0, 0.58, 359.04, 359.06, 0.0, 1.0], [0.2, 25.0, 0.0, 0.0])
(52140829, [2.0, 0.85, 0.0, 0.68, 0.0, 0.39, 0.0, 2.38, 0.0, 0.0], [0.0, 0.73, 0.0, 0.58, 359.04, 359.06, 0.0, 1.0], [0.2, 25.0, 0.0, 0.0])
(52240884, [2.0, 0.85, 0.0, 0.68, 0.0, 0.39, 0.0, 2.37, 0.0, 0.0], [0.0, 0.73, 0.0, 0.58, 359.04, 359.06, 0.0, 1.0], [0.2, 25.0, 0.0, 0.0])
(52340990, [2.0, 0.85, 0.0, 0.67, 0.0, 0.39, 0.0, 2.36, 0.0, 0.0], [0.0, 0.73, 0.0, 0.58, 359.04, 359.06, 0.0, 1.0], [0.2, 25.0, 0.0, 0.0])
(52440934, [2.0, 0.85, 0.0, 0.68, 0.0, 3.6, 0.0, 2.36, 0.0, 0.0], [0.0, 0.73, 0.0, 0.57, 359.04, 359.06, 0.0, 1.0], [0.2, 25.0, 0.0, 0.0])
(52540888, [2.0, 0.85, 0.0, 0.67, 0.0, 0.4, 0.0, 2.36, 0.0, 0.0], [0.0, 0.73, 0.0, 0.57, 359.04, 359.06, 0.0, 1.0], [0.2, 25.0, 0.0, 0.0])
(52640967, [2.0, 0.85, 0.0, 0.68, 0.0, 0.39, 0.0, 2.37, 0.0, 0.0], [0.0, 0.73, 0.0, 0.57, 359.04, 359.06, 0.0, 1.0], [0.2, 25.0, 0.0, 0.0])
(52741042, [2.0, 0.85, 0.0, 0.68, 0.0, 0.39, 0.0, 2.37, 0.0, 0.0], [0.0, 0.72, 0.0, 0.57, 359.04, 359.06, 0.0, 1.0], [0.2, 25.0, 0.0, 0.0])
(52840968, [2.0, 0.85, 0.0, 0.68, 0.0, 0.39, 0.0, 2.38, 0.0, 0.0], [0.0, 0.72, 0.0, 0.57, 359.04, 359.06, 0.0, 1.0], [0.2, 25.0, 0.0, 0.0])
(52940976, [2.0, 0.85, 0.0, 0.68, 0.0, 0.39, 0.0, 2.37, 0.0, 0.0], [0.0, 0.72, 0.0, 0.57, 359.04, 359.06, 0.0, 1.0], [0.2, 25.0, 0.0, 0.0])
(53040953, [2.0, 0.85, 0.0, 0.68, 0.0, 0.39, 0.0, 2.36, 0.0, 0.0], [0.0, 0.72, 0.0, 0.57, 359.04, 359.06, 0.0, 1.0], [0.2, 25.0, 0.0, 0.0])
(53140955, [2.0, 0.85, 0.0, 0.68, 0.0, 0.39, 0.0, 2.38, 0.0, 0.0], [0.0, 0.72, 0.0, 0.57, 359.04, 359.06, 0.0, 1.0], [0.2, 25.0, 0.0, 0.0])
(53240966, [2.0, 0.85, 0.0, 0.68, 0.0, 0.39, 0.0, 2.38, 0.0, 0.0], [0.0, 0.72, 0.0, 0.57, 359.04, 359.06, 0.0, 1.0], [0.2, 25.0, 0.0, 0.0])
(53340997, [2.0, 0.85, 0.0, 0.68, 0.0, 0.39, 0.0, 2.37, 0.0, 0.0], [0.0, 0.72, 0.0, 0.57, 359.04, 359.06, 0.0, 1.0], [0.2, 25.0, 0.0, 0.0])
(53440971, [2.0, 0.85, 0.0, 0.68, 0.0, 0.39, 0.0, 2.39, 0.0, 0.0], [0.0, 0.72, 0.0, 0.57, 359.04, 359.06, 0.0, 1.0], [0.2, 25.0, 0.0, 0.0])
(53540824, [2.0, 0.85, 0.0, 0.68, 0.0, 0.39, 0.0, 2.37, 0.0, 0.0], [0.0, 0.72, 0.0, 0.57, 359.04, 359.06, 0.0, 1.0], [0.2, 25.0, 0.0, 0.0])
(53640854, [2.0, 0.85, 0.0, 0.68, 0.0, 0.39, 0.0, 2.38, 0.0, 0.0], [0.0, 0.72, 0.0, 0.57, 359.04, 359.06, 0.0, 1.0], [0.2, 25.0, 0.0, 0.0])
(53741030, [2.0, 0.85, 0.0, 0.68, 0.0, 0.39, 0.0, 2.38, 0.0, 0.0], [0.0, 0.73, 0.0, 0.56, 359.04, 359.06, 0.0, 1.0], [0.2, 25.0, 0.0, 0.0])
(53840892, [2.0, 0.85, 0.0, 0.68, 0.0, 0.39, 0.0, 2.37, 0.0, 0.0], [0.0, 0.73, 0.0, 0.57, 359.04, 359.06, 0.0, 1.0], [0.2, 25.0, 0.0, 0.0])
(53940857, [2.0, 0.85, 0.0, 0.68, 0.0, 0.39, 0.0, 2.38, 0.0, 0.0], [-0.84, 0.72, -1.19, 0.57, 359.04, 359.06, 0.0, 1.0], [0.2, 25.0, 0.0, 0.0])
(54041714, [2.0, 0.85, 0.0, 0.68, 0.0, 0.39, 0.0, 2.37, 0.0, 0.0], [-1.26, 0.73, -1.82, 0.56, 359.04, 359.06, 0.0, 1.0], [0.2, 25.0, 0.0, 0.0])
(54141039, [2.0, 0.85, 0.0, 0.68, 0.0, 0.4, 0.0, 2.38, 0.0, 0.0], [-1.48, 0.73, -2.12, 0.56, 359.04, 359.05, 0.0, 1.0], [0.2, 25.0, 0.0, 0.0])
(54241033, [2.0, 0.85, 0.0, 0.68, 0.0, 0.4, 0.0, 2.37, 0.0, 0.0], [-1.6, 0.73, -2.27, 0.56, 359.04, 359.06, 0.0, 1.0], [0.2, 25.0, 0.0, 0.0])
(54340972, [2.0, 0.85, 0.0, 0.68, 0.0, 0.39, 0.0, 2.37, 0.0, 0.0], [-1.64, 0.73, -2.35, 0.56, 359.04, 359.06, 0.0, 1.0], [0.2, 25.0, 0.0, 0.0])
(54441068, [2.0, 0.85, 0.0, 0.68, 0.0, 0.4, 0.0, 2.36, 0.0, 0.0], [-1.67, 0.73, -2.38, 0.56, 359.04, 359.06, 0.0, 1.0], [0.2, 25.0, 0.0, 0.0])
(54541201, [2.0, 0.85, 0.0, 0.68, 0.0, 0.4, 0.0, 2.37, 0.0, 0.0], [-1.68, 0.73, -2.4, 0.55, 359.04, 359.06, 0.0, 1.0], [0.2, 25.0, 0.0, 0.0])
(54641018, [2.0, 0.85, 0.0, 0.67, 0.0, 0.39, 0.0, 2.38, 0.0, 0.0], [-1.7, 0.73, -2.4, 0.55, 359.04, 359.05, 0.0, 1.0], [0.2, 25.0, 0.0, 0.0])
(54741642, [2.0, 0.85, 0.0, 0.68, 0.0, 0.39, 0.0, 2.37, 0.0, 0.0], [-1.7, 0.73, -2.41, 0.55, 359.04, 359.06, 0.0, 1.0], [0.2, 25.0, 0.0, 0.0])
(54842006, [2.0, 0.85, 0.0, 0.67, 0.0, 0.4, 0.0, 2.39, 0.0, 0.0], [-1.71, 0.73, -2.4, 0.55, 359.04, 359.05, 0.0, 1.0], [0.2, 25.0, 0.0, 0.0])
(54940967, [2.0, 0.85, 0.0, 0.68, 0.0, 0.4, 0.0, 2.36, 0.0, 0.0], [-1.71, 0.73, -2.41, 0.55, 359.04, 359.05, 0.0, 1.0], [0.2, 25.0, 0.0, 0.0])
(55040992, [2.0, 0.85, 0.0, 0.67, 0.0, 0.4, 0.0, 2.39, 0.0, 0.0], [-1.72, 0.73, -2.4, 0.55, 359.04, 359.05, 0.0, 1.0], [0.2, 25.0, 0.0, 0.0])
(55141039, [2.0, 0.85, 0.0, 0.67, 0.0, 0.39, 0.0, 2.36, 0.0, 0.0], [-1.72, 0.73, -2.4, 0.55, 359.04, 359.05, 0.0, 1.0], [0.2, 25.0, 0.0, 0.0])
(55240980, [2.0, 0.85, 0.0, 0.68, 0.0, 0.39, 0.0, 2.37, 0.0, 0.0], [-1.7, 0.73, -2.41, 0.55, 359.04, 359.05, 0.0, 1.0], [0.2, 25.0, 0.0, 0.0])
(55341010, [2.0, 0.85, 0.0, 0.68, 0.0, 0.39, 0.0, 2.37, 0.0, 0.0], [-1.7, 0.72, -2.41, 0.55, 359.04, 359.05, 0.0, 1.0], [0.2, 25.0, 0.0, 0.0])
(55441113, [2.0, 0.85, 0.0, 0.68, 0.0, 0.39, 0.0, 2.37, 0.0, 0.0], [-1.69, 0.72, -2.42, 0.55, 359.04, 359.05, 0.0, 1.0], [0.2, 25.0, 0.0, 0.0])
(55541021, [2.0, 0.85, 0.0, 0.67, 0.0, 0.39, 0.0, 2.37, 0.0, 0.0], [-1.69, 0.72, -2.42, 0.55, 359.04, 359.05, 0.0, 1.0], [0.2, 25.0, 0.0, 0.0])
(55640904, [2.0, 0.85, 0.0, 0.68, 0.0, 0.39, 0.0, 2.37, 0.0, 0.0], [-1.69, 0.72, -2.42, 0.55, 359.04, 359.05, 0.0, 1.0], [0.2, 25.0, 0.0, 0.0])
(65841264, [2.0, 0.85, 0.0, 0.68, 0.0, 0.28, 0.0, 2.38, 0.0, 0.0], [0.0, 0.82, 0.0, 0.55, 359.05, 359.08, 0.0, 1.0], [0.2, 25.0, 0.0, 0.0])
(65941009, [2.0, 0.85, 0.0, 0.67, 0.0, 0.27, 0.0, 2.38, 0.0, 0.0], [0.0, 0.8, 0.0, 0.59, 359.06, 359.08, 0.0, 1.0], [0.2, 25.0, 0.0, 0.0])
(66041013, [2.0, 0.85, 0.0, 0.68, 0.0, 0.27, 0.0, 2.37, 0.0, 0.0], [0.0, 0.77, 0.0, 0.63, 359.11, 359.13, 0.0, 1.0], [0.2, 25.0, 0.0, 0.0])
(66141131, [2.0, 0.85, 0.0, 0.68, 0.0, 0.27, 0.0, 2.37, 0.0, 0.0], [0.0, 0.63, 0.0, 0.91, 359.85, 359.92, 0.0, 1.0], [0.2, 25.0, 0.0, 0.0])
(66241121, [2.0, 0.85, 0.0, 0.68, 0.0, 0.28, 0.0, 2.38, 0.0, 0.0], [0.0, 0.63, 0.0, 0.92, 2.2, 2.28, 0.0, 1.0], [0.2, 25.0, 0.0, 0.0])
(66341064, [2.0, 0.85, 0.0, 0.67, 0.0, 0.28, 0.0, 2.39, 0.0, 0.0], [0.0, 0.7, 0.0, 0.68, 6.97, 7.13, 0.0, 1.0], [0.2, 25.0, 0.0, 0.0])
(66441069, [2.0, 0.85, 0.0, 0.68, 0.0, 0.27, 0.0, 2.39, 0.0, 0.0], [0.0, 0.72, 0.0, 0.54, 11.41, 11.52, 0.01, 1.0], [0.2, 25.0, 0.0, 0.0])
(66540994, [2.0, 0.86, 0.0, 0.68, 0.0, 0.25, 0.0, 2.43, 0.0, 0.0], [0.0, 0.68, 0.0, 0.61, 13.18, 13.19, 0.01, 1.0], [0.2, 25.0, 0.0, 0.0])
(66640970, [2.0, 0.86, 0.0, 0.68, 0.0, 0.25, 0.0, 2.44, 0.0, 0.0], [0.0, 0.73, 0.0, 0.55, 13.14, 13.15, 0.01, 1.0], [0.2, 25.0, 0.0, 0.0])
(66741095, [2.0, 0.85, 0.0, 0.68, 0.0, 0.27, 0.0, 2.44, 0.0, 0.0], [0.0, 0.71, 0.0, 0.54, 13.12, 13.14, 0.01, 1.0], [0.2, 25.0, 0.0, 0.0])
(66840998, [2.0, 0.85, 0.0, 0.68, 0.0, 0.33, 0.0, 2.44, 0.0, 0.0], [0.0, 0.73, 0.0, 0.54, 13.12, 13.13, 0.01, 1.0], [0.2, 25.0, 0.0, 0.0])
(66941015, [2.0, 0.86, 0.0, 0.67, 0.0, 0.36, 0.0, 2.43, 0.0, 0.0], [0.0, 0.73, 0.0, 0.55, 13.12, 13.13, 0.01, 1.0], [0.2, 25.0, 0.0, 0.0])
(67040924, [2.0, 0.85, 0.0, 0.68, 0.0, 0.36, 0.0, 2.44, 0.0, 0.0], [0.0, 0.77, 0.0, 0.44, 12.41, 12.3, 0.01, 1.0], [0.2, 25.0, 0.0, 0.0])
(67140929, [2.0, 0.82, 0.0, 0.67, 0.0, 0.29, 0.0, 2.46, 0.0, 0.0], [0.0, 0.88, 0.0, 0.45, 6.05, 5.98, 0.01, 1.0], [0.2, 25.0, 0.0, 0.0])
(67241005, [2.0, 0.81, 0.0, 0.67, 0.0, 0.31, 0.0, 2.4, 0.0, 0.0], [0.0, 0.81, 0.0, 0.16, 3.03, 2.95, 0.01, 1.0], [0.2, 25.0, 0.0, 0.0])
(67341018, [2.0, 0.79, 0.0, 0.67, 0.0, 0.32, 0.0, 2.41, 0.0, 0.0], [0.0, 0.83, 0.0, 0.53, 2.08, 2.1, 0.01, 1.0], [0.2, 25.0, 0.0, 0.0])
(67440912, [2.0, 0.79, 0.0, 0.66, 0.0, 0.35, 0.0, 2.4, 0.0, 0.0], [0.0, 0.81, 0.0, 0.51, 2.05, 2.07, 0.02, 1.0], [0.2, 25.0, 0.0, 0.0])
(67540998, [2.0, 0.79, 0.0, 0.66, 0.0, 0.46, 0.0, 2.41, 0.0, 0.0], [0.0, 0.85, 0.0, 0.54, 2.05, 2.06, 0.02, 1.0], [0.2, 25.0, 0.0, 0.0])
(67641079, [2.0, 0.79, 0.0, 0.66, 0.0, 0.48, 0.0, 2.4, 0.0, 0.0], [0.0, 0.86, 0.0, 0.56, 2.06, 2.07, 0.01, 1.0], [0.2, 25.0, 0.0, 0.0])
(67741080, [2.0, 0.79, 0.0, 0.66, 0.0, 0.5, 0.0, 2.4, 0.0, 0.0], [0.0, 0.85, 0.0, 0.55, 2.06, 2.07, 0.01, 1.0], [0.2, 25.0, 0.0, 0.0])
(67840982, [2.0, 0.79, 0.0, 0.66, 0.0, 0.51, 0.0, 2.39, 0.0, 0.0], [0.0, 0.84, 0.0, 0.53, 2.06, 2.07, 0.01, 1.0], [0.2, 25.0, 0.0, 0.0])
(67941031, [2.0, 0.79, 0.0, 0.66, 0.0, 0.54, 0.0, 2.4, 0.0, 0.0], [0.0, 0.84, 0.0, 0.52, 2.06, 2.07, 0.01, 1.0], [0.2, 25.0, 0.0, 0.0])
(68041025, [2.0, 0.79, 0.0, 0.66, 0.0, 0.53, 0.0, 2.39, 0.0, 0.0], [0.0, 0.84, 0.0, 0.53, 2.06, 2.07, 0.01, 1.0], [0.2, 25.0, 0.0, 0.0])
(68141235, [2.0, 0.79, 0.0, 0.66, 0.0, 0.53, 0.0, 2.4, 0.0, 0.0], [0.0, 0.84, 0.0, 0.54, 2.06, 2.07, 0.01, 1.0], [0.2, 25.0, 0.0, 0.0])
(68241027, [2.0, 0.79, 0.0, 0.66, 0.0, 0.53, 0.0, 2.4, 0.0, 0.0], [0.0, 0.84, 0.0, 0.54, 2.06, 2.07, 0.0, 1.0], [0.2, 25.0, 0.0, 0.0])
(68341024, [2.0, 0.79, 0.0, 0.66, 0.0, 0.42, 0.0, 2.41, 0.0, 0.0], [0.0, 0.84, 0.0, 0.54, 2.06, 2.08, 0.0, 1.0], [0.2, 25.0, 0.0, 0.0])
(68441011, [2.0, 0.79, 0.0, 0.67, 0.0, 0.4, 0.0, 2.41, 0.0, 0.0], [0.0, 0.84, 0.0, 0.54, 2.07, 2.08, 0.0, 1.0], [0.2, 25.0, 0.0, 0.0])
(68541011, [2.0, 0.79, 0.0, 0.66, 0.0, 0.4, 0.0, 2.4, 0.0, 0.0], [0.0, 0.84, 0.0, 0.54, 2.07, 2.08, 0.0, 1.0], [0.2, 25.0, 0.0, 0.0])
(68641013, [2.0, 0.79, 0.0, 0.66, 0.0, 0.4, 0.0, 2.4, 0.0, 0.0], [0.0, 0.84, 0.0, 0.54, 2.07, 2.08, 0.0, 1.0], [0.2, 25.0, 0.0, 0.0])
(68741337, [2.0, 0.79, 0.0, 0.66, 0.0, 0.44, 0.0, 2.4, 0.0, 0.0], [0.0, 0.84, 0.0, 0.54, 2.07, 2.08, 0.0, 1.0], [0.2, 25.0, 0.0, 0.0])
(68840928, [2.0, 0.79, 0.0, 0.66, 0.0, 0.45, 0.0, 2.4, 0.0, 0.0], [0.0, 0.84, 0.0, 0.54, 2.07, 2.08, 0.0, 1.0], [0.2, 25.0, 0.0, 0.0])
(68941000, [2.0, 0.79, 0.0, 0.66, 0.0, 0.5, 0.0, 2.4, 0.0, 0.0], [0.0, 0.83, 0.0, 0.54, 2.06, 2.08, 0.0, 1.0], [0.2, 25.0, 0.0, 0.0])
(69040911, [2.0, 0.79, 0.0, 0.66, 0.0, 0.5, 0.0, 2.41, 0.0, 0.0], [0.0, 0.83, 0.0, 0.54, 2.07, 2.08, 0.0, 1.0], [0.2, 25.0, 0.0, 0.0])
(69140915, [2.0, 0.79, 0.0, 0.66, 0.0, 0.47, 0.0, 2.4, 0.0, 0.0], [0.0, 0.83, 0.0, 0.55, 2.06, 2.08, 0.0, 1.0], [0.2, 25.0, 0.0, 0.0])
(69241003, [2.0, 0.79, 0.0, 0.66, 0.0, 0.46, 0.0, 2.41, 0.0, 0.0], [0.0, 0.83, 0.0, 0.55, 2.07, 2.08, 0.0, 1.0], [0.2, 25.0, 0.0, 0.0])
(69340950, [2.0, 0.79, 0.0, 0.66, 0.0, 0.45, 0.0, 2.41, 0.0, 0.0], [0.0, 0.83, 0.0, 0.55, 2.06, 2.08, 0.0, 1.0], [0.2, 25.0, 0.0, 0.0])
(69441165, [2.0, 0.79, 0.0, 0.66, 0.0, 0.45, 0.0, 2.39, 0.0, 0.0], [0.0, 0.83, 0.0, 0.56, 2.07, 2.08, 0.0, 1.0], [0.2, 25.0, 0.0, 0.0])
(69541028, [2.0, 0.79, 0.0, 0.66, 0.0, 0.46, 0.0, 2.39, 0.0, 0.0], [0.0, 0.83, 0.0, 0.56, 2.07, 2.08, 0.0, 1.0], [0.2, 25.0, 0.0, 0.0])
(69641029, [2.0, 0.79, 0.0, 0.66, 0.0, 0.46, 0.0, 2.42, 0.0, 0.0], [0.0, 0.83, 0.0, 0.56, 2.07, 2.08, 0.0, 1.0], [0.2, 25.0, 0.0, 0.0])
(69741174, [2.0, 0.79, 0.0, 0.66, 0.0, 0.47, 0.0, 2.4, 0.0, 0.0], [0.0, 0.83, 0.0, 0.56, 2.07, 2.09, 0.0, 1.0], [0.2, 25.0, 0.0, 0.0])
(69841021, [2.0, 0.79, 0.0, 0.66, 0.0, 0.46, 0.0, 2.4, 0.0, 0.0], [0.0, 0.83, 0.0, 0.56, 2.07, 2.08, 0.0, 1.0], [0.2, 25.0, 0.0, 0.0])
(69941074, [2.0, 0.79, 0.0, 0.66, 0.0, 0.47, 0.0, 2.4, 0.0, 0.0], [0.0, 0.82, 0.0, 0.56, 2.07, 2.09, 0.0, 1.0], [0.2, 25.0, 0.0, 0.0])
(70041492, [2.0, 0.79, 0.0, 0.66, 0.0, 0.47, 0.0, 2.4, 0.0, 0.0], [0.0, 0.82, 0.0, 0.57, 2.07, 2.09, 0.0, 1.0], [0.2, 25.0, 0.0, 0.0])
(70140893, [2.0, 0.79, 0.0, 0.66, 0.0, 0.47, 0.0, 2.41, 0.0, 0.0], [0.0, 0.82, 0.0, 0.57, 2.07, 2.08, 0.0, 1.0], [0.2, 25.0, 0.0, 0.0])
(70241087, [2.0, 0.79, 0.0, 0.66, 0.0, 0.47, 0.0, 2.4, 0.0, 0.0], [0.0, 0.82, 0.0, 0.58, 2.07, 2.08, 0.0, 1.0], [0.2, 25.0, 0.0, 0.0])
(70341022, [2.0, 0.79, 0.0, 0.66, 0.0, 3.6, 0.0, 2.4, 0.0, 0.0], [0.0, 0.82, 0.0, 0.58, 2.07, 2.08, 0.0, 1.0], [0.2, 25.0, 0.0, 0.0])
(70441426, [2.0, 0.79, 0.0, 0.66, 0.0, 0.47, 0.0, 2.41, 0.0, 0.0], [0.0, 0.82, 0.0, 0.58, 2.07, 2.08, 0.0, 1.0], [0.2, 25.0, 0.0, 0.0])
(70541014, [2.0, 0.79, 0.0, 0.66, 0.0, 0.47, 0.0, 2.41, 0.0, 0.0], [0.0, 0.82, 0.0, 0.59, 2.07, 2.08, 0.0, 1.0], [0.2, 25.0, 0.0, 0.0])
(70641055, [2.0, 0.79, 0.0, 0.66, 0.0, 3.6, 0.0, 2.41, 0.0, 0.0], [0.0, 0.82, 0.0, 0.59, 2.07, 2.08, 0.0, 1.0], [0.2, 25.0, 0.0, 0.0])
(70740964, [2.0, 0.79, 0.0, 0.66, 0.0, 3.6, 0.0, 2.4, 0.0, 0.0], [0.0, 0.82, 0.0, 0.59, 2.07, 2.08, 0.0, 1.0], [0.2, 25.0, 0.0, 0.0])
(70840883, [2.0, 0.79, 0.0, 0.66, 0.0, 0.47, 0.0, 2.39, 0.0, 0.0], [0.0, 0.82, 0.0, 0.58, 2.07, 2.08, 0.0, 1.0], [0.2, 25.0, 0.0, 0.0])
(70941113, [2.0, 0.79, 0.0, 0.66, 0.0, 0.47, 0.0, 2.4, 0.0, 0.0], [0.0, 0.82, 0.0, 0.59, 2.07, 2.08, 0.0, 1.0], [0.2, 25.0, 0.0, 0.0])
(71041009, [2.0, 0.79, 0.0, 0.66, 0.0, 0.45, 0.0, 2.41, 0.0, 0.0], [0.0, 0.82, 0.0, 0.59, 2.07, 2.08, 0.0, 1.0], [0.2, 25.0, 0.0, 0.0])
(71141164, [2.0, 0.79, 0.0, 0.66, 0.0, 0.45, 0.0, 2.41, 0.0, 0.0], [0.0, 0.82, 0.0, 0.59, 2.07, 2.08, 0.0, 1.0], [0.2, 25.0, 0.0, 0.0])
(71241058, [2.0, 0.79, 0.0, 0.66, 0.0, 0.45, 0.0, 2.4, 0.0, 0.0], [0.0, 0.81, 0.0, 0.59, 2.07, 2.08, 0.0, 1.0], [0.2, 25.0, 0.0, 0.0])
(71341004, [2.0, 0.79, 0.0, 0.66, 0.0, 0.45, 0.0, 2.4, 0.0, 0.0], [0.0, 0.81, 0.0, 0.59, 2.07, 2.09, 0.0, 1.0], [0.2, 25.0, 0.0, 0.0])
(71441144, [2.0, 0.79, 0.0, 0.66, 0.0, 0.45, 0.0, 2.4, 0.0, 0.0], [-0.87, 0.81, -0.87, 0.59, 2.07, 2.09, 0.0, 1.0], [0.2, 25.0, 0.0, 0.0])
(71541020, [2.0, 0.79, 0.0, 0.66, 0.0, 0.44, 0.0, 2.41, 0.0, 0.0], [-1.48, 0.81, -1.5, 0.59, 2.07, 2.09, 0.0, 1.0], [0.2, 25.0, 0.0, 0.0])
(71641671, [2.0, 0.79, 0.0, 0.66, 0.0, 0.45, 0.0, 2.39, 0.0, 0.0], [-1.78, 0.81, -1.81, 0.59, 2.07, 2.09, 0.0, 1.0], [0.2, 25.0, 0.0, 0.0])
(71741144, [2.0, 0.79, 0.0, 0.66, 0.0, 0.45, 0.0, 2.4, 0.0, 0.0], [-1.93, 0.81, -1.95, 0.59, 2.07, 2.09, 0.0, 1.0], [0.2, 25.0, 0.0, 0.0])
(71841130, [2.0, 0.79, 0.0, 0.66, 0.0, 0.45, 0.0, 2.4, 0.0, 0.0], [-2.01, 0.81, -2.02, 0.59, 2.07, 2.09, 0.0, 1.0], [0.2, 25.0, 0.0, 0.0])
(71941022, [2.0, 0.79, 0.0, 0.66, 0.0, 3.6, 0.0, 2.4, 0.0, 0.0], [-2.2, 0.81, -0.91, 0.59, 2.07, 2.09, 0.0, 1.0], [0.2, 25.0, 0.0, 0.0])
(72041023, [2.0, 0.79, 0.0, 0.66, 0.0, 3.6, 0.0, 2.4, 0.0, 0.0], [-2.36, 0.8, 0.36, 0.59, 2.07, 2.09, 0.0, 1.0], [0.2, 25.0, 0.0, 0.0])
(72141011, [2.0, 0.79, 0.0, 0.66, 0.0, 3.6, 0.0, 2.4, 0.0, 0.0], [-2.44, 0.8, 0.99, 0.59, 2.07, 2.09, 0.0, 1.0], [0.2, 25.0, 0.0, 0.0])
(72240978, [2.0, 0.79, 0.0, 0.66, 0.0, 3.6, 0.0, 2.4, 0.0, 0.0], [-2.48, 0.8, 1.3, 0.59, 2.07, 2.09, 0.0, 1.0], [0.2, 25.0, 0.0, 0.0])
(72341047, [2.0, 0.79, 0.0, 0.66, 0.0, 0.44, 0.0, 2.41, 0.0, 0.0], [-2.49, 0.81, 1.45, 0.59, 2.07, 2.09, 0.0, 1.0], [0.2, 25.0, 0.0, 0.0])
(72441115, [2.0, 0.79, 0.0, 0.66, 0.0, 0.44, 0.0, 2.41, 0.0, 0.0], [-2.27, 0.81, -0.25, 0.59, 2.07, 2.09, 0.0, 1.0], [0.2, 25.0, 0.0, 0.0])
(72541331, [2.0, 0.79, 0.0, 0.66, 0.0, 0.46, 0.0, 2.41, 0.0, 0.0], [-2.19, 0.8, -1.17, 0.59, 2.07, 2.09, 0.0, 1.0], [0.2, 25.0, 0.0, 0.0])
(72641067, [2.0, 0.79, 0.0, 0.66, 0.0, 0.46, 0.0, 2.4, 0.0, 0.0], [-2.15, 0.8, -1.62, 0.59, 2.07, 2.09, 0.0, 1.0], [0.2, 25.0, 0.0, 0.0])
(72741131, [2.0, 0.79, 0.0, 0.66, 0.0, 0.45, 0.0, 2.41, 0.0, 0.0], [-2.27, 0.8, -0.71, 0.59, 2.07, 2.09, 0.0, 1.0], [0.2, 25.0, 0.0, 0.0])
(72841007, [2.0, 0.79, 0.0, 0.66, 0.0, 0.45, 0.0, 2.4, 0.0, 0.0], [-2.18, 0.81, -1.29, 0.59, 2.07, 2.09, 0.0, 1.0], [0.2, 25.0, 0.0, 0.0])
(72941063, [2.0, 0.79, 0.0, 0.66, 0.0, 3.6, 0.0, 2.41, 0.0, 0.0], [-2.14, 0.81, -1.69, 0.59, 2.07, 2.09, 0.0, 1.0], [0.2, 25.0, 0.0, 0.0])
(73041086, [2.0, 0.79, 0.0, 0.66, 0.0, 3.6, 0.0, 2.39, 0.0, 0.0], [-2.33, 0.81, -0.12, 0.59, 2.07, 2.09, 0.0, 1.0], [0.2, 25.0, 0.0, 0.0])
(73141078, [2.0, 0.79, 0.0, 0.66, 0.0, 0.45, 0.0, 2.39, 0.0, 0.0], [-2.39, 0.81, 0.65, 0.59, 2.07, 2.09, 0.0, 1.0], [0.2, 25.0, 0.0, 0.0])
(73241034, [2.0, 0.79, 0.0, 0.66, 0.0, 0.44, 0.0, 2.4, 0.0, 0.0], [-2.23, 0.81, -0.72, 0.59, 2.07, 2.09, 0.0, 1.0], [0.2, 25.0, 0.0, 0.0])
(73341115, [2.0, 0.79, 0.0, 0.66, 0.0, 0.46, 0.0, 2.4, 0.0, 0.0], [-2.17, 0.81, -1.4, 0.59, 2.07, 2.1, 0.0, 1.0], [0.2, 25.0, 0.0, 0.0])
(73440943, [2.0, 0.79, 0.0, 0.66, 0.0, 0.45, 0.0, 2.39, 0.0, 0.0], [-2.13, 0.8, -1.74, 0.6, 2.07, 2.1, 0.0, 1.0], [0.2, 25.0, 0.0, 0.0])
(73540888, [2.0, 0.79, 0.0, 0.66, 0.0, 0.44, 0.0, 2.41, 0.0, 0.0], [-2.1, 0.8, -1.93, 0.6, 2.07, 2.1, 0.0, 1.0], [0.2, 25.0, 0.0, 0.0])
(73641026, [2.0, 0.79, 0.0, 0.66, 0.0, 0.44, 0.0, 2.41, 0.0, 0.0], [-2.08, 0.81, -2.02, 0.6, 2.07, 2.1, 0.0, 1.0], [0.2, 25.0, 0.0, 0.0])
(73740988, [2.0, 0.79, 0.0, 0.66, 0.0, 0.44, 0.0, 2.4, 0.0, 0.0], [-2.08, 0.81, -2.05, 0.61, 2.07, 2.1, 0.0, 1.0], [0.2, 25.0, 0.0, 0.0])
(73840944, [2.0, 0.79, 0.0, 0.66, 0.0, 0.44, 0.0, 2.4, 0.0, 0.0], [-2.07, 0.81, -2.09, 0.6, 2.07, 2.1, 0.0, 1.0], [0.2, 25.0, 0.0, 0.0])
(73941028, [2.0, 0.79, 0.0, 0.66, 0.0, 3.6, 0.0, 2.39, 0.0, 0.0], [-2.13, 0.81, -1.79, 0.6, 2.07, 2.1, 0.0, 1.0], [0.2, 25.0, 0.0, 0.0])
(74040961, [2.0, 0.79, 0.0, 0.66, 0.0, 0.44, 0.0, 2.39, 0.0, 0.0], [-2.18, 0.81, -1.0, 0.6, 2.07, 2.1, 0.0, 1.0], [0.2, 25.0, 0.0, 0.0])
(74141035, [2.0, 0.79, 0.0, 0.66, 0.0, 0.45, 0.0, 2.41, 0.0, 0.0], [-2.14, 0.81, -1.55, 0.6, 2.07, 2.1, 0.0, 1.0], [0.2, 25.0, 0.0, 0.0])
(74240931, [2.0, 0.79, 0.0, 0.66, 0.0, 0.45, 0.0, 2.38, 0.0, 0.0], [-2.11, 0.81, -1.82, 0.6, 2.07, 2.1, 0.0, 1.0], [0.2, 25.0, 0.0, 0.0])
(74341024, [2.0, 0.79, 0.0, 0.66, 0.0, 0.45, 0.0, 2.4, 0.0, 0.0], [-2.1, 0.81, -1.95, 0.6, 2.07, 2.1, 0.0, 1.0], [0.2, 25.0, 0.0, 0.0])
(74441030, [2.0, 0.79, 0.0, 0.66, 0.0, 0.46, 0.0, 2.4, 0.0, 0.0], [-2.24, 0.81, -0.89, 0.6, 2.07, 2.1, 0.0, 1.0], [0.2, 25.0, 0.0, 0.0])
(74541075, [2.0, 0.79, 0.0, 0.66, 0.0, 0.46, 0.0, 2.4, 0.0, 0.0], [-2.18, 0.81, -1.36, 0.6, 2.07, 2.1, 0.0, 1.0], [0.2, 25.0, 0.0, 0.0])
(74641071, [2.0, 0.79, 0.0, 0.66, 0.0, 3.6, 0.0, 2.39, 0.0, 0.0], [-2.15, 0.81, -1.7, 0.6, 2.07, 2.1, 0.0, 1.0], [0.2, 25.0, 0.0, 0.0])
(74741124, [2.0, 0.79, 0.0, 0.66, 0.0, 0.44, 0.0, 2.4, 0.0, 0.0], [-2.24, 0.81, -0.65, 0.6, 2.07, 2.1, 0.0, 1.0], [0.2, 25.0, 0.0, 0.0])
(74841059, [2.0, 0.79, 0.0, 0.66, 0.0, 0.44, 0.0, 2.39, 0.0, 0.0], [-2.15, 0.81, -1.39, 0.6, 2.07, 2.1, 0.0, 1.0], [0.2, 25.0, 0.0, 0.0])
(74941063, [2.0, 0.79, 0.0, 0.66, 0.0, 0.45, 0.0, 2.39, 0.0, 0.0], [-2.11, 0.81, -1.75, 0.61, 2.07, 2.1, 0.0, 1.0], [0.2, 25.0, 0.0, 0.0])
(75041001, [2.0, 0.79, 0.0, 0.66, 0.0, 0.45, 0.0, 2.4, 0.0, 0.0], [-2.1, 0.81, -1.92, 0.6, 2.07, 2.1, 0.0, 1.0], [0.2, 25.0, 0.0, 0.0])
(75140928, [2.0, 0.79, 0.0, 0.66, 0.0, 0.45, 0.0, 2.39, 0.0, 0.0], [-2.09, 0.81, -2.0, 0.6, 2.07, 2.09, 0.0, 1.0], [0.2, 25.0, 0.0, 0.0])
(75240951, [2.0, 0.79, 0.0, 0.66, 0.0, 0.45, 0.0, 2.4, 0.0, 0.0], [-2.09, 0.81, -2.05, 0.61, 2.07, 2.09, 0.0, 1.0], [0.2, 25.0, 0.0, 0.0])
(75341021, [2.0, 0.79, 0.0, 0.66, 0.0, 0.45, 0.0, 2.4, 0.0, 0.0], [-2.09, 0.82, -2.07, 0.6, 2.07, 2.09, 0.0, 1.0], [0.2, 25.0, 0.0, 0.0])
(75440964, [2.0, 0.79, 0.0, 0.67, 0.0, 0.44, 0.0, 2.41, 0.0, 0.0], [-2.07, 0.82, -2.09, 0.6, 2.07, 2.09, 0.0, 1.0], [0.2, 25.0, 0.0, 0.0])
(75542347, [2.0, 0.79, 0.0, 0.66, 0.0, 0.45, 0.0, 2.41, 0.0, 0.0], [-2.07, 0.82, -2.1, 0.61, 2.07, 2.09, 0.0, 1.0], [0.2, 25.0, 0.0, 0.0])
(75644271, [2.0, 0.79, 0.0, 0.66, 0.0, 0.45, 0.0, 2.4, 0.0, 0.0], [-2.08, 0.82, -2.09, 0.61, 2.07, 2.09, 0.0, 1.0], [0.2, 25.0, 0.0, 0.0])
(75745245, [2.0, 0.79, 0.0, 0.66, 0.0, 0.44, 0.0, 2.41, 0.0, 0.0], [-2.07, 0.81, -2.1, 0.61, 2.07, 2.09, 0.0, 1.0], [0.2, 25.0, 0.0, 0.0])
(75844369, [2.0, 0.79, 0.0, 0.67, 0.0, 0.44, 0.0, 2.4, 0.0, 0.0], [-2.06, 0.81, -2.11, 0.61, 2.07, 2.09, 0.0, 1.0], [0.2, 25.0, 0.0, 0.0])
(75944606, [2.0, 0.79, 0.0, 0.66, 0.0, 3.6, 0.0, 2.4, 0.0, 0.0], [-2.2, 0.81, -1.07, 0.61, 2.07, 2.1, 0.0, 1.0], [0.2, 25.0, 0.0, 0.0])
(76044344, [2.0, 0.79, 0.0, 0.66, 0.0, 0.44, 0.0, 2.41, 0.0, 0.0], [-2.28, 0.81, -0.12, 0.61, 2.07, 2.1, 0.0, 1.0], [0.2, 25.0, 0.0, 0.0])
(76144420, [2.0, 0.79, 0.0, 0.66, 0.0, 0.45, 0.0, 2.39, 0.0, 0.0], [-2.17, 0.81, -1.13, 0.61, 2.07, 2.1, 0.0, 1.0], [0.2, 25.0, 0.0, 0.0])
(76244611, [2.0, 0.79, 0.0, 0.66, 0.0, 0.45, 0.0, 2.41, 0.0, 0.0], [-2.13, 0.81, -1.61, 0.61, 2.07, 2.1, 0.0, 1.0], [0.2, 25.0, 0.0, 0.0])
(76344588, [2.0, 0.79, 0.0, 0.66, 0.0, 0.45, 0.0, 2.4, 0.0, 0.0], [-2.11, 0.81, -1.85, 0.61, 2.07, 2.1, 0.0, 1.0], [0.2, 25.0, 0.0, 0.0])
(76444295, [2.0, 0.79, 0.0, 0.66, 0.0, 0.45, 0.0, 2.39, 0.0, 0.0], [-2.1, 0.81, -1.97, 0.61, 2.07, 2.1, 0.0, 1.0], [0.2, 25.0, 0.0, 0.0])
(76544291, [2.0, 0.79, 0.0, 0.66, 0.0, 3.6, 0.0, 2.41, 0.0, 0.0], [-2.23, 0.82, -0.98, 0.61, 2.07, 2.1, 0.0, 1.0], [0.2, 25.0, 0.0, 0.0])
(76644271, [2.0, 0.79, 0.0, 0.66, 0.0, 3.6, 0.0, 2.41, 0.0, 0.0], [-2.38, 0.82, 0.32, 0.61, 2.07, 2.11, 0.0, 1.0], [0.2, 25.0, 0.0, 0.0])
(76744334, [2.0, 0.79, 0.0, 0.66, 0.0, 0.44, 0.0, 2.41, 0.0, 0.0], [-2.45, 0.81, 0.97, 0.61, 2.07, 2.11, 0.0, 1.0], [0.2, 25.0, 0.0, 0.0])
(76844379, [2.0, 0.79, 0.0, 0.66, 0.0, 0.44, 0.0, 2.4, 0.0, 0.0], [-2.25, 0.82, -0.41, 0.61, 2.07, 2.11, 0.0, 1.0], [0.2, 25.0, 0.0, 0.0])
(76944221, [2.0, 0.79, 0.0, 0.66, 0.0, 3.6, 0.0, 2.39, 0.0, 0.0], [-2.18, 0.82, -1.24, 0.62, 2.07, 2.11, 0.0, 1.0], [0.2, 25.0, 0.0, 0.0])
(77044335, [2.0, 0.79, 0.0, 0.66, 0.0, 3.6, 0.0, 2.39, 0.0, 0.0], [-2.35, 0.82, 0.13, 0.62, 2.07, 2.11, 0.0, 1.0], [0.2, 25.0, 0.0, 0.0])
(77144112, [2.0, 0.79, 0.0, 0.66, 0.0, 0.44, 0.0, 2.41, 0.0, 0.0], [-2.25, 0.82, -0.5, 0.62, 2.07, 2.11, 0.0, 1.0], [0.2, 25.0, 0.0, 0.0])
(77244105, [2.0, 0.79, 0.0, 0.66, 0.0, 0.44, 0.0, 2.4, 0.0, 0.0], [-2.15, 0.82, -1.32, 0.62, 2.07, 2.11, 0.0, 1.0], [0.2, 25.0, 0.0, 0.0])
(77344462, [2.0, 0.79, 0.0, 0.66, 0.0, 0.44, 0.0, 2.41, 0.0, 0.0], [-2.1, 0.82, -1.72, 0.62, 2.07, 2.1, 0.0, 1.0], [0.2, 25.0, 0.0, 0.0])
(77444101, [2.0, 0.79, 0.0, 0.66, 0.0, 0.44, 0.0, 2.41, 0.0, 0.0], [-2.08, 0.81, -1.92, 0.62, 2.07, 2.11, 0.0, 1.0], [0.2, 25.0, 0.0, 0.0])
(77544402, [2.0, 0.79, 0.0, 0.66, 0.0, 0.44, 0.0, 2.41, 0.0, 0.0], [-2.07, 0.81, -2.02, 0.62, 2.07, 2.11, 0.0, 1.0], [0.2, 25.0, 0.0, 0.0])
(77644412, [2.0, 0.79, 0.0, 0.66, 0.0, 3.6, 0.0, 2.4, 0.0, 0.0], [-2.19, 0.81, -1.21, 0.62, 2.07, 2.11, 0.0, 1.0], [0.2, 25.0, 0.0, 0.0])
(77744369, [2.0, 0.79, 0.0, 0.66, 0.0, 0.44, 0.0, 2.38, 0.0, 0.0], [-2.33, 0.82, 0.17, 0.62, 2.07, 2.11, 0.0, 1.0], [0.2, 25.0, 0.0, 0.0])
(77844562, [2.0, 0.79, 0.0, 0.66, 0.0, 0.44, 0.0, 2.41, 0.0, 0.0], [-2.19, 0.82, -0.92, 0.62, 2.07, 2.11, 0.0, 1.0], [0.2, 25.0, 0.0, 0.0])
(77944388, [2.0, 0.79, 0.0, 0.66, 0.0, 3.6, 0.0, 2.4, 0.0, 0.0], [-2.15, 0.82, -1.48, 0.63, 2.07, 2.11, 0.0, 1.0], [0.2, 25.0, 0.0, 0.0])
(78044397, [2.0, 0.79, 0.0, 0.66, 0.0, 3.6, 0.0, 2.39, 0.0, 0.0], [-2.33, 0.82, 0.01, 0.63, 2.07, 2.11, 0.0, 1.0], [0.2, 25.0, 0.0, 0.0])
(78144526, [2.0, 0.79, 0.0, 0.66, 0.0, 3.6, 0.0, 2.4, 0.0, 0.0], [-2.43, 0.82, 0.82, 0.63, 2.07, 2.11, 0.0, 1.0], [0.2, 25.0, 0.0, 0.0])
(78244211, [2.0, 0.79, 0.0, 0.67, 0.0, 3.6, 0.0, 2.4, 0.0, 0.0], [-2.47, 0.82, 1.21, 0.63, 2.07, 2.11, 0.0, 1.0], [0.2, 25.0, 0.0, 0.0])
(78344422, [2.0, 0.79, 0.0, 0.66, 0.0, 3.6, 0.0, 2.4, 0.0, 0.0], [-2.49, 0.82, 1.42, 0.63, 2.07, 2.11, 0.0, 1.0], [0.2, 25.0, 0.0, 0.0])
(78444257, [2.0, 0.79, 0.0, 0.66, 0.0, 3.6, 0.0, 2.4, 0.0, 0.0], [-2.5, 0.82, 1.51, 0.63, 2.07, 2.11, 0.0, 1.0], [0.2, 25.0, 0.0, 0.0])
(78544161, [2.0, 0.79, 0.0, 0.66, 0.0, 0.44, 0.0, 2.41, 0.0, 0.0], [-2.43, 0.82, 1.13, 0.63, 2.07, 2.11, 0.0, 1.0], [0.2, 25.0, 0.0, 0.0])
(78644451, [2.0, 0.79, 0.0, 0.66, 0.0, 0.44, 0.0, 2.41, 0.0, 0.0], [-2.24, 0.82, -0.51, 0.63, 2.07, 2.11, 0.0, 1.0], [0.2, 25.0, 0.0, 0.0])
(78744203, [2.0, 0.79, 0.0, 0.66, 0.0, 0.44, 0.0, 2.38, 0.0, 0.0], [-2.15, 0.82, -1.32, 0.62, 2.07, 2.11, 0.0, 1.0], [0.2, 25.0, 0.0, 0.0])
(78844343, [2.0, 0.79, 0.0, 0.66, 0.0, 0.43, 0.0, 2.4, 0.0, 0.0], [-2.09, 0.82, -1.74, 0.62, 2.07, 2.11, 0.0, 1.0], [0.2, 25.0, 0.0, 0.0])
(78944094, [2.0, 0.79, 0.0, 0.66, 0.0, 0.44, 0.0, 2.4, 0.0, 0.0], [-2.06, 0.82, -1.94, 0.62, 2.07, 2.11, 0.0, 1.0], [0.2, 25.0, 0.0, 0.0])
(79044428, [2.0, 0.79, 0.0, 0.66, 0.0, 0.43, 0.0, 2.41, 0.0, 0.0], [-2.05, 0.82, -2.04, 0.62, 2.07, 2.11, 0.0, 1.0], [0.2, 25.0, 0.0, 0.0])
(79144311, [2.0, 0.79, 0.0, 0.66, 0.0, 0.43, 0.0, 2.4, 0.0, 0.0], [-2.04, 0.82, -2.09, 0.63, 2.07, 2.11, 0.0, 1.0], [0.2, 25.0, 0.0, 0.0])
(79244416, [2.0, 0.79, 0.0, 0.66, 0.0, 0.44, 0.0, 2.41, 0.0, 0.0], [-2.04, 0.82, -2.11, 0.63, 2.07, 2.11, 0.0, 1.0], [0.2, 25.0, 0.0, 0.0])
(79344496, [2.0, 0.79, 0.0, 0.66, 0.0, 0.44, 0.0, 2.4, 0.0, 0.0], [-2.05, 0.82, -2.11, 0.63, 2.07, 2.12, 0.0, 1.0], [0.2, 25.0, 0.0, 0.0])
(79444306, [2.0, 0.79, 0.0, 0.66, 0.0, 3.6, 0.0, 2.4, 0.0, 0.0], [-2.23, 0.82, -0.88, 0.63, 2.07, 2.12, 0.0, 1.0], [0.2, 25.0, 0.0, 0.0])
(79544409, [2.0, 0.79, 0.0, 0.66, 0.0, 3.6, 0.0, 2.41, 0.0, 0.0], [-2.37, 0.82, 0.37, 0.62, 2.07, 2.12, 0.0, 1.0], [0.2, 25.0, 0.0, 0.0])
(79644316, [2.0, 0.79, 0.0, 0.66, 0.0, 0.46, 0.0, 2.41, 0.0, 0.0], [-2.28, 0.82, -0.37, 0.62, 2.07, 2.12, 0.0, 1.0], [0.2, 25.0, 0.0, 0.0])
(79744382, [2.0, 0.79, 0.0, 0.66, 0.0, 0.45, 0.0, 2.4, 0.0, 0.0], [-2.19, 0.82, -1.23, 0.62, 2.07, 2.12, 0.0, 1.0], [0.2, 25.0, 0.0, 0.0])
(79844284, [2.0, 0.79, 0.0, 0.66, 0.0, 0.4, 0.0, 2.39, 0.0, 0.0], [-2.09, 0.82, -1.71, 0.62, 2.07, 2.12, 0.0, 1.0], [0.2, 25.0, 0.0, 0.0])
(79944100, [2.0, 0.79, 0.0, 0.66, 0.0, 0.41, 0.0, 2.41, 0.0, 0.0], [-2.02, 0.83, -1.96, 0.62, 2.07, 2.12, 0.0, 1.0], [0.2, 25.0, 0.0, 0.0])
(80044426, [2.0, 0.79, 0.0, 0.66, 0.0, 0.55, 0.0, 2.39, 0.0, 0.0], [-2.08, 0.83, -1.99, 0.63, 2.07, 2.12, 0.0, 1.0], [0.2, 25.0, 0.0, 0.0])
(80144223, [2.0, 0.79, 0.0, 0.66, 0.0, 0.66, 0.0, 2.39, 0.0, 0.0], [-2.35, 0.86, -1.66, 0.59, 2.07, 2.13, 0.0, 1.0], [0.2, 25.0, 0.0, 0.0])
(80244135, [2.0, 0.79, 0.0, 0.66, 0.0, 0.68, 0.0, 2.4, 0.0, 0.0], [-2.59, 1.69, -1.27, -0.65, 2.07, 0.93, 0.0, 1.0], [0.2, 25.0, 0.0, 0.0])
(80344590, [2.0, 0.79, 0.0, 0.66, 0.0, 0.7, 0.0, 2.41, 0.0, 0.0], [-2.72, 2.03, -1.03, -1.41, 2.07, 354.49, 0.01, 1.0], [0.2, 25.0, 0.0, 0.0])
(80444227, [2.0, 0.81, 0.0, 0.65, 0.0, 0.7, 0.0, 2.35, 0.0, 0.0], [-2.79, 1.63, -0.9, -0.3, 2.07, 342.42, 0.01, 1.0], [0.2, 25.0, 0.0, 0.0])
(80544253, [2.0, 0.95, 0.0, 0.66, 0.0, 3.6, 0.0, 2.35, 0.0, 0.0], [-2.72, 1.84, -0.6, -0.6, 357.22, 330.27, 0.02, 1.0], [0.2, 25.0, 0.0, 0.0])
(80644278, [2.0, 1.07, 0.0, 0.73, 0.0, 3.6, 0.0, 3.6, 0.0, 0.0], [-2.77, 1.26, -0.46, 0.16, 347.2, 320.4, 0.02, 1.0], [0.2, 25.0, 0.0, 0.0])
(80744617, [2.0, 1.23, 0.0, 0.84, 0.0, 3.6, 0.0, 3.6, 0.0, 0.0], [-2.82, 0.63, -0.5, 1.15, 339.08, 312.15, 0.04, 1.0], [0.2, 25.0, 0.0, 0.0])
(80844630, [2.0, 3.6, 0.0, 0.92, 0.0, 3.6, 0.0, 0.08, 0.0, 0.0], [-2.38, 0.41, -0.52, 1.13, 330.76, 303.85, 0.04, 1.0], [0.2, 25.0, 0.0, 0.0])
(80944304, [2.0, 3.6, 0.0, 1.12, 0.0, 3.6, 0.0, 0.03, 0.0, 0.0], [0.38, 0.59, -0.31, 1.03, 323.92, 297.18, 0.06, 1.0], [0.2, 25.0, 0.0, 0.0])
(81044451, [2.0, 3.6, 0.0, 1.17, 0.0, 3.6, 0.0, 0.03, 0.0, 0.0], [1.73, 0.64, -0.1, 0.86, 320.77, 294.14, 0.06, 1.0], [0.2, 25.0, 0.0, 0.0])
(81144365, [2.0, 2.63, 0.0, 1.15, 0.0, 3.6, 0.0, 0.53, 0.0, 0.0], [1.28, 0.33, -0.03, 2.14, 320.74, 294.1, 0.08, 1.0], [0.2, 25.0, 0.0, 0.0])
(81244265, [2.0, 2.63, 0.0, 1.15, 0.0, 3.6, 0.0, 0.52, 0.0, 0.0], [2.16, 3.06, 0.09, 6.67, 317.19, 290.67, 0.08, 1.0], [0.2, 25.0, 0.0, 0.0])
(81344478, [2.0, 3.6, 0.0, 1.12, 0.0, 0.61, 0.0, 0.5, 0.0, 0.0], [2.45, 12.38, -0.13, 14.2, 311.16, 286.27, 0.09, 1.0], [0.2, 25.0, 0.0, 0.0])
(81444170, [2.0, 2.61, 0.0, 1.12, 0.0, 0.53, 0.0, 0.54, 0.0, 0.0], [2.39, 25.15, -0.84, 21.04, 303.4, 282.07, 0.09, 1.0], [0.2, 25.0, 0.0, 0.0])
(81544258, [2.0, 0.05, 0.0, 3.6, 0.0, 0.51, 0.0, 0.54, 0.0, 0.0], [2.3, 36.31, -0.7, 23.5, 299.87, 282.09, 0.07, 1.0], [0.56, 25.0, 0.0, 0.0])
(81645768, [2.0, 0.07, 0.0, 0.33, 0.0, 0.51, 0.0, 0.04, 0.0, 0.0], [0.42, 40.76, 0.68, 21.47, 299.87, 283.65, 0.07, 1.0], [0.39, 25.0, 0.0, 0.0])
(81747782, [2.0, 0.09, 0.0, 0.33, 0.0, 0.54, 0.0, 0.06, 0.0, 0.0], [0.98, 38.81, 1.64, 20.36, 299.87, 283.98, 0.07, 1.0], [0.38, 25.0, 0.0, 0.0])
(81846124, [2.0, 0.09, 0.0, 0.33, 0.0, 0.57, 0.0, 0.0, 0.0, 0.0], [0.68, 38.27, 1.15, 22.62, 299.87, 284.53, 0.07, 1.0], [0.42, 25.0, 0.0, 0.0])
(81947911, [2.0, 0.07, 0.0, 0.03, 0.0, 0.56, 0.0, 0.0, 0.0, 0.0], [0.33, 41.97, 0.56, 24.12, 299.87, 286.03, 0.07, 1.0], [0.41, 25.0, 0.0, 0.0])
(82051722, [2.0, 0.08, 0.0, 0.03, 0.0, 0.55, 0.0, 0.0, 0.0, 0.0], [0.16, 46.59, 0.28, 23.8, 299.87, 286.44, 0.07, 1.0], [0.44, 25.0, 0.0, 0.0])
(82150160, [2.0, 0.08, 0.0, 0.03, 0.0, 0.58, 0.0, 0.0, 0.0, 0.0], [0.08, 49.85, 0.13, 23.2, 299.87, 287.54, 0.06, 1.0], [0.37, 25.0, 0.0, 0.0])
(82257604, [2.0, 0.08, 0.0, 0.03, 0.0, 0.6, 0.0, 0.0, 0.0, 0.0], [0.04, 49.74, 0.06, 23.03, 299.87, 288.55, 0.06, 1.0], [0.62, 25.0, 0.0, 0.0])
(82362436, [2.0, 0.08, 0.0, 0.03, 0.0, 0.61, 0.0, 0.0, 0.0, 0.0], [0.02, 47.51, 0.03, 23.55, 299.87, 288.28, 0.06, 1.0], [0.38, 25.0, 0.0, 0.0])
(82486484, [2.0, 0.07, 0.0, 0.02, 0.0, 0.61, 0.0, 0.0, 0.0, 0.0], [0.0, 45.82, 0.01, 24.55, 299.87, 287.44, 0.06, 1.0], [0.37, 25.0, 0.0, 0.0])
(82588440, [2.0, 0.09, 0.0, 0.03, 0.0, 0.59, 0.0, 0.0, 0.0, 0.0], [0.0, 44.92, 0.0, 24.08, 299.87, 287.4, 0.05, 1.0], [0.36, 25.0, 0.0, 0.0])
(82688119, [2.0, 0.08, 0.0, 0.03, 0.0, 0.6, 0.0, 0.0, 0.0, 0.0], [0.0, 43.97, 0.0, 23.58, 299.87, 287.26, 0.05, 1.0], [0.37, 25.0, 0.0, 0.0])
(82788215, [2.0, 0.09, 0.0, 0.03, 0.0, 0.61, 0.0, 0.0, 0.0, 0.0], [0.0, 43.29, 0.0, 23.75, 299.87, 287.45, 0.04, 1.0], [0.37, 25.0, 0.0, 0.0])
