(27786323, [2.0, 0.72, 0.0, 0.56, 0.0, 0.61, 0.0, 2.49, 0.0, 0.0], [0.0, 0.66, 0.0, 0.47, 0.11, 0.12, 0.0, 1.0], [0.2, 25.0, 0.0, 0.0])
(27885551, [2.0, 0.72, 0.0, 0.56, 0.0, 3.6, 0.0, 2.49, 0.0, 0.0], [0.0, 0.66, 0.0, 0.47, 0.11, 0.12, 0.0, 1.0], [0.2, 25.0, 0.0, 0.0])
(27986206, [2.0, 0.72, 0.0, 0.56, 0.0, 3.6, 0.0, 2.49, 0.0, 0.0], [0.0, 0.66, 0.0, 0.47, 0.11, 0.12, 0.0, 1.0], [0.2, 25.0, 0.0, 0.0])
(28085662, [2.0, 0.72, 0.0, 0.56, 0.0, 0.49, 0.0, 2.49, 0.0, 0.0], [0.0, 0.66, 0.0, 0.47, 0.11, 0.12, 0.0, 1.0], [0.52, 25.0, 0.0, 0.0])
(28185955, [2.0, 0.72, 0.0, 0.56, 0.0, 0.52, 0.0, 2.49, 0.0, 0.0], [0.0, 0.66, 0.0, 0.47, 0.11, 0.12, 0.0, 1.0], [0.52, 25.0, 0.0, 0.0])
(28285536, [2.0, 0.72, 0.0, 0.56, 0.0, 0.53, 0.0, 2.49, 0.0, 0.0], [0.0, 0.66, 0.0, 0.47, 0.12, 0.13, 0.0, 1.0], [0.54, 25.0, 0.0, 0.0])
(28386110, [2.0, 0.73, 0.0, 0.56, 0.0, 0.57, 0.0, 2.48, 0.0, 0.0], [0.0, 0.66, 0.0, 0.47, 0.12, 0.13, 0.0, 1.0], [0.28, 25.0, 0.0, 0.0])
(28486297, [2.0, 0.72, 0.0, 0.56, 0.0, 0.58, 0.0, 2.48, 0.0, 0.0], [0.0, 0.66, 0.0, 0.47, 0.12, 0.13, 0.0, 1.0], [7.65, 25.0, 0.0, 0.0])
(28586595, [2.0, 0.72, 0.0, 0.56, 0.0, 0.59, 0.0, 2.49, 0.0, 0.0], [0.0, 0.66, 0.0, 0.47, 0.12, 0.13, 0.0, 1.0], [0.54, 25.0, 0.0, 0.0])
(28686557, [2.0, 0.72, 0.0, 0.56, 0.0, 0.6, 0.0, 2.49, 0.0, 0.0], [0.0, 0.66, 0.0, 0.47, 0.12, 0.13, 0.0, 1.0], [0.52, 25.0, 0.0, 0.0])
(28786699, [2.0, 0.73, 0.0, 0.56, 0.0, 0.6, 0.0, 2.48, 0.0, 0.0], [0.0, 0.66, 0.0, 0.47, 0.12, 0.13, 0.0, 1.0], [0.51, 25.0, 0.0, 0.0])
(28886301, [2.0, 0.72, 0.0, 0.56, 0.0, 0.6, 0.0, 2.48, 0.0, 0.0], [0.0, 0.65, 0.0, 0.47, 0.13, 0.13, 0.0, 1.0], [0.5, 25.0, 0.0, 0.0])
(28986675, [2.0, 0.72, 0.0, 0.56, 0.0, 0.6, 0.0, 2.47, 0.0, 0.0], [0.0, 0.65, 0.0, 0.48, 0.12, 0.13, 0.0, 1.0], [0.5, 25.0, 0.0, 0.0])
(29085956, [2.0, 0.72, 0.0, 0.56, 0.0, 0.6, 0.0, 2.48, 0.0, 0.0], [0.0, 0.65, 0.0, 0.48, 0.12, 0.13, 0.0, 1.0], [0.5, 25.0, 0.0, 0.0])
(29185860, [2.0, 0.72, 0.0, 0.56, 0.0, 0.61, 0.0, 2.47, 0.0, 0.0], [0.0, 0.65, 0.0, 0.48, 0.13, 0.13, 0.0, 1.0], [0.51, 25.0, 0.0, 0.0])
(29285854, [2.0, 0.73, 0.0, 0.56, 0.0, 0.61, 0.0, 2.48, 0.0, 0.0], [0.0, 0.65, 0.0, 0.48, 0.13, 0.13, 0.0, 1.0], [0.51, 25.0, 0.0, 0.0])
(29386013, [2.0, 0.72, 0.0, 0.56, 0.0, 0.61, 0.0, 2.48, 0.0, 0.0], [0.0, 0.65, 0.0, 0.48, 0.13, 0.14, 0.0, 1.0], [0.52, 25.0, 0.0, 0.0])
(29485966, [2.0, 0.72, 0.0, 0.56, 0.0, 0.6, 0.0, 2.47, 0.0, 0.0], [0.0, 0.65, 0.0, 0.48, 0.13, 0.14, 0.0, 1.0], [0.52, 25.0, 0.0, 0.0])
(29585763, [2.0, 0.72, 0.0, 0.56, 0.0, 0.6, 0.0, 2.47, 0.0, 0.0], [0.0, 0.65, 0.0, 0.48, 0.13, 0.14, 0.0, 1.0], [0.2, 25.0, 0.0, 0.0])
(29685980, [2.0, 0.72, 0.0, 0.56, 0.0, 0.6, 0.0, 2.49, 0.0, 0.0], [0.0, 0.65, 0.0, 0.48, 0.13, 0.14, 0.0, 1.0], [0.2, 25.0, 0.0, 0.0])
(29786032, [2.0, 0.73, 0.0, 0.56, 0.0, 0.6, 0.0, 2.47, 0.0, 0.0], [0.0, 0.65, 0.0, 0.48, 0.13, 0.14, 0.0, 1.0], [0.2, 25.0, 0.0, 0.0])
(29886218, [2.0, 0.73, 0.0, 0.56, 0.0, 0.61, 0.0, 2.49, 0.0, 0.0], [0.0, 0.65, 0.0, 0.48, 0.13, 0.14, 0.0, 1.0], [0.2, 25.0, 0.0, 0.0])
(29986038, [2.0, 0.72, 0.0, 0.56, 0.0, 0.6, 0.0, 2.48, 0.0, 0.0], [0.0, 0.65, 0.0, 0.48, 0.13, 0.14, 0.0, 1.0], [0.2, 25.0, 0.0, 0.0])
(30086562, [2.0, 0.73, 0.0, 0.56, 0.0, 0.59, 0.0, 2.49, 0.0, 0.0], [0.0, 0.65, 0.0, 0.49, 0.14, 0.15, 0.0, 1.0], [0.2, 25.0, 0.0, 0.0])
(30186057, [2.0, 0.72, 0.0, 0.56, 0.0, 0.59, 0.0, 2.5, 0.0, 0.0], [0.0, 0.65, 0.0, 0.48, 0.14, 0.15, 0.0, 1.0], [0.2, 25.0, 0.0, 0.0])
(30287183, [2.0, 0.72, 0.0, 0.56, 0.0, 0.59, 0.0, 2.47, 0.0, 0.0], [0.0, 0.65, 0.0, 0.48, 0.14, 0.15, 0.0, 1.0], [0.2, 25.0, 0.0, 0.0])
(30386940, [2.0, 0.72, 0.0, 0.56, 0.0, 0.6, 0.0, 2.5, 0.0, 0.0], [0.0, 0.66, 0.0, 0.49, 0.14, 0.15, 0.0, 1.0], [0.2, 25.0, 0.0, 0.0])
(30487173, [2.0, 0.72, 0.0, 0.56, 0.0, 0.62, 0.0, 2.49, 0.0, 0.0], [0.0, 0.65, 0.0, 0.49, 0.14, 0.15, 0.0, 1.0], [0.2, 25.0, 0.0, 0.0])
(30586990, [2.0, 0.73, 0.0, 0.56, 0.0, 0.63, 0.0, 2.48, 0.0, 0.0], [0.0, 0.65, 0.0, 0.49, 0.14, 0.15, 0.0, 1.0], [0.2, 25.0, 0.0, 0.0])
(30687140, [2.0, 0.73, 0.0, 0.56, 0.0, 0.63, 0.0, 2.49, 0.0, 0.0], [0.0, 0.65, 0.0, 0.49, 0.14, 0.15, 0.0, 1.0], [0.2, 25.0, 0.0, 0.0])
(30787102, [2.0, 0.72, 0.0, 0.56, 0.0, 0.61, 0.0, 2.48, 0.0, 0.0], [0.0, 0.65, 0.0, 0.48, 0.14, 0.15, 0.0, 1.0], [0.2, 25.0, 0.0, 0.0])
(30887430, [2.0, 0.73, 0.0, 0.56, 0.0, 0.62, 0.0, 2.49, 0.0, 0.0], [0.0, 0.65, 0.0, 0.49, 0.14, 0.15, 0.0, 1.0], [0.2, 25.0, 0.0, 0.0])
(30986836, [2.0, 0.72, 0.0, 0.56, 0.0, 0.61, 0.0, 2.47, 0.0, 0.0], [0.0, 0.65, 0.0, 0.49, 0.14, 0.15, 0.0, 1.0], [0.2, 25.0, 0.0, 0.0])
(31087048, [2.0, 0.72, 0.0, 0.56, 0.0, 0.61, 0.0, 2.49, 0.0, 0.0], [0.0, 0.65, 0.0, 0.49, 0.15, 0.16, 0.0, 1.0], [0.2, 25.0, 0.0, 0.0])
(31186812, [2.0, 0.72, 0.0, 0.56, 0.0, 0.61, 0.0, 2.49, 0.0, 0.0], [0.0, 0.65, 0.0, 0.49, 0.15, 0.16, 0.0, 1.0], [0.2, 25.0, 0.0, 0.0])
(31286878, [2.0, 0.72, 0.0, 0.56, 0.0, 0.61, 0.0, 2.5, 0.0, 0.0], [0.0, 0.65, 0.0, 0.49, 0.15, 0.16, 0.0, 1.0], [0.2, 25.0, 0.0, 0.0])
(31386974, [2.0, 0.73, 0.0, 0.56, 0.0, 0.61, 0.0, 2.48, 0.0, 0.0], [0.0, 0.65, 0.0, 0.49, 0.15, 0.16, 0.0, 1.0], [0.2, 25.0, 0.0, 0.0])
(31487391, [2.0, 0.73, 0.0, 0.56, 0.0, 0.62, 0.0, 2.48, 0.0, 0.0], [0.0, 0.65, 0.0, 0.48, 0.16, 0.17, 0.0, 1.0], [0.2, 25.0, 0.0, 0.0])
(31586877, [2.0, 0.73, 0.0, 0.56, 0.0, 0.61, 0.0, 2.47, 0.0, 0.0], [0.0, 0.64, 0.0, 0.48, 0.16, 0.17, 0.0, 1.0], [0.2, 25.0, 0.0, 0.0])
(31687064, [2.0, 0.72, 0.0, 0.56, 0.0, 0.62, 0.0, 2.47, 0.0, 0.0], [0.0, 0.64, 0.0, 0.48, 0.16, 0.17, 0.0, 1.0], [0.2, 25.0, 0.0, 0.0])
(31787441, [2.0, 0.73, 0.0, 0.56, 0.0, 0.62, 0.0, 2.49, 0.0, 0.0], [0.0, 0.64, 0.0, 0.48, 0.16, 0.17, 0.0, 1.0], [0.2, 25.0, 0.0, 0.0])
(31887006, [2.0, 0.73, 0.0, 0.56, 0.0, 0.61, 0.0, 2.5, 0.0, 0.0], [0.0, 0.64, 0.0, 0.48, 0.16, 0.17, 0.0, 1.0], [0.2, 25.0, 0.0, 0.0])
(31987176, [2.0, 0.72, 0.0, 0.56, 0.0, 0.62, 0.0, 2.48, 0.0, 0.0], [0.0, 0.63, 0.0, 0.48, 0.17, 0.18, 0.0, 1.0], [0.2, 25.0, 0.0, 0.0])
(32087014, [2.0, 0.72, 0.0, 0.56, 0.0, 0.61, 0.0, 2.49, 0.0, 0.0], [0.0, 0.63, 0.0, 0.49, 0.17, 0.18, 0.0, 1.0], [0.2, 25.0, 0.0, 0.0])
(32187205, [2.0, 0.73, 0.0, 0.56, 0.0, 0.62, 0.0, 2.47, 0.0, 0.0], [0.0, 0.63, 0.0, 0.49, 0.17, 0.18, 0.0, 1.0], [0.2, 25.0, 0.0, 0.0])
(32287105, [2.0, 0.72, 0.0, 0.56, 0.0, 0.61, 0.0, 2.48, 0.0, 0.0], [0.0, 0.63, 0.0, 0.49, 0.17, 0.18, 0.0, 1.0], [0.2, 25.0, 0.0, 0.0])
(32387780, [2.0, 0.73, 0.0, 0.56, 0.0, 0.62, 0.0, 2.48, 0.0, 0.0], [0.0, 0.62, 0.0, 0.48, 0.17, 0.18, 0.0, 1.0], [0.2, 25.0, 0.0, 0.0])
(32486985, [2.0, 0.72, 0.0, 0.56, 0.0, 0.61, 0.0, 2.49, 0.0, 0.0], [0.0, 0.62, 0.0, 0.48, 0.18, 0.18, 0.0, 1.0], [0.2, 25.0, 0.0, 0.0])
(32587230, [2.0, 0.73, 0.0, 0.56, 0.0, 0.61, 0.0, 2.47, 0.0, 0.0], [0.0, 0.62, 0.0, 0.48, 0.18, 0.18, 0.0, 1.0], [0.2, 25.0, 0.0, 0.0])
(32687006, [2.0, 0.73, 0.0, 0.56, 0.0, 0.62, 0.0, 2.48, 0.0, 0.0], [0.0, 0.62, 0.0, 0.48, 0.18, 0.19, 0.0, 1.0], [0.2, 25.0, 0.0, 0.0])
(32788225, [2.0, 0.72, 0.0, 0.56, 0.0, 0.61, 0.0, 2.48, 0.0, 0.0], [0.0, 0.61, 0.0, 0.48, 0.18, 0.19, 0.0, 1.0], [0.2, 25.0, 0.0, 0.0])
(32886907, [2.0, 0.73, 0.0, 0.56, 0.0, 0.61, 0.0, 2.49, 0.0, 0.0], [0.0, 0.61, 0.0, 0.48, 0.18, 0.19, 0.0, 1.0], [0.2, 25.0, 0.0, 0.0])
(32987036, [2.0, 0.72, 0.0, 0.56, 0.0, 0.61, 0.0, 2.48, 0.0, 0.0], [0.0, 0.61, 0.0, 0.48, 0.18, 0.2, 0.0, 1.0], [0.2, 25.0, 0.0, 0.0])
(33087048, [2.0, 0.72, 0.0, 0.56, 0.0, 0.61, 0.0, 2.48, 0.0, 0.0], [0.0, 0.6, 0.0, 0.48, 0.18, 0.2, 0.0, 1.0], [0.2, 25.0, 0.0, 0.0])
(33187019, [2.0, 0.73, 0.0, 0.56, 0.0, 0.62, 0.0, 2.48, 0.0, 0.0], [0.0, 0.61, 0.0, 0.48, 0.18, 0.2, 0.0, 1.0], [0.2, 25.0, 0.0, 0.0])
(33287205, [2.0, 0.72, 0.0, 0.56, 0.0, 0.61, 0.0, 2.49, 0.0, 0.0], [-1.37, 0.6, -0.31, 0.48, 0.18, 0.2, 0.0, 1.0], [0.2, 25.0, 0.0, 0.0])
(33387635, [2.0, 0.73, 0.0, 0.56, 0.0, 0.62, 0.0, 2.49, 0.0, 0.0], [-2.09, 0.6, -0.5, 0.48, 0.18, 0.2, 0.0, 1.0], [0.2, 25.0, 0.0, 0.0])
(33487110, [2.0, 0.72, 0.0, 0.56, 0.0, 0.61, 0.0, 2.47, 0.0, 0.0], [-2.45, 0.6, -0.56, 0.48, 0.18, 0.2, 0.0, 1.0], [0.2, 25.0, 0.0, 0.0])
(33587168, [2.0, 0.72, 0.0, 0.56, 0.0, 0.62, 0.0, 2.48, 0.0, 0.0], [-2.63, 0.59, -0.6, 0.48, 0.18, 0.21, 0.0, 1.0], [0.2, 25.0, 0.0, 0.0])
(33687255, [2.0, 0.72, 0.0, 0.56, 0.0, 0.61, 0.0, 2.49, 0.0, 0.0], [-2.72, 0.59, -0.6, 0.48, 0.18, 0.21, 0.0, 1.0], [0.2, 25.0, 0.0, 0.0])
(33787192, [2.0, 0.72, 0.0, 0.56, 0.0, 0.62, 0.0, 2.46, 0.0, 0.0], [-2.76, 0.59, -0.63, 0.49, 0.18, 0.21, 0.0, 1.0], [0.2, 25.0, 0.0, 0.0])
(33887726, [2.0, 0.72, 0.0, 0.56, 0.0, 0.62, 0.0, 2.49, 0.0, 0.0], [-2.79, 0.59, -0.59, 0.48, 0.18, 0.21, 0.0, 1.0], [0.2, 25.0, 0.0, 0.0])
(33987212, [2.0, 0.72, 0.0, 0.56, 0.0, 0.62, 0.0, 2.48, 0.0, 0.0], [-2.81, 0.59, -0.58, 0.49, 0.18, 0.21, 0.0, 1.0], [0.2, 25.0, 0.0, 0.0])
(34087206, [2.0, 0.72, 0.0, 0.56, 0.0, 0.62, 0.0, 2.48, 0.0, 0.0], [-2.81, 0.59, -0.59, 0.49, 0.18, 0.21, 0.0, 1.0], [0.2, 25.0, 0.0, 0.0])
(34187750, [2.0, 0.73, 0.0, 0.56, 0.0, 0.61, 0.0, 2.47, 0.0, 0.0], [-2.81, 0.59, -0.59, 0.49, 0.18, 0.22, 0.0, 1.0], [0.2, 25.0, 0.0, 0.0])
(34287622, [2.0, 0.72, 0.0, 0.56, 0.0, 0.62, 0.0, 2.48, 0.0, 0.0], [-2.81, 0.58, -0.59, 0.49, 0.18, 0.22, 0.0, 1.0], [0.2, 25.0, 0.0, 0.0])
(34423659, [2.0, 0.72, 0.0, 0.56, 0.0, 0.62, 0.0, 2.49, 0.0, 0.0], [-2.81, 0.58, -0.59, 0.49, 0.18, 0.22, 0.0, 1.0], [0.2, 25.0, 0.0, 0.0])
(34523611, [2.0, 0.72, 0.0, 0.56, 0.0, 0.61, 0.0, 2.49, 0.0, 0.0], [-2.81, 0.58, -0.6, 0.49, 0.18, 0.22, 0.0, 1.0], [0.2, 25.0, 0.0, 0.0])
(34623488, [2.0, 0.72, 0.0, 0.56, 0.0, 0.62, 0.0, 2.51, 0.0, 0.0], [-2.81, 0.58, -0.61, 0.49, 0.18, 0.22, 0.0, 1.0], [0.2, 25.0, 0.0, 0.0])
(34723719, [2.0, 0.73, 0.0, 0.56, 0.0, 0.62, 0.0, 2.47, 0.0, 0.0], [-2.81, 0.58, -0.6, 0.49, 0.18, 0.23, 0.0, 1.0], [0.2, 25.0, 0.0, 0.0])
(34823604, [2.0, 0.72, 0.0, 0.56, 0.0, 0.61, 0.0, 2.48, 0.0, 0.0], [-2.81, 0.58, -0.61, 0.49, 0.18, 0.23, 0.0, 1.0], [0.2, 25.0, 0.0, 0.0])
(34923256, [2.0, 0.72, 0.0, 0.56, 0.0, 0.61, 0.0, 2.49, 0.0, 0.0], [-2.81, 0.58, -0.62, 0.49, 0.18, 0.23, 0.0, 1.0], [0.2, 25.0, 0.0, 0.0])
(35023156, [2.0, 0.72, 0.0, 0.56, 0.0, 0.62, 0.0, 2.49, 0.0, 0.0], [-2.81, 0.58, -0.62, 0.49, 0.18, 0.24, 0.0, 1.0], [0.2, 25.0, 0.0, 0.0])
(35123499, [2.0, 0.73, 0.0, 0.56, 0.0, 0.61, 0.0, 2.47, 0.0, 0.0], [-2.81, 0.58, -0.62, 0.49, 0.18, 0.24, 0.0, 1.0], [0.2, 25.0, 0.0, 0.0])
(35224389, [2.0, 0.72, 0.0, 0.56, 0.0, 0.61, 0.0, 2.47, 0.0, 0.0], [-2.8, 0.58, -0.63, 0.48, 0.18, 0.24, 0.0, 1.0], [0.2, 25.0, 0.0, 0.0])
(35323130, [2.0, 0.73, 0.0, 0.56, 0.0, 0.61, 0.0, 2.49, 0.0, 0.0], [-2.8, 0.58, -0.64, 0.49, 0.18, 0.24, 0.0, 1.0], [0.2, 25.0, 0.0, 0.0])
(35423551, [2.0, 0.73, 0.0, 0.56, 0.0, 0.62, 0.0, 2.47, 0.0, 0.0], [-2.8, 0.58, -0.66, 0.48, 0.18, 0.24, 0.0, 1.0], [0.2, 25.0, 0.0, 0.0])
(35523423, [2.0, 0.72, 0.0, 0.56, 0.0, 0.61, 0.0, 2.48, 0.0, 0.0], [-2.8, 0.58, -0.64, 0.48, 0.18, 0.24, 0.0, 1.0], [0.2, 25.0, 0.0, 0.0])
(35623538, [2.0, 0.73, 0.0, 0.56, 0.0, 0.62, 0.0, 2.48, 0.0, 0.0], [-2.8, 0.58, -0.63, 0.48, 0.18, 0.24, 0.0, 1.0], [0.2, 25.0, 0.0, 0.0])
(35725492, [2.0, 0.73, 0.0, 0.56, 0.0, 0.61, 0.0, 2.49, 0.0, 0.0], [-2.8, 0.58, -0.64, 0.48, 0.18, 0.25, 0.0, 1.0], [0.2, 25.0, 0.0, 0.0])
(35827736, [2.0, 0.72, 0.0, 0.56, 0.0, 0.62, 0.0, 2.48, 0.0, 0.0], [-2.81, 0.58, -0.61, 0.48, 0.18, 0.25, 0.0, 1.0], [0.2, 25.0, 0.0, 0.0])
(35927797, [2.0, 0.72, 0.0, 0.56, 0.0, 0.62, 0.0, 2.47, 0.0, 0.0], [-2.81, 0.58, -0.58, 0.48, 0.18, 0.25, 0.0, 1.0], [0.2, 25.0, 0.0, 0.0])
(36027691, [2.0, 0.73, 0.0, 0.56, 0.0, 0.62, 0.0, 2.49, 0.0, 0.0], [-2.81, 0.58, -0.6, 0.48, 0.18, 0.26, 0.0, 1.0], [0.2, 25.0, 0.0, 0.0])
(36127676, [2.0, 0.72, 0.0, 0.56, 0.0, 0.62, 0.0, 2.48, 0.0, 0.0], [-2.81, 0.58, -0.59, 0.48, 0.18, 0.26, 0.0, 1.0], [0.2, 25.0, 0.0, 0.0])
(36227657, [2.0, 0.72, 0.0, 0.56, 0.0, 0.62, 0.0, 2.49, 0.0, 0.0], [-2.82, 0.58, -0.58, 0.48, 0.18, 0.26, 0.0, 1.0], [0.2, 25.0, 0.0, 0.0])
(36327664, [2.0, 0.72, 0.0, 0.56, 0.0, 0.61, 0.0, 2.48, 0.0, 0.0], [-2.81, 0.58, -0.59, 0.48, 0.18, 0.27, 0.0, 1.0], [0.2, 25.0, 0.0, 0.0])
(36427670, [2.0, 0.73, 0.0, 0.56, 0.0, 0.61, 0.0, 2.49, 0.0, 0.0], [-2.81, 0.58, -0.62, 0.48, 0.18, 0.27, 0.0, 1.0], [0.2, 25.0, 0.0, 0.0])
(36527447, [2.0, 0.73, 0.0, 0.56, 0.0, 0.62, 0.0, 2.48, 0.0, 0.0], [-2.81, 0.58, -0.61, 0.48, 0.18, 0.27, 0.0, 1.0], [0.2, 25.0, 0.0, 0.0])
(36627502, [2.0, 0.72, 0.0, 0.56, 0.0, 0.62, 0.0, 2.48, 0.0, 0.0], [-2.81, 0.58, -0.6, 0.48, 0.18, 0.27, 0.0, 1.0], [0.2, 25.0, 0.0, 0.0])
(36727787, [2.0, 0.73, 0.0, 0.56, 0.0, 0.62, 0.0, 2.49, 0.0, 0.0], [-2.81, 0.58, -0.6, 0.48, 0.18, 0.27, 0.0, 1.0], [0.2, 25.0, 0.0, 0.0])
(36828330, [2.0, 0.73, 0.0, 0.56, 0.0, 0.61, 0.0, 2.48, 0.0, 0.0], [-2.8, 0.58, -0.63, 0.48, 0.18, 0.27, 0.0, 1.0], [0.2, 25.0, 0.0, 0.0])
(36927518, [2.0, 0.72, 0.0, 0.56, 0.0, 0.61, 0.0, 2.48, 0.0, 0.0], [-2.8, 0.58, -0.65, 0.48, 0.18, 0.28, 0.0, 1.0], [0.2, 25.0, 0.0, 0.0])
(37027419, [2.0, 0.72, 0.0, 0.56, 0.0, 0.62, 0.0, 2.47, 0.0, 0.0], [-2.8, 0.58, -0.62, 0.48, 0.18, 0.28, 0.0, 1.0], [0.2, 25.0, 0.0, 0.0])
(37127745, [2.0, 0.73, 0.0, 0.56, 0.0, 0.62, 0.0, 2.47, 0.0, 0.0], [-2.81, 0.58, -0.62, 0.48, 0.18, 0.28, 0.0, 1.0], [0.2, 25.0, 0.0, 0.0])
(37227650, [2.0, 0.73, 0.0, 0.56, 0.0, 0.62, 0.0, 2.49, 0.0, 0.0], [-2.81, 0.58, -0.62, 0.48, 0.18, 0.28, 0.0, 1.0], [0.2, 25.0, 0.0, 0.0])
(37327743, [2.0, 0.73, 0.0, 0.56, 0.0, 0.61, 0.0, 2.48, 0.0, 0.0], [-2.81, 0.58, -0.62, 0.48, 0.18, 0.28, 0.0, 1.0], [0.2, 25.0, 0.0, 0.0])
(37427708, [2.0, 0.73, 0.0, 0.56, 0.0, 0.62, 0.0, 2.49, 0.0, 0.0], [-2.8, 0.58, -0.64, 0.48, 0.18, 0.28, 0.0, 1.0], [0.2, 25.0, 0.0, 0.0])
(37527703, [2.0, 0.72, 0.0, 0.56, 0.0, 0.62, 0.0, 2.48, 0.0, 0.0], [-2.8, 0.58, -0.64, 0.48, 0.18, 0.29, 0.0, 1.0], [0.2, 25.0, 0.0, 0.0])
(37627679, [2.0, 0.73, 0.0, 0.56, 0.0, 0.62, 0.0, 2.48, 0.0, 0.0], [-2.81, 0.58, -0.62, 0.48, 0.18, 0.29, 0.0, 1.0], [0.2, 25.0, 0.0, 0.0])
(37728238, [2.0, 0.72, 0.0, 0.56, 0.0, 0.61, 0.0, 2.49, 0.0, 0.0], [-2.81, 0.58, -0.6, 0.49, 0.18, 0.29, 0.0, 1.0], [0.2, 25.0, 0.0, 0.0])
(37828441, [2.0, 0.72, 0.0, 0.56, 0.0, 0.62, 0.0, 2.49, 0.0, 0.0], [-2.81, 0.58, -0.59, 0.49, 0.18, 0.29, 0.0, 1.0], [0.2, 25.0, 0.0, 0.0])
(37928262, [2.0, 0.72, 0.0, 0.56, 0.0, 0.62, 0.0, 2.48, 0.0, 0.0], [-2.81, 0.58, -0.6, 0.49, 0.18, 0.29, 0.0, 1.0], [0.2, 25.0, 0.0, 0.0])
(38029791, [2.0, 0.72, 0.0, 0.56, 0.0, 0.61, 0.0, 2.48, 0.0, 0.0], [-2.81, 0.58, -0.6, 0.49, 0.18, 0.3, 0.0, 1.0], [0.2, 25.0, 0.0, 0.0])
(38129932, [2.0, 0.73, 0.0, 0.56, 0.0, 0.61, 0.0, 2.49, 0.0, 0.0], [-2.81, 0.58, -0.62, 0.48, 0.18, 0.29, 0.0, 1.0], [0.2, 25.0, 0.0, 0.0])
(38229701, [2.0, 0.72, 0.0, 0.56, 0.0, 0.61, 0.0, 2.48, 0.0, 0.0], [-2.8, 0.58, -0.63, 0.48, 0.18, 0.3, 0.0, 1.0], [0.2, 25.0, 0.0, 0.0])
(38329696, [2.0, 0.72, 0.0, 0.56, 0.0, 0.62, 0.0, 2.49, 0.0, 0.0], [-2.81, 0.58, -0.61, 0.48, 0.18, 0.3, 0.0, 1.0], [0.2, 25.0, 0.0, 0.0])
(38429845, [2.0, 0.72, 0.0, 0.56, 0.0, 0.61, 0.0, 2.48, 0.0, 0.0], [-2.81, 0.58, -0.61, 0.48, 0.18, 0.31, 0.0, 1.0], [0.2, 25.0, 0.0, 0.0])
(38529710, [2.0, 0.72, 0.0, 0.56, 0.0, 0.62, 0.0, 2.47, 0.0, 0.0], [-2.8, 0.58, -0.62, 0.48, 0.18, 0.31, 0.0, 1.0], [0.2, 25.0, 0.0, 0.0])
(38629600, [2.0, 0.73, 0.0, 0.56, 0.0, 0.62, 0.0, 2.47, 0.0, 0.0], [-2.81, 0.58, -0.59, 0.48, 0.18, 0.31, 0.0, 1.0], [0.2, 25.0, 0.0, 0.0])
(38729690, [2.0, 0.72, 0.0, 0.56, 0.0, 0.61, 0.0, 2.48, 0.0, 0.0], [-2.81, 0.58, -0.61, 0.48, 0.18, 0.31, 0.0, 1.0], [0.2, 25.0, 0.0, 0.0])
(38829856, [2.0, 0.72, 0.0, 0.56, 0.0, 0.62, 0.0, 2.47, 0.0, 0.0], [-2.81, 0.58, -0.62, 0.48, 0.18, 0.31, 0.0, 1.0], [0.2, 25.0, 0.0, 0.0])
(38929599, [2.0, 0.72, 0.0, 0.56, 0.0, 0.62, 0.0, 2.47, 0.0, 0.0], [-2.81, 0.57, -0.59, 0.48, 0.18, 0.31, 0.0, 1.0], [0.2, 25.0, 0.0, 0.0])
(39029598, [2.0, 0.72, 0.0, 0.56, 0.0, 0.61, 0.0, 2.48, 0.0, 0.0], [-2.82, 0.57, -0.57, 0.48, 0.18, 0.32, 0.0, 1.0], [0.2, 25.0, 0.0, 0.0])
(39129748, [2.0, 0.72, 0.0, 0.56, 0.0, 0.61, 0.0, 2.49, 0.0, 0.0], [-2.81, 0.57, -0.6, 0.47, 0.18, 0.32, 0.0, 1.0], [0.56, 25.0, 0.0, 0.0])
(39229736, [2.0, 0.72, 0.0, 0.56, 0.0, 0.62, 0.0, 2.49, 0.0, 0.0], [-2.81, 0.57, -0.61, 0.47, 0.18, 0.32, 0.0, 1.0], [0.56, 25.0, 0.0, 0.0])
(39329735, [2.0, 0.72, 0.0, 0.56, 0.0, 0.62, 0.0, 2.48, 0.0, 0.0], [-2.81, 0.57, -0.58, 0.47, 0.18, 0.32, 0.0, 1.0], [0.56, 25.0, 0.0, 0.0])
(39429687, [2.0, 0.73, 0.0, 0.56, 0.0, 0.62, 0.0, 2.47, 0.0, 0.0], [-2.82, 0.57, -0.58, 0.47, 0.18, 0.32, 0.0, 1.0], [0.56, 25.0, 0.0, 0.0])
(39530188, [2.0, 0.73, 0.0, 0.56, 0.0, 0.62, 0.0, 2.48, 0.0, 0.0], [-2.81, 0.57, -0.6, 0.47, 0.18, 0.32, 0.0, 1.0], [0.56, 25.0, 0.0, 0.0])
(39629726, [2.0, 0.72, 0.0, 0.56, 0.0, 0.62, 0.0, 2.48, 0.0, 0.0], [-2.81, 0.57, -0.6, 0.47, 0.18, 0.32, 0.0, 1.0], [0.56, 25.0, 0.0, 0.0])
(39729746, [2.0, 0.72, 0.0, 0.56, 0.0, 0.62, 0.0, 2.46, 0.0, 0.0], [-2.82, 0.56, -0.58, 0.47, 0.18, 0.32, 0.0, 1.0], [0.58, 25.0, 0.0, 0.0])
(39830898, [2.0, 0.72, 0.0, 0.56, 0.0, 0.62, 0.0, 2.49, 0.0, 0.0], [-2.82, 0.56, -0.57, 0.47, 0.18, 0.33, 0.0, 1.0], [0.57, 25.0, 0.0, 0.0])
(39930816, [2.0, 0.72, 0.0, 0.56, 0.0, 0.61, 0.0, 2.5, 0.0, 0.0], [-2.82, 0.56, -0.58, 0.47, 0.18, 0.33, 0.0, 1.0], [0.58, 25.0, 0.0, 0.0])
(40030649, [2.0, 0.72, 0.0, 0.56, 0.0, 0.61, 0.0, 2.49, 0.0, 0.0], [-2.81, 0.56, -0.6, 0.47, 0.18, 0.34, 0.0, 1.0], [0.57, 25.0, 0.0, 0.0])
(40130853, [2.0, 0.72, 0.0, 0.56, 0.0, 0.6, 0.0, 2.48, 0.0, 0.0], [-2.8, 0.57, -0.63, 0.47, 0.18, 0.34, 0.0, 1.0], [0.57, 25.0, 0.0, 0.0])
(40230805, [2.0, 0.73, 0.0, 0.56, 0.0, 0.6, 0.0, 2.47, 0.0, 0.0], [-2.79, 0.56, -0.66, 0.47, 0.18, 0.34, 0.0, 1.0], [0.57, 25.0, 0.0, 0.0])
(40330667, [2.0, 0.72, 0.0, 0.56, 0.0, 0.61, 0.0, 2.48, 0.0, 0.0], [-2.79, 0.56, -0.66, 0.47, 0.18, 0.35, 0.0, 1.0], [0.58, 25.0, 0.0, 0.0])
(40430611, [2.0, 0.72, 0.0, 0.56, 0.0, 0.61, 0.0, 2.48, 0.0, 0.0], [-2.8, 0.56, -0.64, 0.46, 0.18, 0.35, 0.0, 1.0], [0.57, 25.0, 0.0, 0.0])
(40530739, [2.0, 0.72, 0.0, 0.56, 0.0, 0.62, 0.0, 2.48, 0.0, 0.0], [-2.81, 0.56, -0.61, 0.46, 0.18, 0.35, 0.0, 1.0], [0.58, 25.0, 0.0, 0.0])
(40631155, [2.0, 0.73, 0.0, 0.56, 0.0, 0.61, 0.0, 2.49, 0.0, 0.0], [-2.8, 0.56, -0.62, 0.46, 0.18, 0.36, 0.0, 1.0], [0.57, 25.0, 0.0, 0.0])
(40730732, [2.0, 0.72, 0.0, 0.56, 0.0, 0.61, 0.0, 2.47, 0.0, 0.0], [-2.8, 0.56, -0.63, 0.46, 0.18, 0.36, 0.0, 1.0], [0.57, 25.0, 0.0, 0.0])
(40831003, [2.0, 0.73, 0.0, 0.56, 0.0, 0.61, 0.0, 2.49, 0.0, 0.0], [-2.81, 0.57, -0.62, 0.46, 0.18, 0.36, 0.0, 1.0], [0.56, 25.0, 0.0, 0.0])
(40930715, [2.0, 0.72, 0.0, 0.56, 0.0, 0.62, 0.0, 2.48, 0.0, 0.0], [-2.81, 0.57, -0.61, 0.47, 0.18, 0.36, 0.0, 1.0], [0.56, 25.0, 0.0, 0.0])
(41030714, [2.0, 0.72, 0.0, 0.56, 0.0, 0.61, 0.0, 2.48, 0.0, 0.0], [-2.81, 0.57, -0.59, 0.47, 0.18, 0.36, 0.0, 1.0], [0.57, 25.0, 0.0, 0.0])
(41130941, [2.0, 0.72, 0.0, 0.56, 0.0, 0.61, 0.0, 2.49, 0.0, 0.0], [-2.81, 0.57, -0.61, 0.47, 0.18, 0.37, 0.0, 1.0], [0.58, 25.0, 0.0, 0.0])
(41230877, [2.0, 0.72, 0.0, 0.56, 0.0, 0.61, 0.0, 2.48, 0.0, 0.0], [-2.81, 0.57, -0.62, 0.47, 0.18, 0.37, 0.0, 1.0], [0.57, 25.0, 0.0, 0.0])
(41330909, [2.0, 0.72, 0.0, 0.56, 0.0, 0.61, 0.0, 2.48, 0.0, 0.0], [-2.81, 0.57, -0.6, 0.47, 0.18, 0.37, 0.0, 1.0], [0.56, 25.0, 0.0, 0.0])
(41431038, [2.0, 0.72, 0.0, 0.56, 0.0, 0.61, 0.0, 2.49, 0.0, 0.0], [-2.81, 0.57, -0.61, 0.47, 0.18, 0.38, 0.0, 1.0], [0.56, 25.0, 0.0, 0.0])
(41531236, [2.0, 0.72, 0.0, 0.56, 0.0, 0.61, 0.0, 2.5, 0.0, 0.0], [-2.81, 0.57, -0.62, 0.47, 0.18, 0.38, 0.0, 1.0], [0.56, 25.0, 0.0, 0.0])
(41633914, [2.0, 0.73, 0.0, 0.56, 0.0, 0.61, 0.0, 2.48, 0.0, 0.0], [-2.8, 0.57, -0.64, 0.47, 0.18, 0.38, 0.0, 1.0], [0.56, 25.0, 0.0, 0.0])
(41732902, [2.0, 0.72, 0.0, 0.56, 0.0, 0.61, 0.0, 2.48, 0.0, 0.0], [-2.8, 0.57, -0.65, 0.47, 0.18, 0.38, 0.0, 1.0], [0.5, 25.0, 0.0, 0.0])
(41833367, [2.0, 0.73, 0.0, 0.56, 0.0, 0.6, 0.0, 2.5, 0.0, 0.0], [-2.79, 0.57, -0.67, 0.48, 0.18, 0.39, 0.0, 1.0], [0.5, 25.0, 0.0, 0.0])
(41933616, [2.0, 0.72, 0.0, 0.56, 0.0, 0.6, 0.0, 2.47, 0.0, 0.0], [-2.79, 0.57, -0.68, 0.47, 0.18, 0.39, 0.0, 1.0], [0.51, 25.0, 0.0, 0.0])
(42032658, [2.0, 0.72, 0.0, 0.55, 0.0, 0.6, 0.0, 2.48, 0.0, 0.0], [-2.79, 0.57, -0.68, 0.48, 0.18, 0.39, 0.0, 1.0], [0.57, 25.0, 0.0, 0.0])
(42133275, [2.0, 0.73, 0.0, 0.56, 0.0, 0.61, 0.0, 2.48, 0.0, 0.0], [-2.79, 0.57, -0.66, 0.47, 0.18, 0.39, 0.0, 1.0], [0.52, 25.0, 0.0, 0.0])
(42233414, [2.0, 0.72, 0.0, 0.56, 0.0, 0.61, 0.0, 2.48, 0.0, 0.0], [-2.8, 0.57, -0.65, 0.47, 0.18, 0.39, 0.0, 1.0], [0.52, 25.0, 0.0, 0.0])
(42332639, [2.0, 0.72, 0.0, 0.56, 0.0, 0.62, 0.0, 2.47, 0.0, 0.0], [-2.8, 0.57, -0.64, 0.47, 0.18, 0.39, 0.0, 1.0], [0.56, 25.0, 0.0, 0.0])
(42433232, [2.0, 0.72, 0.0, 0.56, 0.0, 0.62, 0.0, 2.48, 0.0, 0.0], [-2.81, 0.57, -0.6, 0.47, 0.18, 0.39, 0.0, 1.0], [0.52, 25.0, 0.0, 0.0])
(42532919, [2.0, 0.72, 0.0, 0.56, 0.0, 0.61, 0.0, 2.48, 0.0, 0.0], [-2.81, 0.57, -0.6, 0.46, 0.18, 0.39, 0.0, 1.0], [0.2, 25.0, 0.0, 0.0])
(42632748, [2.0, 0.72, 0.0, 0.56, 0.0, 0.62, 0.0, 2.48, 0.0, 0.0], [-2.81, 0.57, -0.59, 0.46, 0.18, 0.39, 0.0, 1.0], [0.2, 25.0, 0.0, 0.0])
(42732671, [2.0, 0.73, 0.0, 0.56, 0.0, 0.62, 0.0, 2.47, 0.0, 0.0], [-2.81, 0.57, -0.61, 0.46, 0.18, 0.39, 0.0, 1.0], [0.2, 25.0, 0.0, 0.0])
(42832922, [2.0, 0.72, 0.0, 0.56, 0.0, 0.61, 0.0, 2.47, 0.0, 0.0], [-2.81, 0.57, -0.61, 0.46, 0.18, 0.4, 0.0, 1.0], [0.2, 25.0, 0.0, 0.0])
(42933775, [2.0, 0.73, 0.0, 0.56, 0.0, 0.62, 0.0, 2.5, 0.0, 0.0], [-2.81, 0.57, -0.6, 0.46, 0.18, 0.4, 0.0, 1.0], [0.2, 25.0, 0.0, 0.0])
(43034248, [2.0, 0.73, 0.0, 0.56, 0.0, 0.61, 0.0, 2.48, 0.0, 0.0], [-2.81, 0.57, -0.59, 0.46, 0.18, 0.4, 0.0, 1.0], [0.2, 25.0, 0.0, 0.0])
(43134052, [2.0, 0.73, 0.0, 0.56, 0.0, 0.62, 0.0, 2.48, 0.0, 0.0], [-2.8, 0.57, -0.63, 0.46, 0.18, 0.4, 0.0, 1.0], [0.2, 25.0, 0.0, 0.0])
(43234522, [2.0, 0.72, 0.0, 0.56, 0.0, 0.63, 0.0, 2.48, 0.0, 0.0], [-2.81, 0.57, -0.62, 0.46, 0.18, 0.4, 0.0, 1.0], [0.2, 25.0, 0.0, 0.0])
(43334263, [2.0, 0.72, 0.0, 0.56, 0.0, 0.64, 0.0, 2.5, 0.0, 0.0], [-2.82, 0.58, -0.55, 0.46, 0.18, 0.4, 0.0, 1.0], [0.2, 25.0, 0.0, 0.0])
(43435104, [2.0, 0.73, 0.0, 0.56, 0.0, 0.65, 0.0, 2.49, 0.0, 0.0], [-2.83, 0.58, -0.52, 0.46, 0.18, 0.41, 0.0, 1.0], [0.2, 25.0, 0.0, 0.0])
(43534704, [2.0, 0.73, 0.0, 0.56, 0.0, 0.63, 0.0, 2.48, 0.0, 0.0], [-2.83, 0.58, -0.5, 0.46, 0.18, 0.41, 0.0, 1.0], [0.2, 25.0, 0.0, 0.0])
(43635093, [2.0, 0.73, 0.0, 0.56, 0.0, 0.62, 0.0, 2.48, 0.0, 0.0], [-2.83, 0.58, -0.51, 0.45, 0.18, 0.41, 0.0, 1.0], [0.2, 25.0, 0.0, 0.0])
(43735013, [2.0, 0.73, 0.0, 0.56, 0.0, 0.62, 0.0, 2.49, 0.0, 0.0], [-2.82, 0.58, -0.57, 0.45, 0.18, 0.41, 0.0, 1.0], [0.2, 25.0, 0.0, 0.0])
(43835081, [2.0, 0.72, 0.0, 0.56, 0.0, 0.63, 0.0, 2.48, 0.0, 0.0], [-2.82, 0.58, -0.57, 0.45, 0.18, 0.41, 0.0, 1.0], [0.2, 25.0, 0.0, 0.0])
(43935861, [2.0, 0.72, 0.0, 0.56, 0.0, 0.62, 0.0, 2.49, 0.0, 0.0], [-2.82, 0.58, -0.55, 0.45, 0.18, 0.41, 0.0, 1.0], [0.2, 25.0, 0.0, 0.0])
(44034763, [2.0, 0.72, 0.0, 0.56, 0.0, 0.62, 0.0, 2.49, 0.0, 0.0], [-2.82, 0.58, -0.57, 0.45, 0.18, 0.41, 0.0, 1.0], [0.2, 25.0, 0.0, 0.0])
(44134760, [2.0, 0.73, 0.0, 0.56, 0.0, 0.64, 0.0, 2.49, 0.0, 0.0], [-2.82, 0.58, -0.55, 0.45, 0.18, 0.41, 0.0, 1.0], [0.2, 25.0, 0.0, 0.0])
(44234926, [2.0, 0.73, 0.0, 0.56, 0.0, 0.64, 0.0, 2.5, 0.0, 0.0], [-2.83, 0.59, -0.52, 0.45, 0.18, 0.42, 0.0, 1.0], [0.2, 25.0, 0.0, 0.0])
(44334895, [2.0, 0.72, 0.0, 0.56, 0.0, 0.63, 0.0, 2.48, 0.0, 0.0], [-2.83, 0.59, -0.51, 0.45, 0.18, 0.42, 0.0, 1.0], [0.2, 25.0, 0.0, 0.0])
(44435783, [2.0, 0.72, 0.0, 0.55, 0.0, 0.63, 0.0, 2.49, 0.0, 0.0], [-2.83, 0.59, -0.52, 0.45, 0.18, 0.42, 0.0, 1.0], [0.2, 25.0, 0.0, 0.0])
(44534901, [2.0, 0.73, 0.0, 0.56, 0.0, 0.63, 0.0, 2.46, 0.0, 0.0], [-2.83, 0.59, -0.53, 0.45, 0.18, 0.42, 0.0, 1.0], [0.2, 25.0, 0.0, 0.0])
(44634797, [2.0, 0.72, 0.0, 0.56, 0.0, 0.63, 0.0, 2.49, 0.0, 0.0], [-2.83, 0.59, -0.54, 0.45, 0.18, 0.42, 0.0, 1.0], [0.2, 25.0, 0.0, 0.0])
(44735079, [2.0, 0.72, 0.0, 0.56, 0.0, 0.63, 0.0, 2.47, 0.0, 0.0], [-2.83, 0.59, -0.52, 0.45, 0.18, 0.43, 0.0, 1.0], [0.2, 25.0, 0.0, 0.0])
(44834990, [2.0, 0.72, 0.0, 0.56, 0.0, 0.63, 0.0, 2.49, 0.0, 0.0], [-2.83, 0.6, -0.51, 0.45, 0.18, 0.43, 0.0, 1.0], [0.2, 25.0, 0.0, 0.0])
(44934928, [2.0, 0.73, 0.0, 0.56, 0.0, 0.62, 0.0, 2.49, 0.0, 0.0], [-2.82, 0.6, -0.54, 0.46, 0.18, 0.43, 0.0, 1.0], [0.2, 25.0, 0.0, 0.0])
(45035446, [2.0, 0.73, 0.0, 0.56, 0.0, 0.63, 0.0, 2.48, 0.0, 0.0], [-2.82, 0.6, -0.54, 0.45, 0.18, 0.43, 0.0, 1.0], [0.2, 25.0, 0.0, 0.0])
(45135027, [2.0, 0.73, 0.0, 0.56, 0.0, 0.63, 0.0, 2.49, 0.0, 0.0], [-2.83, 0.6, -0.53, 0.45, 0.18, 0.44, 0.0, 1.0], [0.2, 25.0, 0.0, 0.0])
(45235225, [2.0, 0.73, 0.0, 0.56, 0.0, 0.62, 0.0, 2.48, 0.0, 0.0], [-2.82, 0.6, -0.55, 0.45, 0.18, 0.44, 0.0, 1.0], [0.2, 25.0, 0.0, 0.0])
(45335109, [2.0, 0.73, 0.0, 0.56, 0.0, 0.63, 0.0, 2.49, 0.0, 0.0], [-2.82, 0.6, -0.57, 0.45, 0.18, 0.44, 0.0, 1.0], [0.2, 25.0, 0.0, 0.0])
(45434952, [2.0, 0.72, 0.0, 0.56, 0.0, 0.62, 0.0, 2.48, 0.0, 0.0], [-2.82, 0.6, -0.56, 0.45, 0.18, 0.44, 0.0, 1.0], [0.54, 25.0, 0.0, 0.0])
(45535182, [2.0, 0.72, 0.0, 0.56, 0.0, 0.61, 0.0, 2.49, 0.0, 0.0], [-2.82, 0.61, -0.58, 0.45, 0.18, 0.44, 0.0, 1.0], [0.55, 25.0, 0.0, 0.0])
(45634877, [2.0, 0.72, 0.0, 0.56, 0.0, 0.63, 0.0, 2.49, 0.0, 0.0], [-2.82, 0.61, -0.58, 0.45, 0.18, 0.45, 0.0, 1.0], [0.54, 25.0, 0.0, 0.0])
(45735002, [2.0, 0.72, 0.0, 0.56, 0.0, 0.63, 0.0, 2.51, 0.0, 0.0], [-2.83, 0.61, -0.54, 0.45, 0.18, 0.45, 0.0, 1.0], [0.54, 25.0, 0.0, 0.0])
(45834853, [2.0, 0.73, 0.0, 0.56, 0.0, 3.6, 0.0, 2.48, 0.0, 0.0], [-2.74, 0.61, -0.09, 0.45, 0.18, 0.45, 0.0, 1.0], [0.54, 25.0, 0.0, 0.0])
(45934893, [2.0, 0.73, 0.0, 0.55, 0.0, 0.61, 0.0, 2.5, 0.0, 0.0], [-2.73, 0.62, 0.01, 0.45, 0.18, 0.46, 0.0, 1.0], [0.54, 25.0, 0.0, 0.0])
(46034800, [2.0, 0.73, 0.0, 0.56, 0.0, 0.63, 0.0, 2.49, 0.0, 0.0], [-2.77, 0.62, -0.31, 0.45, 0.18, 0.46, 0.0, 1.0], [0.54, 25.0, 0.0, 0.0])
(46134891, [2.0, 0.73, 0.0, 0.56, 0.0, 0.62, 0.0, 2.49, 0.0, 0.0], [-2.79, 0.62, -0.44, 0.45, 0.18, 0.46, 0.0, 1.0], [0.55, 25.0, 0.0, 0.0])
(46235819, [2.0, 0.73, 0.0, 0.56, 0.0, 0.62, 0.0, 2.48, 0.0, 0.0], [-2.8, 0.62, -0.53, 0.45, 0.18, 0.46, 0.0, 1.0], [0.55, 25.0, 0.0, 0.0])
(46334865, [2.0, 0.73, 0.0, 0.56, 0.0, 0.62, 0.0, 2.5, 0.0, 0.0], [-2.8, 0.62, -0.58, 0.45, 0.18, 0.46, 0.0, 1.0], [0.55, 25.0, 0.0, 0.0])
(46434797, [2.0, 0.72, 0.0, 0.56, 0.0, 0.63, 0.0, 2.48, 0.0, 0.0], [-2.81, 0.62, -0.57, 0.44, 0.18, 0.47, 0.0, 1.0], [0.56, 25.0, 0.0, 0.0])
(46535684, [2.0, 0.73, 0.0, 0.56, 0.0, 0.62, 0.0, 2.5, 0.0, 0.0], [-2.82, 0.63, -0.57, 0.44, 0.18, 0.47, 0.0, 1.0], [0.55, 25.0, 0.0, 0.0])
(46634930, [2.0, 0.72, 0.0, 0.56, 0.0, 0.63, 0.0, 2.49, 0.0, 0.0], [-2.82, 0.62, -0.56, 0.44, 0.18, 0.48, 0.0, 1.0], [0.55, 25.0, 0.0, 0.0])
(46734895, [2.0, 0.73, 0.0, 0.56, 0.0, 0.62, 0.0, 2.49, 0.0, 0.0], [-2.82, 0.62, -0.56, 0.44, 0.18, 0.48, 0.0, 1.0], [0.55, 25.0, 0.0, 0.0])
(46835587, [2.0, 0.72, 0.0, 0.55, 0.0, 0.63, 0.0, 2.47, 0.0, 0.0], [-2.82, 0.62, -0.55, 0.44, 0.18, 0.48, 0.0, 1.0], [0.56, 25.0, 0.0, 0.0])
(46934994, [2.0, 0.72, 0.0, 0.56, 0.0, 0.63, 0.0, 2.49, 0.0, 0.0], [-2.82, 0.63, -0.54, 0.44, 0.18, 0.48, 0.0, 1.0], [0.55, 25.0, 0.0, 0.0])
(47034993, [2.0, 0.73, 0.0, 0.56, 0.0, 0.62, 0.0, 2.48, 0.0, 0.0], [-2.83, 0.63, -0.54, 0.44, 0.18, 0.49, 0.0, 1.0], [0.56, 25.0, 0.0, 0.0])
(47134903, [2.0, 0.72, 0.0, 0.56, 0.0, 0.63, 0.0, 2.5, 0.0, 0.0], [-2.82, 0.63, -0.54, 0.44, 0.18, 0.49, 0.0, 1.0], [0.55, 25.0, 0.0, 0.0])
(47235222, [2.0, 0.72, 0.0, 0.57, 0.0, 0.63, 0.0, 2.51, 0.0, 0.0], [-2.83, 0.63, -0.52, 0.44, 0.18, 0.49, 0.0, 1.0], [0.55, 25.0, 0.0, 0.0])
(47335268, [2.0, 0.73, 0.0, 0.57, 0.0, 0.62, 0.0, 2.47, 0.0, 0.0], [-2.82, 0.63, -0.57, 0.44, 0.18, 0.49, 0.0, 1.0], [0.55, 25.0, 0.0, 0.0])
(47434999, [2.0, 0.73, 0.0, 0.56, 0.0, 0.62, 0.0, 2.49, 0.0, 0.0], [-2.82, 0.63, -0.57, 0.45, 0.18, 0.5, 0.0, 1.0], [0.55, 25.0, 0.0, 0.0])
(47534985, [2.0, 0.72, 0.0, 0.56, 0.0, 0.62, 0.0, 2.49, 0.0, 0.0], [-2.81, 0.63, -0.59, 0.44, 0.18, 0.5, 0.0, 1.0], [0.55, 25.0, 0.0, 0.0])
(47635041, [2.0, 0.72, 0.0, 0.56, 0.0, 0.62, 0.0, 2.48, 0.0, 0.0], [-2.82, 0.63, -0.57, 0.44, 0.18, 0.5, 0.0, 1.0], [0.55, 25.0, 0.0, 0.0])
(47735504, [2.0, 0.73, 0.0, 0.56, 0.0, 0.62, 0.0, 2.49, 0.0, 0.0], [-2.82, 0.63, -0.58, 0.44, 0.18, 0.5, 0.0, 1.0], [0.55, 25.0, 0.0, 0.0])
(47835076, [2.0, 0.72, 0.0, 0.57, 0.0, 0.62, 0.0, 2.48, 0.0, 0.0], [-2.81, 0.63, -0.6, 0.44, 0.18, 0.5, 0.0, 1.0], [0.57, 25.0, 0.0, 0.0])
(47935075, [2.0, 0.73, 0.0, 0.57, 0.0, 0.62, 0.0, 2.48, 0.0, 0.0], [-2.81, 0.64, -0.6, 0.44, 0.18, 0.5, 0.0, 1.0], [0.55, 25.0, 0.0, 0.0])
(48034936, [2.0, 0.73, 0.0, 0.56, 0.0, 0.63, 0.0, 2.48, 0.0, 0.0], [-2.8, 0.64, -0.64, 0.44, 0.18, 0.5, 0.0, 1.0], [0.56, 25.0, 0.0, 0.0])
(48134864, [2.0, 0.72, 0.0, 0.56, 0.0, 0.64, 0.0, 2.46, 0.0, 0.0], [-2.82, 0.64, -0.57, 0.44, 0.18, 0.5, 0.0, 1.0], [0.58, 25.0, 0.0, 0.0])
(48235022, [2.0, 0.73, 0.0, 0.56, 0.0, 0.62, 0.0, 2.5, 0.0, 0.0], [-2.83, 0.65, -0.51, 0.44, 0.18, 0.5, 0.0, 1.0], [0.56, 25.0, 0.0, 0.0])
(48334814, [2.0, 0.73, 0.0, 0.56, 0.0, 0.62, 0.0, 2.48, 0.0, 0.0], [-2.82, 0.65, -0.56, 0.44, 0.18, 0.51, 0.0, 1.0], [0.56, 25.0, 0.0, 0.0])
(48435084, [2.0, 0.73, 0.0, 0.56, 0.0, 0.62, 0.0, 2.5, 0.0, 0.0], [-2.81, 0.65, -0.59, 0.44, 0.18, 0.51, 0.0, 1.0], [0.56, 25.0, 0.0, 0.0])
(48535036, [2.0, 0.73, 0.0, 0.56, 0.0, 0.63, 0.0, 2.48, 0.0, 0.0], [-2.81, 0.65, -0.6, 0.44, 0.18, 0.51, 0.0, 1.0], [0.56, 25.0, 0.0, 0.0])
(48635012, [2.0, 0.72, 0.0, 0.56, 0.0, 0.63, 0.0, 2.47, 0.0, 0.0], [-2.82, 0.65, -0.57, 0.44, 0.18, 0.52, 0.0, 1.0], [0.56, 25.0, 0.0, 0.0])
(48734891, [2.0, 0.73, 0.0, 0.56, 0.0, 0.63, 0.0, 2.5, 0.0, 0.0], [-2.82, 0.65, -0.55, 0.44, 0.18, 0.52, 0.0, 1.0], [0.57, 25.0, 0.0, 0.0])
(48835000, [2.0, 0.73, 0.0, 0.56, 0.0, 0.62, 0.0, 2.47, 0.0, 0.0], [-2.82, 0.65, -0.58, 0.44, 0.18, 0.52, 0.0, 1.0], [0.56, 25.0, 0.0, 0.0])
(48934926, [2.0, 0.72, 0.0, 0.56, 0.0, 0.63, 0.0, 2.46, 0.0, 0.0], [-2.82, 0.65, -0.57, 0.44, 0.18, 0.52, 0.0, 1.0], [0.56, 25.0, 0.0, 0.0])
(49034939, [2.0, 0.72, 0.0, 0.56, 0.0, 0.63, 0.0, 2.51, 0.0, 0.0], [-2.82, 0.65, -0.57, 0.44, 0.18, 0.53, 0.0, 1.0], [0.56, 25.0, 0.0, 0.0])
(49135121, [2.0, 0.72, 0.0, 0.57, 0.0, 0.63, 0.0, 2.49, 0.0, 0.0], [-2.82, 0.66, -0.54, 0.44, 0.18, 0.53, 0.0, 1.0], [0.56, 25.0, 0.0, 0.0])
(49234925, [2.0, 0.72, 0.0, 0.56, 0.0, 0.63, 0.0, 2.48, 0.0, 0.0], [-2.83, 0.66, -0.52, 0.44, 0.18, 0.53, 0.0, 1.0], [0.55, 25.0, 0.0, 0.0])
(49335023, [2.0, 0.72, 0.0, 0.56, 0.0, 0.62, 0.0, 2.49, 0.0, 0.0], [-2.83, 0.66, -0.52, 0.44, 0.18, 0.53, 0.0, 1.0], [0.55, 25.0, 0.0, 0.0])
(49434790, [2.0, 0.72, 0.0, 0.56, 0.0, 0.62, 0.0, 2.49, 0.0, 0.0], [-2.83, 0.67, -0.52, 0.44, 0.18, 0.54, 0.0, 1.0], [0.55, 25.0, 0.0, 0.0])
(49534890, [2.0, 0.72, 0.0, 0.56, 0.0, 0.63, 0.0, 2.49, 0.0, 0.0], [-2.83, 0.66, -0.52, 0.44, 0.18, 0.54, 0.0, 1.0], [0.56, 25.0, 0.0, 0.0])
(49635039, [2.0, 0.73, 0.0, 0.56, 0.0, 0.61, 0.0, 2.49, 0.0, 0.0], [-2.82, 0.67, -0.56, 0.44, 0.18, 0.54, 0.0, 1.0], [0.55, 25.0, 0.0, 0.0])
(49735014, [2.0, 0.73, 0.0, 0.57, 0.0, 0.61, 0.0, 2.47, 0.0, 0.0], [-2.81, 0.66, -0.6, 0.43, 0.18, 0.54, 0.0, 1.0], [0.56, 25.0, 0.0, 0.0])
(49835445, [2.0, 0.72, 0.0, 0.56, 0.0, 0.63, 0.0, 2.48, 0.0, 0.0], [-2.81, 0.67, -0.6, 0.43, 0.18, 0.54, 0.0, 1.0], [0.57, 25.0, 0.0, 0.0])
(49935745, [2.0, 0.72, 0.0, 0.56, 0.0, 0.62, 0.0, 2.49, 0.0, 0.0], [-2.82, 0.67, -0.56, 0.43, 0.18, 0.54, 0.0, 1.0], [0.56, 25.0, 0.0, 0.0])
(50034896, [2.0, 0.72, 0.0, 0.56, 0.0, 0.62, 0.0, 2.48, 0.0, 0.0], [-2.82, 0.67, -0.56, 0.43, 0.18, 0.54, 0.0, 1.0], [0.54, 25.0, 0.0, 0.0])
(50134879, [2.0, 0.72, 0.0, 0.56, 0.0, 0.62, 0.0, 2.47, 0.0, 0.0], [-2.82, 0.67, -0.56, 0.42, 0.18, 0.54, 0.0, 1.0], [0.54, 25.0, 0.0, 0.0])
(50234947, [2.0, 0.73, 0.0, 0.56, 0.0, 0.62, 0.0, 2.49, 0.0, 0.0], [-2.82, 0.67, -0.56, 0.42, 0.18, 0.55, 0.0, 1.0], [0.2, 25.0, 0.0, 0.0])
(50335553, [2.0, 0.73, 0.0, 0.56, 0.0, 0.62, 0.0, 2.49, 0.0, 0.0], [-2.81, 0.67, -0.61, 0.42, 0.18, 0.55, 0.0, 1.0], [0.53, 25.0, 0.0, 0.0])
(50434912, [2.0, 0.73, 0.0, 0.56, 0.0, 0.62, 0.0, 2.49, 0.0, 0.0], [-2.81, 0.67, -0.62, 0.42, 0.18, 0.55, 0.0, 1.0], [0.53, 25.0, 0.0, 0.0])
(50535954, [2.0, 0.73, 0.0, 0.57, 0.0, 0.63, 0.0, 2.5, 0.0, 0.0], [-2.81, 0.67, -0.6, 0.42, 0.18, 0.55, 0.0, 1.0], [0.54, 25.0, 0.0, 0.0])
(50634933, [2.0, 0.72, 0.0, 0.56, 0.0, 0.62, 0.0, 2.5, 0.0, 0.0], [-2.82, 0.67, -0.58, 0.43, 0.18, 0.55, 0.0, 1.0], [0.53, 25.0, 0.0, 0.0])
(50735942, [2.0, 0.72, 0.0, 0.57, 0.0, 0.62, 0.0, 2.48, 0.0, 0.0], [-2.82, 0.67, -0.57, 0.43, 0.18, 0.55, 0.0, 1.0], [0.53, 25.0, 0.0, 0.0])
(50835003, [2.0, 0.73, 0.0, 0.56, 0.0, 0.62, 0.0, 2.49, 0.0, 0.0], [-2.81, 0.67, -0.59, 0.43, 0.18, 0.56, 0.0, 1.0], [0.54, 25.0, 0.0, 0.0])
(50936095, [2.0, 0.72, 0.0, 0.56, 0.0, 0.63, 0.0, 2.47, 0.0, 0.0], [-2.82, 0.67, -0.55, 0.43, 0.18, 0.56, 0.0, 1.0], [0.53, 25.0, 0.0, 0.0])
(51034987, [2.0, 0.73, 0.0, 0.56, 0.0, 0.63, 0.0, 2.48, 0.0, 0.0], [-2.82, 0.67, -0.54, 0.43, 0.18, 0.56, 0.0, 1.0], [0.53, 25.0, 0.0, 0.0])
(51134879, [2.0, 0.73, 0.0, 0.56, 0.0, 0.62, 0.0, 2.5, 0.0, 0.0], [-2.82, 0.67, -0.58, 0.43, 0.18, 0.56, 0.0, 1.0], [0.53, 25.0, 0.0, 0.0])
(51235816, [2.0, 0.72, 0.0, 0.56, 0.0, 0.62, 0.0, 2.48, 0.0, 0.0], [-2.82, 0.67, -0.58, 0.43, 0.18, 0.57, 0.0, 1.0], [0.53, 25.0, 0.0, 0.0])
(51335126, [2.0, 0.72, 0.0, 0.56, 0.0, 0.63, 0.0, 2.49, 0.0, 0.0], [-2.82, 0.67, -0.54, 0.43, 0.18, 0.57, 0.0, 1.0], [0.53, 25.0, 0.0, 0.0])
(51434832, [2.0, 0.72, 0.0, 0.56, 0.0, 0.63, 0.0, 2.47, 0.0, 0.0], [-2.83, 0.67, -0.52, 0.42, 0.18, 0.57, 0.0, 1.0], [0.53, 25.0, 0.0, 0.0])
(51534968, [2.0, 0.73, 0.0, 0.57, 0.0, 0.62, 0.0, 2.49, 0.0, 0.0], [-2.82, 0.67, -0.57, 0.42, 0.18, 0.57, 0.0, 1.0], [0.53, 25.0, 0.0, 0.0])
(51635001, [2.0, 0.72, 0.0, 0.56, 0.0, 0.62, 0.0, 2.48, 0.0, 0.0], [-2.82, 0.68, -0.58, 0.42, 0.18, 0.57, 0.0, 1.0], [0.53, 25.0, 0.0, 0.0])
(51734866, [2.0, 0.72, 0.0, 0.56, 0.0, 0.62, 0.0, 2.48, 0.0, 0.0], [-2.82, 0.67, -0.57, 0.42, 0.18, 0.58, 0.0, 1.0], [0.53, 25.0, 0.0, 0.0])
(51835518, [2.0, 0.72, 0.0, 0.56, 0.0, 0.62, 0.0, 2.47, 0.0, 0.0], [-2.81, 0.67, -0.59, 0.43, 0.18, 0.58, 0.0, 1.0], [0.54, 25.0, 0.0, 0.0])
(51934886, [2.0, 0.72, 0.0, 0.56, 0.0, 0.63, 0.0, 2.48, 0.0, 0.0], [-2.82, 0.67, -0.57, 0.43, 0.18, 0.58, 0.0, 1.0], [0.55, 25.0, 0.0, 0.0])
(52035538, [2.0, 0.72, 0.0, 0.56, 0.0, 0.62, 0.0, 2.5, 0.0, 0.0], [-2.82, 0.67, -0.55, 0.43, 0.18, 0.58, 0.0, 1.0], [0.55, 25.0, 0.0, 0.0])
(52135233, [2.0, 0.72, 0.0, 0.57, 0.0, 0.62, 0.0, 2.5, 0.0, 0.0], [-2.82, 0.67, -0.56, 0.43, 0.18, 0.58, 0.0, 1.0], [0.56, 25.0, 0.0, 0.0])
(52234975, [2.0, 0.72, 0.0, 0.56, 0.0, 0.62, 0.0, 2.5, 0.0, 0.0], [-2.81, 0.67, -0.59, 0.43, 0.18, 0.58, 0.0, 1.0], [0.55, 25.0, 0.0, 0.0])
(52335004, [2.0, 0.73, 0.0, 0.56, 0.0, 0.62, 0.0, 2.5, 0.0, 0.0], [-2.81, 0.67, -0.59, 0.44, 0.18, 0.59, 0.0, 1.0], [0.55, 25.0, 0.0, 0.0])
(52435931, [2.0, 0.73, 0.0, 0.56, 0.0, 0.62, 0.0, 2.49, 0.0, 0.0], [-2.81, 0.67, -0.58, 0.44, 0.18, 0.59, 0.0, 1.0], [0.55, 25.0, 0.0, 0.0])
(52534992, [2.0, 0.73, 0.0, 0.56, 0.0, 0.61, 0.0, 2.49, 0.0, 0.0], [-2.81, 0.68, -0.59, 0.44, 0.18, 0.59, 0.0, 1.0], [0.55, 25.0, 0.0, 0.0])
(52635010, [2.0, 0.73, 0.0, 0.56, 0.0, 0.62, 0.0, 2.49, 0.0, 0.0], [-2.81, 0.68, -0.62, 0.44, 0.18, 0.59, 0.0, 1.0], [0.55, 25.0, 0.0, 0.0])
(52734917, [2.0, 0.72, 0.0, 0.56, 0.0, 0.62, 0.0, 2.49, 0.0, 0.0], [-2.81, 0.68, -0.61, 0.43, 0.18, 0.6, 0.0, 1.0], [0.56, 25.0, 0.0, 0.0])
(52835103, [2.0, 0.72, 0.0, 0.57, 0.0, 0.62, 0.0, 2.5, 0.0, 0.0], [-2.81, 0.68, -0.61, 0.43, 0.18, 0.6, 0.0, 1.0], [0.57, 25.0, 0.0, 0.0])
(52934903, [2.0, 0.72, 0.0, 0.56, 0.0, 0.62, 0.0, 2.48, 0.0, 0.0], [-2.81, 0.68, -0.59, 0.43, 0.18, 0.6, 0.0, 1.0], [0.57, 25.0, 0.0, 0.0])
(53034949, [2.0, 0.73, 0.0, 0.56, 0.0, 0.62, 0.0, 2.49, 0.0, 0.0], [-2.82, 0.68, -0.58, 0.43, 0.18, 0.61, 0.0, 1.0], [0.57, 25.0, 0.0, 0.0])
(53134786, [2.0, 0.72, 0.0, 0.56, 0.0, 0.63, 0.0, 2.49, 0.0, 0.0], [-2.82, 0.69, -0.57, 0.43, 0.18, 0.61, 0.0, 1.0], [0.57, 25.0, 0.0, 0.0])
(53235472, [2.0, 0.72, 0.0, 0.56, 0.0, 0.62, 0.0, 2.48, 0.0, 0.0], [-2.82, 0.69, -0.58, 0.43, 0.18, 0.61, 0.0, 1.0], [0.58, 25.0, 0.0, 0.0])
(53334917, [2.0, 0.72, 0.0, 0.56, 0.0, 0.62, 0.0, 2.49, 0.0, 0.0], [-2.82, 0.69, -0.57, 0.43, 0.18, 0.61, 0.0, 1.0], [0.58, 25.0, 0.0, 0.0])
(53434913, [2.0, 0.72, 0.0, 0.56, 0.0, 0.62, 0.0, 2.48, 0.0, 0.0], [-2.82, 0.69, -0.56, 0.43, 0.18, 0.61, 0.0, 1.0], [0.58, 25.0, 0.0, 0.0])
(53534785, [2.0, 0.73, 0.0, 0.56, 0.0, 0.62, 0.0, 2.5, 0.0, 0.0], [-2.82, 0.69, -0.58, 0.43, 0.18, 0.62, 0.0, 1.0], [0.58, 25.0, 0.0, 0.0])
(53635062, [2.0, 0.72, 0.0, 0.56, 0.0, 0.62, 0.0, 2.48, 0.0, 0.0], [-2.82, 0.69, -0.57, 0.43, 0.18, 0.62, 0.0, 1.0], [0.59, 25.0, 0.0, 0.0])
(53734967, [2.0, 0.72, 0.0, 0.56, 0.0, 0.62, 0.0, 2.48, 0.0, 0.0], [-2.82, 0.69, -0.57, 0.43, 0.18, 0.63, 0.0, 1.0], [0.59, 25.0, 0.0, 0.0])
(53835447, [2.0, 0.73, 0.0, 0.56, 0.0, 0.62, 0.0, 2.49, 0.0, 0.0], [-2.81, 0.69, -0.59, 0.43, 0.18, 0.63, 0.0, 1.0], [0.6, 25.0, 0.0, 0.0])
(53935003, [2.0, 0.72, 0.0, 0.56, 0.0, 0.62, 0.0, 2.5, 0.0, 0.0], [-2.81, 0.69, -0.59, 0.43, 0.18, 0.63, 0.0, 1.0], [0.59, 25.0, 0.0, 0.0])
(54034944, [2.0, 0.72, 0.0, 0.56, 0.0, 0.63, 0.0, 2.49, 0.0, 0.0], [-2.82, 0.69, -0.57, 0.42, 0.18, 0.64, 0.0, 1.0], [0.6, 25.0, 0.0, 0.0])
(54135012, [2.0, 0.73, 0.0, 0.56, 0.0, 0.62, 0.0, 2.49, 0.0, 0.0], [-2.82, 0.69, -0.55, 0.42, 0.18, 0.64, 0.0, 1.0], [0.59, 25.0, 0.0, 0.0])
(54234979, [2.0, 0.73, 0.0, 0.56, 0.0, 0.62, 0.0, 2.48, 0.0, 0.0], [-2.82, 0.69, -0.57, 0.42, 0.18, 0.64, 0.0, 1.0], [0.59, 25.0, 0.0, 0.0])
(54335097, [2.0, 0.72, 0.0, 0.56, 0.0, 0.62, 0.0, 2.48, 0.0, 0.0], [-2.82, 0.69, -0.57, 0.42, 0.18, 0.65, 0.0, 1.0], [0.59, 25.0, 0.0, 0.0])
(54434983, [2.0, 0.73, 0.0, 0.56, 0.0, 0.62, 0.0, 2.5, 0.0, 0.0], [-2.81, 0.69, -0.6, 0.42, 0.18, 0.65, 0.0, 1.0], [0.58, 25.0, 0.0, 0.0])
(54534898, [2.0, 0.73, 0.0, 0.56, 0.0, 0.62, 0.0, 2.48, 0.0, 0.0], [-2.81, 0.69, -0.59, 0.42, 0.18, 0.65, 0.0, 1.0], [0.59, 25.0, 0.0, 0.0])
(54634889, [2.0, 0.72, 0.0, 0.56, 0.0, 0.62, 0.0, 2.5, 0.0, 0.0], [-2.81, 0.69, -0.59, 0.43, 0.18, 0.65, 0.0, 1.0], [0.57, 25.0, 0.0, 0.0])
(54735536, [2.0, 0.72, 0.0, 0.56, 0.0, 0.61, 0.0, 2.49, 0.0, 0.0], [-2.82, 0.69, -0.58, 0.43, 0.18, 0.66, 0.0, 1.0], [0.57, 25.0, 0.0, 0.0])
(54834882, [2.0, 0.72, 0.0, 0.56, 0.0, 0.63, 0.0, 2.48, 0.0, 0.0], [-2.81, 0.69, -0.59, 0.43, 0.18, 0.66, 0.0, 1.0], [0.57, 25.0, 0.0, 0.0])
(54934967, [2.0, 0.73, 0.0, 0.56, 0.0, 0.62, 0.0, 2.47, 0.0, 0.0], [-2.82, 0.69, -0.57, 0.43, 0.18, 0.67, 0.0, 1.0], [0.58, 25.0, 0.0, 0.0])
(58935034, [2.0, 0.73, 0.0, 0.56, 0.0, 0.61, 0.0, 2.49, 0.0, 0.0], [0.0, 0.66, 0.0, 0.44, 0.83, 0.83, 0.0, 1.0], [0.2, 25.0, 0.0, 0.0])
(59034908, [2.0, 0.73, 0.0, 0.56, 0.0, 0.62, 0.0, 2.48, 0.0, 0.0], [0.0, 0.66, 0.0, 0.44, 0.82, 0.83, 0.0, 1.0], [0.2, 25.0, 0.0, 0.0])
(59135058, [2.0, 0.72, 0.0, 0.57, 0.0, 0.62, 0.0, 2.49, 0.0, 0.0], [0.0, 0.67, 0.0, 0.44, 0.83, 0.84, 0.0, 1.0], [0.2, 25.0, 0.0, 0.0])
(59234944, [2.0, 0.73, 0.0, 0.57, 0.0, 0.61, 0.0, 2.49, 0.0, 0.0], [0.0, 0.67, 0.0, 0.44, 0.83, 0.83, 0.0, 1.0], [0.2, 25.0, 0.0, 0.0])
(59334880, [2.0, 0.72, 0.0, 0.56, 0.0, 0.63, 0.0, 2.49, 0.0, 0.0], [0.0, 0.67, 0.0, 0.44, 0.82, 0.83, 0.0, 1.0], [0.2, 25.0, 0.0, 0.0])
(59434861, [2.0, 0.73, 0.0, 0.56, 0.0, 0.62, 0.0, 2.49, 0.0, 0.0], [0.0, 0.66, 0.0, 0.44, 0.82, 0.83, 0.0, 1.0], [0.2, 25.0, 0.0, 0.0])
(59535011, [2.0, 0.72, 0.0, 0.56, 0.0, 0.62, 0.0, 2.49, 0.0, 0.0], [0.0, 0.66, 0.0, 0.43, 0.82, 0.83, 0.0, 1.0], [0.2, 25.0, 0.0, 0.0])
(59634756, [2.0, 0.73, 0.0, 0.56, 0.0, 0.63, 0.0, 2.49, 0.0, 0.0], [0.0, 0.66, 0.0, 0.43, 0.82, 0.83, 0.0, 1.0], [0.2, 25.0, 0.0, 0.0])
(59735080, [2.0, 0.72, 0.0, 0.57, 0.0, 0.62, 0.0, 2.48, 0.0, 0.0], [0.0, 0.66, 0.0, 0.44, 0.81, 0.82, 0.0, 1.0], [0.2, 25.0, 0.0, 0.0])
(59874209, [2.0, 0.73, 0.0, 0.56, 0.0, 0.62, 0.0, 2.51, 0.0, 0.0], [0.0, 0.66, 0.0, 0.43, 0.81, 0.82, 0.0, 1.0], [0.2, 25.0, 0.0, 0.0])
(59973742, [2.0, 0.73, 0.0, 0.56, 0.0, 0.62, 0.0, 2.48, 0.0, 0.0], [0.0, 0.66, 0.0, 0.43, 0.81, 0.82, 0.0, 1.0], [0.2, 25.0, 0.0, 0.0])
(60073899, [2.0, 0.72, 0.0, 0.56, 0.0, 0.62, 0.0, 2.49, 0.0, 0.0], [0.0, 0.66, 0.0, 0.43, 0.81, 0.82, 0.0, 1.0], [0.2, 25.0, 0.0, 0.0])
(60173893, [2.0, 0.72, 0.0, 0.57, 0.0, 0.62, 0.0, 2.5, 0.0, 0.0], [0.0, 0.66, 0.0, 0.44, 0.81, 0.82, 0.0, 1.0], [0.2, 25.0, 0.0, 0.0])
(60273771, [2.0, 0.72, 0.0, 0.56, 0.0, 0.62, 0.0, 2.49, 0.0, 0.0], [0.0, 0.66, 0.0, 0.43, 0.8, 0.81, 0.0, 1.0], [0.2, 25.0, 0.0, 0.0])
(60373882, [2.0, 0.72, 0.0, 0.56, 0.0, 0.62, 0.0, 2.49, 0.0, 0.0], [0.0, 0.67, 0.0, 0.43, 0.8, 0.81, 0.0, 1.0], [0.2, 25.0, 0.0, 0.0])
(60473929, [2.0, 0.72, 0.0, 0.57, 0.0, 0.62, 0.0, 2.49, 0.0, 0.0], [0.0, 0.67, 0.0, 0.43, 0.8, 0.81, 0.0, 1.0], [0.2, 25.0, 0.0, 0.0])
(60573941, [2.0, 0.73, 0.0, 0.57, 0.0, 0.62, 0.0, 2.49, 0.0, 0.0], [0.0, 0.67, 0.0, 0.43, 0.8, 0.81, 0.0, 1.0], [0.2, 25.0, 0.0, 0.0])
(60675669, [2.0, 0.73, 0.0, 0.56, 0.0, 0.62, 0.0, 2.48, 0.0, 0.0], [0.0, 0.67, 0.0, 0.43, 0.8, 0.81, 0.0, 1.0], [0.2, 25.0, 0.0, 0.0])
(60774533, [2.0, 0.72, 0.0, 0.56, 0.0, 0.62, 0.0, 2.49, 0.0, 0.0], [0.0, 0.67, 0.0, 0.43, 0.8, 0.81, 0.0, 1.0], [0.2, 25.0, 0.0, 0.0])
(60874529, [2.0, 0.73, 0.0, 0.56, 0.0, 0.62, 0.0, 2.48, 0.0, 0.0], [0.0, 0.67, 0.0, 0.43, 0.8, 0.81, 0.0, 1.0], [0.2, 25.0, 0.0, 0.0])
(60974554, [2.0, 0.73, 0.0, 0.56, 0.0, 0.62, 0.0, 2.49, 0.0, 0.0], [0.0, 0.67, 0.0, 0.43, 0.8, 0.81, 0.0, 1.0], [0.2, 25.0, 0.0, 0.0])
(61074478, [2.0, 0.72, 0.0, 0.56, 0.0, 0.62, 0.0, 2.49, 0.0, 0.0], [0.0, 0.67, 0.0, 0.42, 0.8, 0.81, 0.0, 1.0], [0.2, 25.0, 0.0, 0.0])
(61174562, [2.0, 0.72, 0.0, 0.56, 0.0, 0.63, 0.0, 2.49, 0.0, 0.0], [0.0, 0.67, 0.0, 0.42, 0.8, 0.81, 0.0, 1.0], [0.2, 25.0, 0.0, 0.0])
(61274335, [2.0, 0.72, 0.0, 0.56, 0.0, 0.62, 0.0, 2.5, 0.0, 0.0], [0.0, 0.67, 0.0, 0.42, 0.8, 0.81, 0.0, 1.0], [0.2, 25.0, 0.0, 0.0])
(61374690, [2.0, 0.73, 0.0, 0.56, 0.0, 0.62, 0.0, 2.5, 0.0, 0.0], [0.0, 0.68, 0.0, 0.42, 0.8, 0.81, 0.0, 1.0], [0.2, 25.0, 0.0, 0.0])
(61474416, [2.0, 0.72, 0.0, 0.56, 0.0, 0.62, 0.0, 2.48, 0.0, 0.0], [0.0, 0.68, 0.0, 0.42, 0.79, 0.8, 0.0, 1.0], [0.2, 25.0, 0.0, 0.0])
(61574508, [2.0, 0.72, 0.0, 0.56, 0.0, 0.62, 0.0, 2.5, 0.0, 0.0], [0.0, 0.68, 0.0, 0.42, 0.79, 0.8, 0.0, 1.0], [0.2, 25.0, 0.0, 0.0])
(61674364, [2.0, 0.73, 0.0, 0.56, 0.0, 0.62, 0.0, 2.48, 0.0, 0.0], [0.0, 0.68, 0.0, 0.42, 0.79, 0.8, 0.0, 1.0], [0.2, 25.0, 0.0, 0.0])
(61774685, [2.0, 0.73, 0.0, 0.57, 0.0, 0.62, 0.0, 2.48, 0.0, 0.0], [0.0, 0.69, 0.0, 0.41, 0.79, 0.8, 0.0, 1.0], [0.2, 25.0, 0.0, 0.0])
(61874444, [2.0, 0.73, 0.0, 0.56, 0.0, 0.62, 0.0, 2.49, 0.0, 0.0], [0.0, 0.68, 0.0, 0.41, 0.79, 0.8, 0.0, 1.0], [0.2, 25.0, 0.0, 0.0])
(61974547, [2.0, 0.72, 0.0, 0.57, 0.0, 0.62, 0.0, 2.49, 0.0, 0.0], [0.0, 0.68, 0.0, 0.41, 0.79, 0.8, 0.0, 1.0], [0.57, 25.0, 0.0, 0.0])
(62074461, [2.0, 0.73, 0.0, 0.56, 0.0, 0.63, 0.0, 2.5, 0.0, 0.0], [0.0, 0.68, 0.0, 0.41, 0.78, 0.79, 0.0, 1.0], [0.57, 25.0, 0.0, 0.0])
(62174503, [2.0, 0.73, 0.0, 0.56, 0.0, 0.63, 0.0, 2.49, 0.0, 0.0], [0.0, 0.69, 0.0, 0.41, 0.78, 0.79, 0.0, 1.0], [0.59, 25.0, 0.0, 0.0])
(62274461, [2.0, 0.72, 0.0, 0.56, 0.0, 0.63, 0.0, 2.5, 0.0, 0.0], [0.0, 0.68, 0.0, 0.4, 0.78, 0.79, 0.0, 1.0], [0.59, 25.0, 0.0, 0.0])
(62374600, [2.0, 0.72, 0.0, 0.56, 0.0, 0.62, 0.0, 2.48, 0.0, 0.0], [0.0, 0.68, 0.0, 0.4, 0.78, 0.79, 0.0, 1.0], [0.58, 25.0, 0.0, 0.0])
(62474487, [2.0, 0.72, 0.0, 0.56, 0.0, 0.62, 0.0, 2.49, 0.0, 0.0], [0.0, 0.68, 0.0, 0.4, 0.78, 0.79, 0.0, 1.0], [0.57, 25.0, 0.0, 0.0])
(62574455, [2.0, 0.73, 0.0, 0.56, 0.0, 0.62, 0.0, 2.49, 0.0, 0.0], [0.0, 0.68, 0.0, 0.4, 0.78, 0.79, 0.0, 1.0], [0.57, 25.0, 0.0, 0.0])
(62674510, [2.0, 0.72, 0.0, 0.57, 0.0, 0.63, 0.0, 2.49, 0.0, 0.0], [0.0, 0.68, 0.0, 0.4, 0.78, 0.79, 0.0, 1.0], [0.56, 25.0, 0.0, 0.0])
(62774965, [2.0, 0.73, 0.0, 0.56, 0.0, 0.62, 0.0, 2.49, 0.0, 0.0], [0.0, 0.68, 0.0, 0.4, 0.78, 0.79, 0.0, 1.0], [0.55, 25.0, 0.0, 0.0])
(62875348, [2.0, 0.73, 0.0, 0.56, 0.0, 0.62, 0.0, 2.49, 0.0, 0.0], [0.0, 0.69, 0.0, 0.4, 0.78, 0.79, 0.0, 1.0], [0.56, 25.0, 0.0, 0.0])
(62975862, [2.0, 0.73, 0.0, 0.56, 0.0, 0.63, 0.0, 2.47, 0.0, 0.0], [0.0, 0.68, 0.0, 0.4, 0.78, 0.79, 0.0, 1.0], [0.55, 25.0, 0.0, 0.0])
(63076161, [2.0, 0.72, 0.0, 0.56, 0.0, 0.62, 0.0, 2.5, 0.0, 0.0], [0.0, 0.68, 0.0, 0.4, 0.78, 0.78, 0.0, 1.0], [0.55, 25.0, 0.0, 0.0])
(63175837, [2.0, 0.72, 0.0, 0.56, 0.0, 0.62, 0.0, 2.48, 0.0, 0.0], [0.0, 0.68, 0.0, 0.39, 0.77, 0.78, 0.0, 1.0], [0.55, 25.0, 0.0, 0.0])
(63275877, [2.0, 0.72, 0.0, 0.56, 0.0, 0.62, 0.0, 2.49, 0.0, 0.0], [0.0, 0.68, 0.0, 0.4, 0.77, 0.78, 0.0, 1.0], [0.55, 25.0, 0.0, 0.0])
(63376059, [2.0, 0.72, 0.0, 0.56, 0.0, 0.63, 0.0, 2.5, 0.0, 0.0], [0.0, 0.68, 0.0, 0.39, 0.77, 0.78, 0.0, 1.0], [0.55, 25.0, 0.0, 0.0])
(63476239, [2.0, 0.73, 0.0, 0.56, 0.0, 0.62, 0.0, 2.5, 0.0, 0.0], [0.0, 0.68, 0.0, 0.39, 0.77, 0.78, 0.0, 1.0], [0.55, 25.0, 0.0, 0.0])
(63576008, [2.0, 0.73, 0.0, 0.57, 0.0, 0.62, 0.0, 2.49, 0.0, 0.0], [0.0, 0.68, 0.0, 0.39, 0.76, 0.77, 0.0, 1.0], [0.54, 25.0, 0.0, 0.0])
(63676127, [2.0, 0.72, 0.0, 0.56, 0.0, 0.62, 0.0, 2.49, 0.0, 0.0], [0.0, 0.68, 0.0, 0.39, 0.77, 0.77, 0.0, 1.0], [0.54, 25.0, 0.0, 0.0])
(63776108, [2.0, 0.73, 0.0, 0.56, 0.0, 0.63, 0.0, 2.49, 0.0, 0.0], [0.0, 0.69, 0.0, 0.4, 0.77, 0.78, 0.0, 1.0], [0.54, 25.0, 0.0, 0.0])
(63876224, [2.0, 0.72, 0.0, 0.56, 0.0, 0.62, 0.0, 2.48, 0.0, 0.0], [0.0, 0.69, 0.0, 0.4, 0.77, 0.78, 0.0, 1.0], [0.54, 25.0, 0.0, 0.0])
(63976091, [2.0, 0.72, 0.0, 0.56, 0.0, 0.63, 0.0, 2.48, 0.0, 0.0], [0.0, 0.68, 0.0, 0.4, 0.77, 0.78, 0.0, 1.0], [0.53, 25.0, 0.0, 0.0])
(64076121, [2.0, 0.73, 0.0, 0.56, 0.0, 0.62, 0.0, 2.49, 0.0, 0.0], [0.0, 0.68, 0.0, 0.39, 0.77, 0.77, 0.0, 1.0], [0.54, 25.0, 0.0, 0.0])
(64176109, [2.0, 0.73, 0.0, 0.56, 0.0, 0.63, 0.0, 2.49, 0.0, 0.0], [0.0, 0.68, 0.0, 0.39, 0.77, 0.77, 0.0, 1.0], [0.53, 25.0, 0.0, 0.0])
(64276187, [2.0, 0.72, 0.0, 0.56, 0.0, 0.62, 0.0, 2.5, 0.0, 0.0], [0.0, 0.68, 0.0, 0.39, 0.77, 0.77, 0.0, 1.0], [0.53, 25.0, 0.0, 0.0])
(64377648, [2.0, 0.73, 0.0, 0.56, 0.0, 0.62, 0.0, 2.5, 0.0, 0.0], [0.0, 0.69, 0.0, 0.39, 0.77, 0.77, 0.0, 1.0], [0.53, 25.0, 0.0, 0.0])
(64477706, [2.0, 0.72, 0.0, 0.56, 0.0, 0.62, 0.0, 2.48, 0.0, 0.0], [-1.0, 0.69, -0.23, 0.39, 0.77, 0.76, 0.0, 1.0], [0.54, 25.0, 0.0, 0.0])
(64577646, [2.0, 0.72, 0.0, 0.56, 0.0, 0.62, 0.0, 2.48, 0.0, 0.0], [-1.92, 0.69, -0.4, 0.39, 0.77, 0.76, 0.0, 1.0], [0.54, 25.0, 0.0, 0.0])
(64677594, [2.0, 0.72, 0.0, 0.57, 0.0, 0.62, 0.0, 2.49, 0.0, 0.0], [-2.37, 0.69, -0.5, 0.39, 0.77, 0.76, 0.0, 1.0], [0.53, 25.0, 0.0, 0.0])
(64777677, [2.0, 0.73, 0.0, 0.56, 0.0, 0.62, 0.0, 2.49, 0.0, 0.0], [-2.59, 0.69, -0.55, 0.39, 0.77, 0.75, 0.0, 1.0], [0.52, 25.0, 0.0, 0.0])
(64877606, [2.0, 0.73, 0.0, 0.56, 0.0, 0.62, 0.0, 2.48, 0.0, 0.0], [-2.71, 0.69, -0.57, 0.39, 0.77, 0.75, 0.0, 1.0], [0.52, 25.0, 0.0, 0.0])
(64977848, [2.0, 0.72, 0.0, 0.56, 0.0, 0.62, 0.0, 2.49, 0.0, 0.0], [-2.76, 0.69, -0.57, 0.39, 0.77, 0.75, 0.0, 1.0], [0.52, 25.0, 0.0, 0.0])
(65078014, [2.0, 0.72, 0.0, 0.56, 0.0, 0.63, 0.0, 2.5, 0.0, 0.0], [-2.78, 0.69, -0.6, 0.39, 0.77, 0.75, 0.0, 1.0], [0.51, 25.0, 0.0, 0.0])
(65178139, [2.0, 0.72, 0.0, 0.56, 0.0, 0.62, 0.0, 2.49, 0.0, 0.0], [-2.8, 0.69, -0.57, 0.39, 0.77, 0.75, 0.0, 1.0], [0.52, 25.0, 0.0, 0.0])
(65278338, [2.0, 0.72, 0.0, 0.56, 0.0, 0.62, 0.0, 2.48, 0.0, 0.0], [-2.81, 0.69, -0.57, 0.39, 0.77, 0.74, 0.0, 1.0], [0.52, 25.0, 0.0, 0.0])
(65378291, [2.0, 0.73, 0.0, 0.56, 0.0, 0.62, 0.0, 2.49, 0.0, 0.0], [-2.82, 0.69, -0.56, 0.39, 0.77, 0.74, 0.0, 1.0], [0.52, 25.0, 0.0, 0.0])
